x	y	z	t
0.534735	449.865	73.4193	0.0517372
0.535013	449.179	73.3131	0.102872
0.535809	448.496	73.2068	0.153723
0.536612	447.763	73.0918	0.208478
0.537981	447.016	72.9745	0.264647
0.539067	446.292	72.8604	0.319174
0.539747	445.602	72.7518	0.371029
0.540158	444.917	72.6441	0.422748
0.540617	444.215	72.5334	0.475446
0.540645	443.5	72.4209	0.529236
0.540111	442.807	72.3118	0.581797
0.539701	442.07	72.1954	0.637321
0.539312	441.354	72.082	0.691078
0.539385	440.655	71.9702	0.74372
0.539429	439.979	71.8622	0.795096
0.539132	439.27	71.7495	0.848745
0.539421	438.571	71.6394	0.90185
0.54193	437.903	71.5355	0.952908
0.548497	437.242	71.4353	1.00351
0.556481	436.548	71.3303	1.05633
0.567164	435.822	71.2202	1.11127
0.581842	435.167	71.1211	1.16133
0.602135	434.451	71.0131	1.21583
0.621403	433.753	70.9081	1.26889
0.647635	433.044	70.8026	1.32273
0.669971	432.388	70.7064	1.37286
0.68512	431.703	70.6083	1.42527
0.712677	430.978	70.5036	1.48103
0.734272	430.323	70.4122	1.53128
0.755742	429.665	70.3215	1.58184
0.771748	428.983	70.2296	1.63401
0.798798	428.275	70.1289	1.68796
0.825284	427.613	70.0313	1.73855
0.862528	426.943	69.9279	1.78921
0.897098	426.197	69.8089	1.84552
0.923592	425.521	69.6982	1.89616
0.961126	424.786	69.5746	1.95123
0.984738	424.043	69.4418	2.00646
1.01417	423.293	69.3062	2.06246
1.03024	422.597	69.1733	2.1141
1.04338	421.913	69.0455	2.165
1.05295	421.188	68.9127	2.21888
1.04837	420.455	68.7826	2.27347
1.0336	419.74	68.6605	2.32684
0.993685	419.014	68.5439	2.38132
0.964247	418.261	68.4266	2.43816
0.901296	417.527	68.3152	2.49393
0.847196	416.847	68.2179	2.54616
0.774757	416.166	68.1233	2.59875
0.663649	415.493	68.0362	2.65151
0.576908	414.825	67.9597	2.70392
0.47439	414.183	67.8853	2.75465
0.353329	413.534	67.807	2.80618
0.241612	412.848	67.7171	2.86023
0.0939712	412.221	67.6279	2.91065
-0.0252088	411.553	67.5233	2.96356
-0.122471	410.864	67.4033	3.01735
-0.243846	410.173	67.2754	3.07083
-0.329248	409.507	67.1437	3.12192
-0.40956	408.807	66.993	3.1749
-0.488238	408.114	66.8446	3.22733
-0.554018	407.413	66.6936	3.2801
-0.614565	406.678	66.5318	3.33529
-0.647584	405.991	66.3951	3.38654
-0.664682	405.279	66.2658	3.43975
-0.658983	404.603	66.1535	3.49076
-0.633996	403.899	66.0503	3.54408
-0.598279	403.194	65.9646	3.59773
-0.524233	402.484	65.8829	3.65226
-0.448718	401.828	65.8153	3.70388
-0.372319	401.173	65.7572	3.75614
-0.282399	400.501	65.6886	3.80975
-0.178845	399.894	65.6274	3.85983
-0.0309653	399.281	65.5586	3.91149
0.0765528	398.641	65.4735	3.96426
0.172726	398.023	65.3774	4.01599
0.291008	397.389	65.2627	4.06834
0.449304	396.751	65.1375	4.12238
0.558002	396.113	65.0065	4.17394
0.657632	395.455	64.8575	4.22531
0.751291	394.778	64.7114	4.27691
0.830651	394.084	64.5646	4.32974
0.916781	393.373	64.4195	4.38339
0.962688	392.635	64.2739	4.43842
0.986425	391.926	64.1473	4.49147
0.985905	391.256	64.0349	4.54213
0.968867	390.57	63.9294	4.594
0.936859	389.832	63.8271	4.64971
0.865659	389.149	63.74	4.70184
0.788483	388.44	63.6647	4.75632
0.691673	387.723	63.5879	4.81167
0.55823	386.991	63.5212	4.86892
0.398438	386.325	63.4579	4.92241
0.288483	385.633	63.3955	4.97771
0.121432	384.98	63.3201	5.03159
-0.00123245	384.355	63.2381	5.08321
-0.0943225	383.707	63.1365	5.13621
-0.207362	383.105	63.0254	5.18626
-0.322975	382.443	62.8896	5.23951
-0.478972	381.8	62.7454	5.29193
-0.577483	381.152	62.5936	5.34294
-0.648011	380.475	62.429	5.39502
-0.728333	379.786	62.2795	5.44807
-0.784459	379.094	62.139	5.50077
-0.830559	378.412	62.0119	5.55279
-0.843952	377.724	61.8961	5.60509
-0.836312	377.061	61.7976	5.6557
-0.806724	376.347	61.7067	5.71048
-0.742029	375.632	61.6366	5.76557
-0.667686	374.94	61.568	5.81881
-0.561058	374.262	61.5051	5.87189
-0.482621	373.56	61.4468	5.92775
-0.348819	372.89	61.381	5.98198
-0.247322	372.275	61.3176	6.03263
-0.171633	371.578	61.238	6.08849
-0.0576908	370.981	61.1537	6.13915
0.0638624	370.342	61.0444	6.1921
0.210119	369.689	60.9119	6.24628
0.367005	369.005	60.7688	6.30249
0.472371	368.296	60.6068	6.3588
0.604954	367.578	60.4391	6.41527
0.698859	366.901	60.29	6.46703
0.783491	366.19	60.1433	6.52136
0.82805	365.523	60.0125	6.57155
0.86828	364.854	59.8931	6.62159
0.88023	364.179	59.7841	6.67207
0.879426	363.446	59.6781	6.72717
0.852697	362.756	59.5884	6.77933
0.777951	362.026	59.5016	6.83474
0.715739	361.338	59.4369	6.88771
0.629053	360.672	59.3746	6.93943
0.529831	360.031	59.3182	6.99025
0.375644	359.338	59.2518	7.04545
0.274267	358.665	59.1879	7.09894
0.1568	358.027	59.1084	7.15046
-0.0185564	357.382	59.0149	7.20382
-0.0956663	356.649	58.8902	7.26125
-0.221697	355.969	58.759	7.31607
-0.330363	355.292	58.6223	7.36972
-0.435145	354.648	58.4837	7.42032
-0.554038	353.972	58.3355	7.47357
-0.621095	353.284	58.1759	7.52653
-0.686995	352.63	58.0337	7.57676
-0.73969	351.968	57.898	7.62745
-0.775354	351.279	57.7669	7.67981
-0.794662	350.615	57.6481	7.73049
-0.794617	349.893	57.5301	7.78537
-0.772031	349.213	57.4342	7.83751
-0.731342	348.538	57.3471	7.8892
-0.669682	347.878	57.2739	7.93985
-0.591971	347.222	57.2075	7.99062
-0.480972	346.561	57.1436	8.04237
-0.384283	345.911	57.0807	8.09348
-0.27662	345.251	57.0135	8.14564
-0.185092	344.618	56.9548	8.19622
-0.0818592	343.93	56.8781	8.25073
0.0666481	343.306	56.8045	8.30227
0.155394	342.603	56.7058	8.35959
0.30248	341.926	56.5935	8.41452
0.415593	341.245	56.4604	8.46969
0.515395	340.612	56.3305	8.52064
0.654447	339.954	56.1918	8.57313
0.74694	339.234	56.0303	8.62913
0.833571	338.577	55.8879	8.68031
0.926358	337.85	55.7306	8.7365
0.989157	337.19	55.5984	8.78692
1.02731	336.527	55.4755	8.83736
1.05041	335.87	55.3627	8.88738
1.0534	335.144	55.2476	8.94277
1.03574	334.481	55.1516	8.99369
0.998166	333.816	55.064	9.04496
0.937575	333.101	54.9809	9.10021
0.846063	332.42	54.9035	9.15347
0.765798	331.734	54.8362	9.20757
0.646077	331.054	54.767	9.26223
0.480525	330.427	54.7083	9.31407
0.35361	329.79	54.6539	9.36661
0.223068	329.153	54.5807	9.41914
0.0271688	328.474	54.4878	9.47582
-0.0730737	327.789	54.3768	9.53137
-0.262237	327.177	54.2638	9.58386
-0.335105	326.555	54.1374	9.63394
-0.498936	325.915	53.9974	9.68593
-0.603905	325.279	53.8428	9.73649
-0.692479	324.615	53.6931	9.78864
-0.797207	323.874	53.5356	9.84589
-0.865023	323.205	53.3918	9.89735
-0.905536	322.47	53.2554	9.95327
-0.929673	321.745	53.127	10.0088
-0.927107	321.085	53.0215	10.0592
-0.90317	320.402	52.9228	10.1114
-0.87592	319.738	52.8385	10.1623
-0.79833	319.056	52.7612	10.2149
-0.735491	318.367	52.6922	10.2682
-0.656619	317.698	52.6228	10.3206
-0.5565	317.061	52.5604	10.3717
-0.396333	316.405	52.4939	10.4255
-0.302478	315.778	52.433	10.4771
-0.185104	315.182	52.3631	10.5274
-0.00863329	314.551	52.2762	10.5826
0.0860215	313.884	52.1673	10.6375
0.218539	313.248	52.0518	10.6905
0.385306	312.61	51.9302	10.7437
0.49937	311.977	51.8067	10.7949
0.602571	311.304	51.6689	10.8485
0.714486	310.627	51.5373	10.9015
0.830265	309.951	51.4077	10.9537
0.902095	309.288	51.2833	11.0044
0.961676	308.626	51.1653	11.0544
1.00084	307.952	51.0517	11.1049
1.02646	307.225	50.9348	11.1594
1.03635	306.508	50.8236	11.2135
1.03699	305.772	50.7144	11.2689
1.01511	305.1	50.6189	11.3198
0.980317	304.436	50.5285	11.3701
0.931208	303.75	50.437	11.4224
0.875685	303.1	50.3546	11.4726
0.769897	302.447	50.2752	11.5239
0.68226	301.735	50.1964	11.5799
0.578807	301.098	50.1263	11.6305
0.428101	300.408	50.049	11.6865
0.30057	299.785	49.9809	11.7378
0.196259	299.138	49.8951	11.7894
0.0826225	298.508	49.8017	11.8406
-0.0376108	297.881	49.6976	11.8908
-0.180155	297.199	49.5764	11.9456
-0.287365	296.557	49.4545	11.9968
-0.383475	295.816	49.3062	12.0543
-0.498237	295.078	49.1545	12.1113
-0.599409	294.35	49.0101	12.167
-0.667046	293.656	48.8673	12.2196
-0.7433	292.922	48.7286	12.2748
-0.786738	292.238	48.6034	12.3262
-0.817482	291.565	48.4854	12.3768
-0.838814	290.82	48.3607	12.4327
-0.850537	290.136	48.2506	12.4844
-0.850532	289.425	48.1409	12.5378
-0.837396	288.756	48.0418	12.5883
-0.809955	288.07	47.9442	12.6402
-0.769431	287.359	47.8478	12.694
-0.699416	286.699	47.7645	12.7448
-0.629814	286.025	47.683	12.7967
-0.555266	285.351	47.6085	12.8491
-0.47624	284.706	47.5343	12.8998
-0.387723	284.077	47.4631	12.9499
-0.257688	283.393	47.3812	13.0054
-0.172827	282.7	47.2989	13.0618
-0.0270921	282.064	47.2152	13.1147
0.0520176	281.408	47.1161	13.1679
0.160485	280.792	47.0114	13.2185
0.259312	280.178	46.8957	13.2686
0.374084	279.543	46.7715	13.3192
0.48182	278.892	46.6392	13.371
0.580245	278.253	46.5044	13.4212
0.692981	277.567	46.3611	13.4742
0.763204	276.862	46.2115	13.5283
0.829794	276.205	46.0815	13.5783
0.878355	275.513	45.9532	13.6309
0.912629	274.77	45.8247	13.6869
0.925296	274.099	45.7165	13.7374
0.917993	273.379	45.6105	13.7921
0.879452	272.704	45.5194	13.8435
0.834158	271.999	45.43	13.8972
0.785101	271.338	45.3573	13.9483
0.712149	270.629	45.2751	14.0036
0.599859	269.988	45.206	14.0545
0.516017	269.286	45.1366	14.1104
0.370499	268.621	45.0661	14.165
0.265146	267.963	44.9959	14.2192
0.117595	267.343	44.9166	14.2709
-0.0538656	266.655	44.8171	14.3267
-0.155832	266.018	44.7125	14.3783
-0.269915	265.385	44.5991	14.4297
-0.386347	264.689	44.4671	14.4843
-0.546437	264.018	44.3326	14.5368
-0.641612	263.338	44.1839	14.5892
-0.724936	262.653	44.0374	14.6415
-0.82513	261.953	43.8896	14.6948
-0.892525	261.288	43.7499	14.7454
-0.947402	260.624	43.6179	14.7954
-0.990637	259.924	43.4863	14.8478
-1.00654	259.201	43.365	14.9027
-1.00337	258.524	43.2604	14.9542
-0.976553	257.792	43.1591	15.0104
-0.936024	257.137	43.0763	15.0607
-0.90092	256.439	42.9947	15.1143
-0.82216	255.729	42.9223	15.17
-0.740355	255.096	42.8563	15.2204
-0.645842	254.461	42.7896	15.2713
-0.51768	253.784	42.7138	15.3267
-0.414244	253.175	42.6457	15.3769
-0.334368	252.512	42.5697	15.4317
-0.199071	251.836	42.4819	15.4888
-0.0891647	251.173	42.3777	15.5442
0.0728302	250.54	42.2642	15.5971
0.178315	249.884	42.1289	15.6505
0.293023	249.262	41.9979	15.7011
0.404592	248.592	41.855	15.7541
0.528415	247.883	41.6955	15.81
0.630324	247.23	41.554	15.8606
0.723666	246.503	41.4075	15.9161
0.773337	245.789	41.2682	15.9702
0.811631	245.071	41.1441	16.0245
0.823476	244.356	41.0297	16.0784
0.813075	243.63	40.922	16.1333
0.770827	242.94	40.8281	16.1858
0.719872	242.196	40.739	16.2425
0.636593	241.468	40.6612	16.2984
0.553828	240.822	40.5942	16.3485
0.462901	240.145	40.5238	16.4017
0.323367	239.452	40.4514	16.4572
0.237447	238.775	40.3841	16.5115
0.0852618	238.131	40.304	16.565
-0.0279125	237.504	40.2161	16.6158
-0.115151	236.844	40.1088	16.6696
-0.218233	236.178	39.9914	16.7241
-0.355127	235.518	39.8652	16.7771
-0.464816	234.894	39.7389	16.8277
-0.544609	234.228	39.595	16.8799
-0.637185	233.519	39.4496	16.9348
-0.738745	232.827	39.3078	16.9885
-0.791333	232.12	39.16	17.0428
-0.8474	231.416	39.0268	17.0967
-0.874002	230.722	38.9032	17.1498
-0.883466	229.999	38.7878	17.2052
-0.878482	229.341	38.689	17.2557
-0.855909	228.684	38.5974	17.3059
-0.815795	228.021	38.5144	17.3577
-0.764387	227.303	38.4426	17.4135
-0.662502	226.631	38.3764	17.4665
-0.577248	225.921	38.3128	17.5224
-0.479745	225.277	38.2503	17.5742
-0.332842	224.65	38.1864	17.6265
-0.213495	224.033	38.1164	17.678
-0.139186	223.416	38.0373	17.729
-0.0192451	222.79	37.9368	17.7813
0.0875503	222.164	37.8245	17.8331
0.250129	221.526	37.6989	17.8874
0.365364	220.909	37.57	17.9383
0.464169	220.237	37.4198	17.9923
0.603577	219.556	37.2711	18.0468
0.689567	218.895	37.1291	18.0979
0.76393	218.224	36.9922	18.1488
0.817599	217.508	36.8524	18.203
0.865152	216.771	36.7254	18.2588
0.885394	216.035	36.6109	18.3145
0.880965	215.336	36.508	18.3679
0.86161	214.625	36.416	18.4222
0.821571	213.945	36.3325	18.4746
0.740383	213.253	36.2517	18.5283
0.654857	212.605	36.1811	18.5795
0.575433	211.948	36.1173	18.6316
0.483606	211.31	36.0507	18.6818
0.374219	210.682	35.9856	18.732
0.263972	210.061	35.9166	18.7821
0.151551	209.421	35.8363	18.8343
0.0126138	208.743	35.7417	18.8902
-0.0989973	208.101	35.6377	18.9418
-0.240094	207.446	35.5229	18.9957
-0.346299	206.799	35.3988	19.048
-0.433139	206.161	35.2624	19.0996
-0.534989	205.507	35.1238	19.152
-0.621585	204.8	34.9741	19.2072
-0.707034	204.069	34.812	19.2639
-0.790878	203.351	34.6617	19.3187
-0.830062	202.65	34.5138	19.3719
-0.872684	201.928	34.3799	19.4266
-0.887278	201.247	34.2648	19.4782
-0.885379	200.532	34.157	19.5322
-0.865586	199.858	34.0653	19.5836
-0.830831	199.152	33.9792	19.6385
-0.789268	198.43	33.9041	19.6942
-0.728022	197.763	33.8364	19.746
-0.633216	197.113	33.7719	19.7974
-0.555066	196.424	33.7066	19.8527
-0.463366	195.758	33.6353	19.906
-0.340596	195.084	33.5634	19.961
-0.232468	194.429	33.4814	20.0146
-0.0758301	193.815	33.3953	20.0664
0.0237685	193.142	33.2831	20.1211
0.151789	192.485	33.1617	20.1747
0.300564	191.803	33.0241	20.2307
0.439721	191.125	32.8875	20.2856
0.585772	190.42	32.7369	20.3414
0.727834	189.719	32.5923	20.3963
0.824526	189.038	32.451	20.4489
0.904511	188.34	32.305	20.5014
0.97017	187.668	32.1761	20.5523
1.02378	186.96	32.0499	20.6057
1.04735	186.275	31.9366	20.6576
1.06006	185.54	31.8247	20.7131
1.04089	184.829	31.7253	20.767
1.0048	184.141	31.6356	20.8195
0.956199	183.472	31.5587	20.8715
0.853809	182.78	31.4799	20.926
0.773094	182.1	31.4136	20.9797
0.667279	181.451	31.3477	21.0322
0.516739	180.765	31.2752	21.0879
0.41882	180.115	31.2109	21.1411
0.296504	179.47	31.1303	21.1932
0.125475	178.841	31.0404	21.2467
0.0287324	178.187	30.9313	21.3005
-0.0971166	177.552	30.8144	21.3525
-0.216091	176.897	30.6835	21.4059
-0.360408	176.278	30.5531	21.4572
-0.454451	175.638	30.4178	21.5081
-0.531835	174.974	30.2719	21.5602
-0.600718	174.297	30.1322	21.6126
-0.666896	173.633	29.9974	21.6641
-0.732597	172.902	29.859	21.7198
-0.756665	172.219	29.7379	21.7721
-0.768745	171.504	29.6237	21.8262
-0.760484	170.827	29.5209	21.8776
-0.734557	170.136	29.4256	21.9302
-0.693451	169.406	29.3363	21.9854
-0.614422	168.699	29.26	22.0403
-0.53265	167.998	29.1837	22.0949
-0.453166	167.358	29.1194	22.145
-0.357002	166.702	29.0518	22.1968
-0.251041	166.009	28.9813	22.2526
-0.158585	165.392	28.9117	22.3027
-0.0449224	164.765	28.8342	22.3544
0.116922	164.097	28.7396	22.4103
0.250653	163.465	28.6333	22.4633
0.408119	162.804	28.5101	22.519
0.513942	162.133	28.3724	22.5734
0.678354	161.471	28.236	22.6281
0.767581	160.809	28.09	22.6811
0.875861	160.138	27.9511	22.7341
0.987217	159.453	27.8144	22.7877
1.06196	158.742	27.6753	22.8421
1.12231	158.065	27.5569	22.8937
1.1649	157.349	27.4408	22.948
1.18548	156.629	27.3325	23.0022
1.18602	155.923	27.2316	23.0558
1.15025	155.234	27.1401	23.1084
1.11201	154.553	27.0552	23.1605
1.06395	153.88	26.9818	23.2128
0.993183	153.241	26.9123	23.2634
0.913549	152.602	26.8448	23.3143
0.789908	151.943	26.7748	23.3677
0.697208	151.289	26.7091	23.4207
0.600339	150.664	26.6348	23.4717
0.492	149.992	26.542	23.5268
0.337585	149.376	26.4458	23.579
0.218856	148.743	26.3386	23.6305
0.120013	148.096	26.2146	23.6832
0.0191821	147.446	26.0862	23.7353
-0.12151	146.781	25.9508	23.7881
-0.206144	146.109	25.8046	23.841
-0.301011	145.456	25.669	23.8922
-0.38581	144.814	25.5355	23.9424
-0.46211	144.153	25.4021	23.9932
-0.524749	143.454	25.2687	24.0462
-0.579778	142.736	25.1378	24.1009
-0.607077	142.036	25.0199	24.154
-0.621412	141.347	24.9088	24.2061
-0.616611	140.62	24.7983	24.261
-0.593686	139.96	24.7059	24.3113
-0.556253	139.264	24.6169	24.3643
-0.499197	138.596	24.5412	24.4161
-0.409008	137.908	24.4688	24.4706
-0.350236	137.219	24.407	24.5257
-0.229185	136.58	24.3447	24.5787
-0.110374	135.958	24.2824	24.6307
-0.0305916	135.307	24.2148	24.6858
0.119959	134.687	24.1355	24.7388
0.207955	134.034	24.0359	24.7946
0.382286	133.377	23.918	24.8505
0.475676	132.772	23.7935	24.9011
0.597677	132.099	23.6552	24.9563
0.759423	131.452	23.5177	25.0086
0.856778	130.759	23.3654	25.0631
0.961949	130.103	23.2308	25.1146
1.04973	129.434	23.1002	25.1664
1.12834	128.739	22.9752	25.2196
1.16858	128.027	22.8553	25.2736
1.19109	127.36	22.7497	25.3244
1.18478	126.627	22.6385	25.38
1.16451	125.924	22.539	25.4334
1.1227	125.229	22.4449	25.4865
1.04484	124.551	22.3585	25.539
0.958352	123.891	22.2796	25.5908
0.876996	123.224	22.2059	25.6436
0.739998	122.543	22.1251	25.6989
0.615007	121.935	22.0551	25.7491
0.480395	121.329	21.9853	25.8003
0.359045	120.681	21.9098	25.8548
0.219603	120.094	21.8312	25.9057
0.0656199	119.526	21.7456	25.9559
-0.140001	118.921	21.643	26.0096
-0.265247	118.257	21.5176	26.065
-0.447024	117.618	21.3919	26.1188
-0.573709	117	21.2651	26.1698
-0.683377	116.348	21.1239	26.2225
-0.79807	115.681	20.9861	26.2756
-0.915845	114.995	20.8462	26.3301
-1.00919	114.276	20.7037	26.3849
-1.06725	113.616	20.5831	26.4351
-1.10668	112.941	20.4686	26.4865
-1.12677	112.256	20.3623	26.5384
-1.12732	111.589	20.2656	26.5892
-1.1106	110.902	20.1724	26.6417
-1.06552	110.226	20.0882	26.6935
-1.02922	109.567	20.0071	26.7447
-0.976152	108.912	19.931	26.7956
-0.889518	108.273	19.8603	26.8464
-0.765892	107.594	19.7849	26.9018
-0.676916	106.945	19.7184	26.9548
-0.516984	106.303	19.6445	27.0088
-0.415481	105.64	19.5667	27.0635
-0.296999	105.019	19.4844	27.1148
-0.176539	104.4	19.3931	27.1671
-0.0050745	103.763	19.2879	27.2215
0.129302	103.162	19.1793	27.2717
0.252433	102.467	19.0422	27.3274
0.393085	101.776	18.899	27.3827
0.518514	101.135	18.7628	27.433
0.632163	100.459	18.6196	27.4852
0.745156	99.7547	18.4742	27.5395
0.821402	99.0848	18.3421	27.5911
0.874646	98.4035	18.2146	27.6434
0.913978	97.6914	18.0959	27.6974
0.925152	96.9969	17.9872	27.7506
0.921732	96.3073	17.8889	27.8037
0.897301	95.6246	17.7985	27.8562
0.834285	94.9022	17.708	27.9118
0.78211	94.2405	17.6376	27.9636
0.704276	93.5694	17.5636	28.0164
0.582065	92.8963	17.4902	28.0705
0.482911	92.2799	17.4255	28.1214
0.393681	91.6488	17.3623	28.1734
0.272283	91.0281	17.284	28.2254
0.132476	90.4422	17.2009	28.2762
-0.0215793	89.786	17.0935	28.3311
-0.111979	89.1592	16.9759	28.3826
-0.224948	88.5329	16.8532	28.4339
-0.318962	87.8643	16.7183	28.4869
-0.4461	87.1662	16.5763	28.5418
-0.51902	86.5013	16.4324	28.5932
-0.594923	85.8231	16.2935	28.6453
-0.662506	85.1052	16.152	28.6999
-0.701834	84.4367	16.028	28.7507
-0.730884	83.7182	15.9049	28.8056
-0.73732	82.9916	15.7867	28.8611
-0.725573	82.3275	15.6852	28.912
-0.700379	81.6696	15.5973	28.9627
-0.651182	80.9599	15.5056	29.0178
-0.575613	80.3074	15.4294	29.0691
-0.492202	79.6408	15.3544	29.1219
-0.409194	79.0224	15.2878	29.1722
-0.340305	78.4038	15.227	29.2229
-0.232926	77.7683	15.1561	29.2755
-0.114687	77.1582	15.0841	29.3273
0.0026837	76.568	15.0053	29.3783
0.166429	75.934	14.9065	29.4334
0.284814	75.3174	14.7987	29.4852
0.452648	74.6825	14.6802	29.539
0.556512	74.0494	14.5554	29.5901
0.682084	73.4079	14.4252	29.6425
0.800811	72.7759	14.2962	29.6927
0.883648	72.1213	14.1623	29.7433
0.96155	71.4493	14.0362	29.7945
1.01655	70.7482	13.9119	29.8478
1.05442	70.0403	13.7947	29.9015
1.0719	69.3192	13.6826	29.956
1.06519	68.6335	13.5795	30.0084
1.0438	67.9687	13.4859	30.0593
1.00606	67.2721	13.3929	30.1125
0.96074	66.6077	13.3124	30.164
0.903587	65.9488	13.232	30.2154
0.826392	65.2642	13.1495	30.2693
0.70425	64.6256	13.0763	30.3214
0.624177	63.9574	13.0063	30.375
0.514339	63.3338	12.9352	30.4265
0.405082	62.7082	12.8582	30.4785
0.226986	62.1188	12.7784	30.5287
0.102713	61.4926	12.6824	30.5811
-0.00862285	60.852	12.5714	30.6348
-0.12347	60.2368	12.4564	30.6855
-0.301413	59.5951	12.3311	30.7401
-0.390831	58.9171	12.1875	30.7935
-0.496512	58.29	12.0553	30.8436
-0.579683	57.6253	11.9181	30.8953
-0.662137	56.9853	11.7892	30.9454
-0.74391	56.285	11.6546	30.9991
-0.794896	55.6288	11.5335	31.0494
-0.840455	54.944	11.4153	31.1015
-0.868188	54.2643	11.3026	31.1531
-0.872889	53.5549	11.1926	31.207
-0.858355	52.8476	11.0887	31.2609
-0.826998	52.1484	10.9991	31.316
-0.768891	51.4396	10.9101	31.3707
-0.693324	50.8001	10.8346	31.4209
-0.626381	50.0986	10.7563	31.4765
-0.513725	49.4096	10.6755	31.5319
-0.430335	48.7422	10.6027	31.5857
-0.28081	48.0955	10.5254	31.6406
-0.190382	47.4343	10.4447	31.6961
-0.00725451	46.8063	10.3572	31.7506
0.100958	46.1826	10.2597	31.804
0.219912	45.5381	10.1494	31.8585
0.39383	44.9319	10.0356	31.9115
0.507973	44.3044	9.90913	31.9635
0.631862	43.6362	9.77597	32.0172
0.782536	42.9523	9.63982	32.072
0.858303	42.2331	9.49547	32.1276
0.939109	41.567	9.36984	32.1786
0.996109	40.8991	9.25143	32.2293
1.04206	40.1632	9.12982	32.2849
1.05926	39.4438	9.01963	32.3392
1.06059	38.7232	8.91318	32.3938
1.04642	38.0547	8.81941	32.4448
1.01371	37.3885	8.72997	32.4958
0.968675	36.7163	8.64229	32.5476
0.894215	36.0646	8.55962	32.5987
0.812877	35.4067	8.47857	32.6509
0.726434	34.7689	8.39867	32.7023
0.667531	34.074	8.31638	32.7568
0.56341	33.4146	8.23475	32.8092
0.420624	32.7862	8.15663	32.8612
0.308372	32.1706	8.07135	32.9121
0.190726	31.5443	7.97753	32.9637
0.0780047	30.9189	7.87287	33.0153
-0.0557807	30.2627	7.75799	33.0694
-0.222734	29.6731	7.64835	33.12
-0.331064	29.03	7.52615	33.1733
-0.41621	28.3921	7.39511	33.225
-0.520627	27.7703	7.2688	33.2751
-0.639262	27.0688	7.13182	33.3308
-0.718592	26.4121	7.00312	33.3821
-0.777633	25.7224	6.86844	33.4354
-0.847334	24.9996	6.73776	33.4906
-0.887915	24.3185	6.61627	33.5421
-0.912451	23.6383	6.49838	33.5936
-0.920109	22.9229	6.37949	33.6478
-0.907835	22.2174	6.26976	33.7016
-0.869125	21.5169	6.16996	33.755
-0.817543	20.8009	6.0755	33.8098
-0.750885	20.1581	5.99863	33.8601
-0.663735	19.4791	5.92136	33.9139
-0.582853	18.8428	5.85876	33.9647
-0.477813	18.1833	5.78543	34.0177
-0.388755	17.5628	5.7165	34.0685
-0.275148	16.9697	5.64788	34.1191
-0.152055	16.3907	5.57543	34.1694
0.0356174	15.8016	5.49369	34.2222
0.151621	15.203	5.39685	34.2742
0.274654	14.5832	5.29003	34.3275
0.40603	13.9876	5.17815	34.3792
0.555425	13.3699	5.05424	34.4317
0.651004	12.703	4.9098	34.4852
0.745851	12.0279	4.7719	34.5383
0.851036	11.2905	4.62277	34.595
0.939007	10.5482	4.48788	34.6512
0.989026	9.81687	4.36019	34.7063
1.01832	9.09725	4.24342	34.7604
1.02753	8.41688	4.13771	34.8113
1.0237	7.70718	4.03547	34.8648
0.997789	7.02893	3.94258	34.9162
0.948257	6.37793	3.85871	34.9663
0.889308	5.6707	3.77029	35.0206
0.786185	5.00376	3.69139	35.0733
0.695936	4.37125	3.62056	35.1239
0.625605	3.68215	3.54745	35.1788
0.488471	3.02922	3.47314	35.2328
0.39602	2.3971	3.39704	35.284
0.303152	1.78385	3.31579	35.3346
0.189665	1.14481	3.2166	35.3876
0.0125956	0.482393	3.10385	35.4437
-0.115185	-0.123496	2.99147	35.4937
-0.215901	-0.752025	2.86344	35.5452
-0.324391	-1.36715	2.7394	35.5952
-0.449052	-2.04624	2.60517	35.65
-0.540381	-2.74222	2.46351	35.7053
-0.647894	-3.4396	2.32868	35.7604
-0.705996	-4.1193	2.19943	35.8129
-0.760605	-4.79341	2.07329	35.8648
-0.793214	-5.46133	1.95895	35.9156
-0.811516	-6.12284	1.84999	35.966
-0.816342	-6.80135	1.7421	36.0176
-0.806291	-7.46153	1.64126	36.068
-0.779649	-8.14555	1.54315	36.1205
-0.739772	-8.83724	1.4503	36.1746
-0.694408	-9.48711	1.3749	36.225
-0.63326	-10.1907	1.29049	36.2799
-0.526649	-10.8584	1.2134	36.3338
-0.447482	-11.4866	1.14879	36.3847
-0.370799	-12.1728	1.06793	36.44
-0.245277	-12.8347	0.992505	36.4953
-0.159446	-13.4298	0.91815	36.5454
0.0117802	-14.048	0.832692	36.6004
0.102343	-14.6993	0.730165	36.6542
0.20421	-15.3408	0.613081	36.7091
0.351321	-15.9734	0.488486	36.763
0.449627	-16.6147	0.350085	36.8161
0.540606	-17.2752	0.212281	36.869
0.664095	-17.9357	0.0730968	36.9221
0.745638	-18.6062	-0.0632136	36.974
0.803277	-19.3238	-0.205814	37.0286
0.854021	-20.006	-0.33179	37.0801
0.885909	-20.674	-0.44994	37.1305
0.899337	-21.3907	-0.568062	37.1844
0.897693	-22.1264	-0.683426	37.2394
0.869029	-22.8759	-0.790498	37.2956
0.818829	-23.5531	-0.880477	37.347
0.755087	-24.2068	-0.960423	37.3973
0.679998	-24.8661	-1.03635	37.4486
0.569986	-25.5403	-1.11022	37.5017
0.453447	-26.2036	-1.1792	37.5549
0.364562	-26.861	-1.23967	37.6077
0.198141	-27.5192	-1.31477	37.6625
0.0957021	-28.1899	-1.39802	37.7174
-0.061207	-28.8509	-1.49681	37.7727
-0.159829	-29.5285	-1.61094	37.8284
-0.284046	-30.1807	-1.73307	37.881
-0.429069	-30.7963	-1.85948	37.932
-0.527038	-31.4397	-1.99638	37.9834
-0.621377	-32.0767	-2.13375	38.0337
-0.711341	-32.7351	-2.27297	38.0852
-0.800773	-33.4401	-2.42233	38.1401
-0.866021	-34.1696	-2.56755	38.1954
-0.902915	-34.8476	-2.69288	38.2468
-0.925308	-35.51	-2.80801	38.2972
-0.932777	-36.1783	-2.91664	38.3481
-0.926408	-36.8921	-3.02567	38.4024
-0.904902	-37.5516	-3.12006	38.4527
-0.867744	-38.2109	-3.20861	38.5033
-0.825594	-38.891	-3.2897	38.5562
-0.764414	-39.5694	-3.36604	38.6098
-0.659968	-40.2528	-3.43965	38.6652
-0.555426	-40.8624	-3.50012	38.7152
-0.447302	-41.4677	-3.55886	38.7654
-0.344309	-42.1	-3.61716	38.8193
-0.168979	-42.6768	-3.67812	38.8705
-0.0530172	-43.3238	-3.75688	38.9254
0.0543703	-43.9732	-3.84669	38.9807
0.210645	-44.5998	-3.95237	39.0359
0.361545	-45.2151	-4.06566	39.0888
0.4866	-45.8321	-4.18695	39.1401
0.64827	-46.4863	-4.31878	39.1942
0.753543	-47.1393	-4.46154	39.2466
0.860943	-47.8285	-4.60513	39.3008
0.974237	-48.5102	-4.74537	39.3538
1.05466	-49.2301	-4.89249	39.4088
1.13484	-49.9631	-5.02604	39.4647
1.17463	-50.6393	-5.14253	39.5153
1.19233	-51.309	-5.25131	39.5654
1.19557	-52.0142	-5.35937	39.6186
1.17328	-52.7182	-5.46037	39.672
1.14443	-53.4306	-5.55488	39.7265
1.09261	-54.128	-5.64535	39.7802
1.02449	-54.7677	-5.72328	39.8307
0.932486	-55.468	-5.8026	39.8865
0.836709	-56.1129	-5.87645	39.9383
0.674512	-56.7728	-5.95124	39.9928
0.562553	-57.4024	-6.02136	40.0444
0.439841	-58.0935	-6.10258	40.1012
0.284116	-58.7555	-6.19032	40.1562
0.145052	-59.3759	-6.2869	40.2072
-0.00648977	-60.036	-6.39906	40.2622
-0.135846	-60.6595	-6.51701	40.3125
-0.281885	-61.3377	-6.65739	40.3671
-0.393818	-61.978	-6.78971	40.4181
-0.508107	-62.6127	-6.92164	40.4686
-0.598238	-63.2604	-7.05378	40.5193
-0.660582	-63.9269	-7.18572	40.5706
-0.736309	-64.5894	-7.3124	40.6214
-0.771879	-65.3345	-7.44742	40.6782
-0.796374	-66.0609	-7.57084	40.7335
-0.8026	-66.7529	-7.68311	40.786
-0.798749	-67.4106	-7.78101	40.8363
-0.757844	-68.1372	-7.88591	40.8921
-0.715112	-68.7887	-7.9732	40.9423
-0.656927	-69.4781	-8.05443	40.9964
-0.576243	-70.1624	-8.13326	41.0504
-0.470671	-70.8202	-8.20408	41.1034
-0.360546	-71.444	-8.2691	41.1541
-0.260262	-72.0634	-8.33586	41.2047
-0.162323	-72.7052	-8.40439	41.2585
-0.0633272	-73.3267	-8.47896	41.31
0.09976	-73.9569	-8.56158	41.3635
0.200885	-74.5899	-8.65622	41.4164
0.336237	-75.1872	-8.75636	41.4667
0.481213	-75.8027	-8.87026	41.5179
0.589405	-76.4396	-8.99404	41.5693
0.740546	-77.0933	-9.12515	41.623
0.839279	-77.7577	-9.26844	41.6765
0.951618	-78.4153	-9.40397	41.7294
1.05858	-79.0999	-9.54109	41.7837
1.12393	-79.7868	-9.67931	41.8378
1.19218	-80.4936	-9.80924	41.8925
1.21849	-81.2171	-9.93552	41.9479
1.22796	-81.9016	-10.0455	42
1.21182	-82.6021	-10.151	42.0535
1.18131	-83.3228	-10.2485	42.1089
1.1291	-84.011	-10.3362	42.1623
1.04412	-84.68	-10.4157	42.2148
0.961969	-85.3205	-10.4867	42.2659
0.870607	-85.9516	-10.5464	42.3173
0.782568	-86.61	-10.6158	42.3703
0.629581	-87.2397	-10.6804	42.4233
0.496408	-87.868	-10.7482	42.4766
0.394951	-88.505	-10.825	42.5302
0.229143	-89.1374	-10.9166	42.5842
0.0977713	-89.7951	-11.0268	42.638
-0.103853	-90.467	-11.1453	42.6944
-0.208132	-91.1272	-11.2718	42.7475
-0.316448	-91.7932	-11.4008	42.7995
-0.46336	-92.482	-11.5376	42.8542
-0.555865	-93.1359	-11.6704	42.9051
-0.636868	-93.8379	-11.8165	42.9595
-0.706208	-94.5109	-11.9499	43.011
-0.759553	-95.1909	-12.079	43.0628
-0.804661	-95.9151	-12.2111	43.1179
-0.824606	-96.6008	-12.328	43.1696
-0.821384	-97.2971	-12.4428	43.2224
-0.801923	-97.9596	-12.5475	43.2729
-0.759371	-98.6364	-12.6468	43.3253
-0.702455	-99.2902	-12.7339	43.3759
-0.631515	-99.9301	-12.8112	43.426
-0.560598	-100.615	-12.8846	43.4804
-0.437678	-101.284	-12.9592	43.5347
-0.353601	-101.954	-13.0283	43.5894
-0.240907	-102.57	-13.0968	43.6409
-0.0765261	-103.197	-13.1693	43.6957
0.0344223	-103.833	-13.2434	43.7511
0.217658	-104.417	-13.325	43.8049
0.31099	-105.092	-13.4365	43.8611
0.427526	-105.681	-13.5472	43.9115
0.576139	-106.329	-13.6763	43.9668
0.700416	-106.968	-13.8175	44.0196
0.844118	-107.627	-13.9597	44.0739
0.946831	-108.294	-14.1083	44.1274
1.0376	-108.971	-14.2454	44.1803
1.12931	-109.669	-14.3772	44.2342
1.17767	-110.379	-14.5029	44.2886
1.20096	-111.08	-14.6161	44.3426
1.19817	-111.801	-14.7268	44.3975
1.1798	-112.509	-14.827	44.4517
1.14583	-113.165	-14.9133	44.5019
1.07402	-113.844	-14.9974	44.5548
1.00784	-114.491	-15.0711	44.605
0.937936	-115.179	-15.1403	44.6592
0.847708	-115.814	-15.2052	44.7103
0.746294	-116.434	-15.2672	44.761
0.634782	-117.044	-15.3292	44.8127
0.472569	-117.686	-15.4015	44.8671
0.356671	-118.32	-15.482	44.9203
0.227741	-118.91	-15.5697	44.9707
0.051458	-119.556	-15.6793	45.0253
-0.0955342	-120.191	-15.7953	45.0771
-0.203655	-120.851	-15.9266	45.1295
-0.320071	-121.513	-16.0586	45.1821
-0.446393	-122.21	-16.197	45.2368
-0.544254	-122.926	-16.3467	45.2922
-0.637638	-123.599	-16.4853	45.3441
-0.692835	-124.319	-16.6356	45.3992
-0.745003	-124.989	-16.767	45.4501
-0.779417	-125.671	-16.8948	45.5018
-0.796701	-126.393	-17.021	45.5567
-0.791504	-127.081	-17.131	45.6094
-0.764772	-127.746	-17.225	45.6608
-0.716376	-128.404	-17.3081	45.7122
-0.656105	-129.045	-17.3814	45.7625
-0.555429	-129.699	-17.4508	45.8148
-0.472106	-130.349	-17.5166	45.8669
-0.384887	-131.005	-17.5753	45.9212
-0.235051	-131.665	-17.6443	45.9775
-0.158211	-132.265	-17.7023	46.0296
-0.00683995	-132.895	-17.7802	46.0852
0.107633	-133.491	-17.8645	46.1356
0.219194	-134.109	-17.9679	46.1898
0.351155	-134.749	-18.0863	46.2433
0.509795	-135.404	-18.2202	46.2989
0.645042	-136.056	-18.3552	46.3518
0.799408	-136.722	-18.4958	46.4062
0.910397	-137.378	-18.6356	46.4578
0.984552	-138.088	-18.7875	46.5127
1.07403	-138.763	-18.9207	46.565
1.12254	-139.452	-19.0479	46.618
1.15284	-140.155	-19.1709	46.672
1.16373	-140.865	-19.2868	46.726
1.15803	-141.591	-19.3967	46.7812
1.12081	-142.3	-19.4954	46.8353
1.06609	-142.961	-19.5818	46.8861
1.00853	-143.662	-19.6646	46.9409
0.904136	-144.349	-19.7437	46.9953
0.822617	-145.014	-19.8073	47.0487
0.694073	-145.622	-19.8661	47.099
0.592406	-146.271	-19.9313	47.1523
0.413401	-146.84	-19.9892	47.2034
0.290477	-147.44	-20.0622	47.254
0.155957	-148.057	-20.1477	47.3061
0.0476569	-148.745	-20.2575	47.3623
-0.103617	-149.411	-20.3749	47.4168
-0.205338	-150.071	-20.505	47.47
-0.348189	-150.787	-20.6467	47.5268
-0.430355	-151.49	-20.7982	47.5806
-0.550265	-152.185	-20.9441	47.6349
-0.622023	-152.911	-21.1008	47.6903
-0.702633	-153.636	-21.2478	47.7456
-0.749156	-154.308	-21.3807	47.7968
-0.774356	-154.998	-21.5126	47.849
-0.796794	-155.672	-21.6296	47.8999
-0.794846	-156.338	-21.739	47.9506
-0.778076	-157.01	-21.8426	48.0021
-0.753468	-157.677	-21.9385	48.0543
-0.689792	-158.321	-22.0235	48.1045
-0.626098	-159.005	-22.1072	48.1576
-0.554399	-159.631	-22.1775	48.2077
-0.486522	-160.274	-22.2409	48.2598
-0.395985	-160.935	-22.3151	48.3139
-0.24672	-161.531	-22.3781	48.3653
-0.143316	-162.156	-22.441	48.4199
-0.0312277	-162.769	-22.5104	48.474
0.160233	-163.318	-22.5781	48.5253
0.291626	-163.923	-22.6675	48.5785
0.425416	-164.512	-22.7748	48.6323
0.6223	-165.111	-22.8953	48.6866
0.769989	-165.728	-23.0262	48.7384
0.880143	-166.358	-23.1707	48.7894
1.03635	-167.053	-23.3184	48.8454
1.13908	-167.751	-23.4698	48.9003
1.22067	-168.434	-23.6048	48.9533
1.30624	-169.13	-23.7325	49.0074
1.35061	-169.83	-23.8542	49.0612
1.3758	-170.512	-23.9635	49.1136
1.37454	-171.222	-24.0722	49.1683
1.35586	-171.911	-24.1687	49.2216
1.29151	-172.601	-24.2627	49.2755
1.22882	-173.246	-24.3461	49.3261
1.15754	-173.928	-24.4275	49.3805
1.0662	-174.56	-24.5013	49.431
0.913991	-175.197	-24.5725	49.4841
0.774989	-175.835	-24.6407	49.5379
0.663237	-176.444	-24.6993	49.5892
0.528544	-177.052	-24.7678	49.6424
0.316121	-177.597	-24.8381	49.6949
0.147397	-178.139	-24.919	49.7464
0.0119962	-178.721	-25.0202	49.7986
-0.121996	-179.378	-25.1512	49.8544
-0.304033	-180.014	-25.2834	49.9086
-0.415674	-180.669	-25.4325	49.9621
-0.554406	-181.341	-25.5777	50.0161
-0.634914	-182.033	-25.7307	50.0692
-0.71328	-182.749	-25.8745	50.1244
-0.790952	-183.464	-26.0108	50.1791
-0.832318	-184.18	-26.1423	50.2338
-0.849256	-184.861	-26.2568	50.2859
-0.84982	-185.529	-26.3594	50.3371
-0.829686	-186.184	-26.4492	50.3875
-0.788377	-186.824	-26.5263	50.4381
-0.73601	-187.478	-26.587	50.4894
-0.664128	-188.173	-26.6547	50.5445
-0.538635	-188.829	-26.7154	50.5973
-0.441715	-189.466	-26.7733	50.6485
-0.357613	-190.106	-26.8279	50.7013
-0.246893	-190.724	-26.8936	50.7536
-0.0944028	-191.335	-26.9682	50.8066
-0.0128191	-191.978	-27.0624	50.8608
0.159839	-192.616	-27.1738	50.9156
0.285045	-193.23	-27.294	50.9668
0.393493	-193.89	-27.4389	51.0214
0.544584	-194.567	-27.5841	51.0765
0.660641	-195.205	-27.7258	51.1273
0.76278	-195.901	-27.883	51.1819
0.85099	-196.566	-28.0206	51.2329
0.916387	-197.24	-28.1517	51.2844
0.966099	-197.899	-28.2711	51.3346
0.995252	-198.621	-28.3907	51.3897
0.997113	-199.356	-28.5031	51.4457
0.976767	-200.054	-28.6005	51.4997
0.939264	-200.73	-28.6883	51.5521
0.858529	-201.405	-28.7696	51.605
0.777011	-202.11	-28.8454	51.6602
0.687663	-202.811	-28.9246	51.7155
0.556419	-203.456	-28.9936	51.7679
0.418304	-204.084	-29.059	51.8197
0.303153	-204.686	-29.1169	51.8701
0.159488	-205.31	-29.1946	51.9228
-0.0422365	-205.937	-29.2841	51.979
-0.160923	-206.54	-29.3882	52.0311
-0.263262	-207.165	-29.5087	52.0832
-0.431662	-207.776	-29.6394	52.1365
-0.523563	-208.411	-29.7806	52.1888
-0.590732	-209.052	-29.9328	52.2408
-0.703572	-209.743	-30.0815	52.2962
-0.765255	-210.438	-30.2315	52.3504
-0.826469	-211.125	-30.3689	52.4034
-0.853105	-211.848	-30.5056	52.4584
-0.862581	-212.588	-30.6379	52.5146
-0.851233	-213.317	-30.7537	52.5699
-0.82557	-214.017	-30.855	52.6231
-0.783798	-214.682	-30.9422	52.6736
-0.721542	-215.35	-31.0196	52.726
-0.653909	-216.001	-31.0864	52.7769
-0.580028	-216.632	-31.1436	52.8269
-0.491861	-217.294	-31.2033	52.8798
-0.404619	-217.948	-31.2548	52.9329
-0.259689	-218.606	-31.3189	52.9882
-0.158929	-219.219	-31.3823	53.0393
-0.0860071	-219.825	-31.4477	53.0902
0.0533694	-220.48	-31.5387	53.1456
0.212831	-221.125	-31.6455	53.2008
0.324772	-221.753	-31.7618	53.2525
0.504575	-222.403	-31.8898	53.3074
0.618092	-223.036	-32.0206	53.359
0.721614	-223.716	-32.1686	53.4138
0.84552	-224.394	-32.3094	53.4681
0.924047	-225.099	-32.4547	53.5233
0.988877	-225.748	-32.578	53.5736
1.04484	-226.459	-32.7035	53.6283
1.07526	-227.139	-32.8167	53.6804
1.09193	-227.862	-32.9297	53.7358
1.08625	-228.57	-33.0318	53.7906
1.05936	-229.282	-33.1306	53.8458
1.00905	-229.985	-33.2212	53.9007
0.95994	-230.669	-33.3077	53.9544
0.852795	-231.311	-33.3843	54.0066
0.771597	-231.977	-33.4619	54.0605
0.672021	-232.633	-33.5296	54.115
0.500652	-233.273	-33.5978	54.17
0.42242	-233.915	-33.6633	54.224
0.244645	-234.54	-33.7403	54.2791
0.116388	-235.176	-33.83	54.3343
-0.0318618	-235.797	-33.9324	54.3869
-0.168079	-236.415	-34.0451	54.4387
-0.288257	-237.089	-34.1802	54.4945
-0.400506	-237.721	-34.308	54.5459
-0.543331	-238.392	-34.4512	54.6011
-0.628521	-239.037	-34.5856	54.6527
-0.70589	-239.694	-34.7191	54.7047
-0.792761	-240.347	-34.848	54.7566
-0.842971	-241.042	-34.9786	54.8097
-0.881741	-241.716	-35.1024	54.8612
-0.896567	-242.444	-35.2253	54.9165
-0.895502	-243.17	-35.3428	54.9717
-0.879724	-243.834	-35.444	55.0221
-0.850936	-244.537	-35.5452	55.0756
-0.8105	-245.243	-35.6399	55.1292
-0.759673	-245.911	-35.7231	55.1796
-0.702175	-246.557	-35.7971	55.2299
-0.641308	-247.212	-35.868	55.2807
-0.570435	-247.906	-35.9361	55.3356
-0.474409	-248.58	-36.0082	55.3888
-0.404025	-249.231	-36.079	55.4409
-0.314183	-249.882	-36.1495	55.4945
-0.191109	-250.514	-36.2293	55.5469
-0.125454	-251.132	-36.3151	55.5974
-0.00619787	-251.725	-36.4103	55.6475
0.143858	-252.352	-36.5216	55.7005
0.260739	-252.966	-36.6396	55.7509
0.375149	-253.586	-36.7701	55.8025
0.533075	-254.268	-36.9097	55.8587
0.610161	-254.948	-37.0558	55.9125
0.707198	-255.637	-37.1952	55.9667
0.75838	-256.358	-37.338	56.0216
0.798945	-257.067	-37.4664	56.0754
0.82917	-257.739	-37.584	56.1261
0.84384	-258.445	-37.7002	56.1794
0.84752	-259.129	-37.8051	56.231
0.838083	-259.819	-37.899	56.2836
0.792428	-260.529	-37.9899	56.3383
0.745008	-261.241	-38.0698	56.394
0.648246	-261.889	-38.1418	56.4466
0.559607	-262.526	-38.2113	56.4986
0.467537	-263.152	-38.278	56.55
0.384749	-263.842	-38.3501	56.6061
0.227555	-264.482	-38.4267	56.6607
0.130802	-265.093	-38.5038	56.7124
-0.00612885	-265.711	-38.5962	56.7644
-0.169618	-266.347	-38.701	56.8186
-0.276297	-266.975	-38.8123	56.8699
-0.381199	-267.619	-38.9379	56.923
-0.523946	-268.311	-39.0734	56.9792
-0.602273	-268.993	-39.2169	57.0333
-0.683143	-269.642	-39.3503	57.0847
-0.776589	-270.279	-39.4797	57.1355
-0.854764	-270.957	-39.6134	57.1883
-0.90632	-271.622	-39.7395	57.2397
-0.95	-272.309	-39.865	57.2923
-0.968339	-272.992	-39.9798	57.3447
-0.970904	-273.69	-40.0912	57.3981
-0.95482	-274.404	-40.1984	57.4527
-0.925607	-275.095	-40.2971	57.5053
-0.885504	-275.764	-40.3855	57.5572
-0.841966	-276.494	-40.4726	57.6132
-0.78552	-277.141	-40.5467	57.664
-0.676462	-277.828	-40.6254	57.7191
-0.617809	-278.51	-40.6987	57.7738
-0.467212	-279.177	-40.7768	57.83
-0.40138	-279.822	-40.8519	57.8827
-0.238275	-280.436	-40.9324	57.9369
-0.167037	-281.134	-41.0354	57.9933
-0.0358407	-281.756	-41.1412	58.0456
0.0893521	-282.381	-41.257	58.0966
0.244701	-283.003	-41.3811	58.1481
0.361395	-283.647	-41.5117	58.1999
0.458459	-284.329	-41.6602	58.2534
0.59492	-285.003	-41.8039	58.3073
0.676712	-285.7	-41.9507	58.3613
0.733195	-286.393	-42.0986	58.4143
0.79709	-287.116	-42.2351	58.4691
0.817499	-287.831	-42.3616	58.523
0.823546	-288.555	-42.4782	58.5778
0.805211	-289.256	-42.5854	58.6312
0.775706	-289.981	-42.6867	58.6862
0.704758	-290.654	-42.7743	58.7383
0.639097	-291.381	-42.8574	58.7942
0.534822	-292.052	-42.9314	58.8474
0.447755	-292.708	-43.0015	58.9
0.3601	-293.353	-43.0641	58.9528
0.23491	-293.962	-43.1306	59.0044
0.0501152	-294.597	-43.2071	59.0601
-0.0721508	-295.193	-43.2789	59.1127
-0.175186	-295.779	-43.3623	59.1636
-0.274826	-296.378	-43.4549	59.2148
-0.428192	-297.008	-43.5631	59.2692
-0.510821	-297.625	-43.6782	59.3198
-0.582972	-298.267	-43.8114	59.3727
-0.669927	-298.937	-43.9493	59.4268
-0.783922	-299.615	-44.0893	59.4814
-0.848989	-300.246	-44.2209	59.5318
-0.916401	-300.895	-44.3559	59.5824
-0.955496	-301.561	-44.4805	59.6339
-0.979047	-302.234	-44.5969	59.6859
-0.986915	-302.917	-44.7052	59.7386
-0.980839	-303.573	-44.8006	59.7894
-0.955834	-304.277	-44.8922	59.8438
-0.919857	-304.99	-44.9828	59.8988
-0.877852	-305.654	-45.0622	59.9513
-0.81054	-306.276	-45.1319	60.0014
-0.745875	-306.949	-45.2025	60.0557
-0.666649	-307.578	-45.2731	60.1068
-0.566752	-308.171	-45.3404	60.1569
-0.417386	-308.811	-45.4178	60.2122
-0.301813	-309.431	-45.4931	60.2669
-0.0977956	-309.999	-45.5726	60.3193
0.0194186	-310.635	-45.6755	60.3736
0.15738	-311.261	-45.7868	60.4267
0.34138	-311.875	-45.9059	60.4793
0.44357	-312.539	-46.0424	60.533
0.552203	-313.227	-46.1799	60.5873
0.690707	-313.858	-46.3115	60.6383
0.786924	-314.54	-46.4469	60.6912
0.856278	-315.215	-46.5829	60.7432
0.918596	-315.908	-46.7097	60.7965
0.965073	-316.593	-46.8285	60.8492
0.983482	-317.307	-46.9453	60.9038
0.984874	-318.014	-47.0543	60.9578
0.9619	-318.711	-47.1561	61.0115
0.930291	-319.361	-47.2461	61.0616
0.885052	-320.06	-47.3349	61.1161
0.787401	-320.758	-47.4207	61.1711
0.699314	-321.442	-47.4934	61.2255
0.554835	-322.11	-47.5662	61.28
0.467673	-322.762	-47.6272	61.3331
0.3522	-323.391	-47.6941	61.3857
0.191178	-324.001	-47.7673	61.4384
0.0646252	-324.584	-47.8457	61.4891
-0.0665731	-325.209	-47.9456	61.544
-0.175372	-325.82	-48.0569	61.5962
-0.344912	-326.406	-48.1767	61.6481
-0.458872	-327.03	-48.3106	61.699
-0.562005	-327.682	-48.4511	61.7519
-0.656254	-328.312	-48.5869	61.8021
-0.725709	-328.984	-48.7317	61.8548
-0.813468	-329.689	-48.8712	61.9091
-0.8723	-330.414	-49.0106	61.9638
-0.904361	-331.078	-49.1278	62.0143
-0.921769	-331.804	-49.2466	62.0696
-0.925257	-332.481	-49.3514	62.1212
-0.91205	-333.152	-49.4473	62.1727
-0.873208	-333.836	-49.5316	62.2255
-0.844308	-334.483	-49.6053	62.2777
-0.760205	-335.125	-49.6714	62.3296
-0.693479	-335.803	-49.7354	62.3847
-0.62062	-336.435	-49.8017	62.4368
-0.490919	-337.024	-49.8639	62.4882
-0.418909	-337.676	-49.9341	62.5433
-0.304513	-338.274	-50.0063	62.5958
-0.193051	-338.889	-50.09	62.6478
-0.0121719	-339.511	-50.1882	62.7031
0.0860125	-340.178	-50.3064	62.7577
0.232308	-340.842	-50.4299	62.812
0.350139	-341.489	-50.5619	62.8643
0.495834	-342.187	-50.7005	62.9202
0.575725	-342.872	-50.8433	62.9734
0.6721	-343.533	-50.9727	63.0239
0.738218	-344.202	-51.1007	63.0748
0.79422	-344.902	-51.2279	63.1275
0.838311	-345.602	-51.3486	63.1801
0.856465	-346.272	-51.4597	63.2305
0.86333	-346.989	-51.5746	63.2848
0.851066	-347.683	-51.6804	63.3377
0.811193	-348.393	-51.7822	63.392
0.773601	-349.122	-51.8784	63.4479
0.694044	-349.816	-51.9669	63.502
0.624565	-350.457	-52.0432	63.5522
0.535482	-351.118	-52.1172	63.6044
0.460765	-351.787	-52.1967	63.6573
0.334548	-352.47	-52.2791	63.7131
0.233187	-353.105	-52.3533	63.7653
0.0875141	-353.774	-52.4426	63.8211
-0.0133168	-354.43	-52.5376	63.8764
-0.154294	-355.065	-52.6407	63.9305
-0.237116	-355.684	-52.7506	63.982
-0.31141	-356.362	-52.8807	64.0373
-0.396202	-356.984	-53.0038	64.0885
-0.506824	-357.667	-53.1385	64.1435
-0.558906	-358.347	-53.2778	64.197
-0.627351	-359.022	-53.4078	64.249
-0.681573	-359.722	-53.5396	64.3031
-0.722965	-360.415	-53.6672	64.3563
-0.756222	-361.14	-53.7907	64.4115
-0.765598	-361.806	-53.9001	64.4627
-0.766111	-362.472	-54.0051	64.5141
-0.750248	-363.129	-54.1024	64.5649
-0.719112	-363.802	-54.1965	64.6171
-0.649202	-364.468	-54.284	64.6695
-0.59174	-365.172	-54.3683	64.7255
-0.51587	-365.852	-54.4496	64.7796
-0.420352	-366.527	-54.5214	64.8341
-0.322227	-367.163	-54.5922	64.8862
-0.188839	-367.793	-54.664	64.9394
-0.0758525	-368.395	-54.7352	64.9897
0.0315819	-369.003	-54.8138	65.0407
0.11337	-369.655	-54.9091	65.0953
0.264217	-370.289	-55.0126	65.1507
0.349628	-370.957	-55.1312	65.2056
0.458671	-371.588	-55.2484	65.2571
0.613378	-372.236	-55.3733	65.3102
0.686184	-372.873	-55.5039	65.3609
0.790814	-373.554	-55.6493	65.4143
0.877275	-374.278	-55.7926	65.47
0.967411	-374.974	-55.9278	65.5233
1.01745	-375.64	-56.0529	65.5739
1.04747	-376.321	-56.1752	65.6254
1.06162	-377.047	-56.2951	65.6802
1.05562	-377.75	-56.4048	65.7343
1.02523	-378.444	-56.5062	65.7873
0.966456	-379.13	-56.6021	65.8402
0.914617	-379.778	-56.6881	65.8902
0.844259	-380.456	-56.7755	65.9435
0.778413	-381.102	-56.8498	65.9947
0.713951	-381.738	-56.9246	66.045
0.591321	-382.403	-57.0038	66.0996
0.492135	-383.055	-57.0822	66.1537
0.394302	-383.667	-57.1545	66.2048
0.276969	-384.284	-57.2381	66.256
0.103927	-384.908	-57.3302	66.3102
-0.0303394	-385.535	-57.4291	66.3641
-0.133666	-386.169	-57.5371	66.4174
-0.261294	-386.772	-57.6439	66.4685
-0.418018	-387.386	-57.7553	66.5204
-0.510866	-388.035	-57.876	66.5726
-0.598846	-388.724	-58.0122	66.6274
-0.694825	-389.409	-58.1456	66.6814
-0.769938	-390.084	-58.2762	66.7342
-0.849541	-390.742	-58.4059	66.7851
-0.895093	-391.427	-58.5292	66.8375
-0.924591	-392.103	-58.6449	66.8895
-0.937438	-392.805	-58.7591	66.9439
-0.931991	-393.496	-58.866	66.9978
-0.912368	-394.141	-58.9594	67.0483
-0.878529	-394.842	-59.0551	67.1031
-0.81708	-395.479	-59.1347	67.1541
-0.772357	-396.12	-59.2037	67.2049
-0.708823	-396.753	-59.2739	67.2555
-0.587699	-397.425	-59.3496	67.31
-0.507717	-398.046	-59.4193	67.3606
-0.432535	-398.705	-59.4928	67.4154
-0.310413	-399.333	-59.5712	67.4689
-0.128864	-399.879	-59.6413	67.5195
-0.0176627	-400.508	-59.7326	67.5743
0.0966739	-401.102	-59.8332	67.6266
0.223924	-401.68	-59.9389	67.6782
0.340932	-402.298	-60.0595	67.7303
0.470209	-402.914	-60.1851	67.7804
0.57824	-403.594	-60.331	67.835
0.674224	-404.263	-60.4695	67.8872
0.770046	-404.919	-60.5999	67.9386
0.861317	-405.589	-60.7284	67.9904
0.913125	-406.331	-60.8639	68.0466
0.951481	-407.021	-60.9798	68.0987
0.971949	-407.72	-61.0902	68.1518
0.971416	-408.401	-61.1919	68.2039
0.952628	-409.063	-61.2842	68.2549
0.926609	-409.77	-61.3741	68.3096
0.856142	-410.445	-61.4575	68.3625
0.788286	-411.083	-61.5319	68.4135
0.733442	-411.783	-61.6076	68.4692
0.658931	-412.414	-61.6766	68.5203
0.513201	-413.054	-61.7472	68.5746
0.437323	-413.698	-61.8201	68.6284
0.306346	-414.346	-61.9074	68.6831
0.217433	-414.992	-62.0033	68.7373
0.0997996	-415.608	-62.1058	68.7904
-0.0546665	-416.261	-62.2259	68.8461
-0.155749	-416.873	-62.3422	68.8969
-0.267485	-417.481	-62.4643	68.9474
-0.360458	-418.11	-62.5942	68.9979
-0.477834	-418.793	-62.7352	69.0525
-0.542398	-419.474	-62.8821	69.1053
-0.607298	-420.144	-63.0161	69.1573
-0.657358	-420.831	-63.1464	69.2107
-0.693706	-421.485	-63.2639	69.2608
-0.70881	-422.175	-63.3784	69.3135
-0.706166	-422.845	-63.4816	69.3653
-0.693846	-423.516	-63.572	69.4176
-0.651871	-424.188	-63.6566	69.4702
-0.602296	-424.829	-63.7309	69.5208
-0.537293	-425.466	-63.8016	69.5717
-0.479203	-426.126	-63.8703	69.6258
-0.391208	-426.724	-63.9393	69.6761
-0.307694	-427.337	-64.0158	69.7276
-0.210005	-427.968	-64.0993	69.7811
-0.0651345	-428.572	-64.1817	69.8341
0.0364832	-429.166	-64.2686	69.8864
0.164371	-429.77	-64.3667	69.9391
0.337021	-430.354	-64.4703	69.9907
0.451574	-431.006	-64.5894	70.0455
0.563366	-431.63	-64.7151	70.0979
0.702628	-432.269	-64.8433	70.1503
0.810755	-432.938	-64.9778	70.2039
0.899417	-433.627	-65.1202	70.2571
0.996882	-434.341	-65.2572	70.3119
1.04832	-435.029	-65.3836	70.3638
1.08248	-435.712	-65.5024	70.4155
1.09702	-436.372	-65.6123	70.4655
1.09598	-437.099	-65.7263	70.5208
1.06507	-437.778	-65.8265	70.5725
1.0329	-438.473	-65.9215	70.6261
0.97765	-439.154	-66.009	70.6788
0.908057	-439.809	-66.0877	70.7302
0.808949	-440.491	-66.1689	70.7842
0.695001	-441.129	-66.2442	70.8355
0.600224	-441.762	-66.3183	70.8873
0.454416	-442.439	-66.4092	70.943
0.345662	-443.105	-66.5092	70.9986
0.186797	-443.741	-66.6136	71.0521
0.0326536	-444.355	-66.7225	71.1041
-0.0919098	-444.98	-66.8404	71.1563
-0.19956	-445.611	-66.9585	71.2075
-0.339101	-446.277	-67.0813	71.2618
-0.42393	-446.943	-67.2023	71.3149
-0.499212	-447.594	-67.3202	71.3663
-0.575119	-448.258	-67.4333	71.4181
-0.644656	-448.938	-67.544	71.4707
-0.688402	-449.608	-67.6473	71.5222
