x	y	z	t
0.452257	449.876	73.3883	0.0537526
0.433342	449.194	73.2776	0.104483
0.414193	448.447	73.1568	0.160191
0.401905	447.761	73.0479	0.211638
0.390399	447.028	72.9329	0.266599
0.38442	446.306	72.8214	0.320941
0.378396	445.612	72.7154	0.373239
0.370842	444.93	72.6108	0.424839
0.367719	444.257	72.5053	0.475833
0.369849	443.521	72.3887	0.531109
0.372319	442.846	72.2825	0.582014
0.376194	442.107	72.1692	0.637454
0.391345	441.384	72.0602	0.691554
0.401688	440.65	71.9472	0.746456
0.424871	439.943	71.8355	0.799544
0.442486	439.201	71.7157	0.855433
0.457383	438.513	71.6026	0.90744
0.480819	437.829	71.49	0.959533
0.49569	437.166	71.3845	1.01005
0.511665	436.481	71.2799	1.06211
0.538328	435.778	71.1783	1.11554
0.550379	435.051	71.0798	1.17109
0.582519	434.348	70.9825	1.22487
0.602761	433.642	70.8875	1.2788
0.630638	432.96	70.7936	1.33125
0.668559	432.299	70.7021	1.38217
0.714961	431.609	70.6035	1.43535
0.77666	430.96	70.5116	1.48568
0.819139	430.236	70.4089	1.54161
0.890622	429.507	70.3023	1.59814
0.946511	428.828	70.2016	1.65047
1.00025	428.157	70.0972	1.70177
1.07738	427.385	69.9727	1.7608
1.12435	426.715	69.8611	1.81112
1.19014	425.982	69.735	1.86642
1.22686	425.265	69.6012	1.92041
1.26276	424.548	69.4674	1.97425
1.29071	423.811	69.327	2.02951
1.30248	423.078	69.1943	2.08441
1.30628	422.382	69.0695	2.13658
1.29669	421.668	68.9449	2.19009
1.27618	420.954	68.8265	2.24372
1.23523	420.185	68.7024	2.30137
1.17968	419.464	68.5907	2.35587
1.12606	418.734	68.4831	2.41125
1.06133	418.02	68.3816	2.46575
0.970461	417.329	68.2921	2.51912
0.877078	416.627	68.2025	2.57332
0.75391	415.951	68.1212	2.62609
0.647046	415.298	68.0445	2.67788
0.550187	414.654	67.9714	2.72915
0.443799	414.005	67.8878	2.78065
0.328642	413.322	67.7949	2.83486
0.193968	412.669	67.6985	2.88728
0.110025	412.01	67.5941	2.93936
0.0138322	411.323	67.477	2.99265
-0.109233	410.573	67.3398	3.05082
-0.192304	409.88	67.2078	3.10397
-0.280934	409.211	67.0735	3.15515
-0.383304	408.468	66.9169	3.21113
-0.4549	407.792	66.7757	3.26197
-0.510983	407.1	66.6342	3.31412
-0.548513	406.429	66.5013	3.36452
-0.567213	405.751	66.376	3.41535
-0.571095	405.014	66.248	3.47083
-0.557275	404.301	66.1349	3.52515
-0.516199	403.574	66.0312	3.58028
-0.465191	402.87	65.9374	3.63405
-0.379565	402.208	65.8552	3.68531
-0.298956	401.558	65.7789	3.73621
-0.216737	400.864	65.7025	3.79056
-0.132015	400.222	65.6305	3.84152
-0.0309184	399.601	65.5613	3.89187
0.0629243	398.954	65.4865	3.94416
0.198371	398.289	65.4061	4.00015
0.305499	397.629	65.3115	4.05377
0.458323	396.967	65.2074	4.10914
0.554578	396.331	65.0962	4.16044
0.67329	395.661	64.9735	4.21399
0.796499	394.977	64.844	4.26703
0.874841	394.268	64.6965	4.32191
0.962663	393.584	64.5554	4.37469
1.05625	392.885	64.4136	4.42834
1.09892	392.189	64.2723	4.48094
1.1349	391.514	64.1481	4.53176
1.14842	390.806	64.0264	4.58477
1.14291	390.067	63.9045	4.63992
1.1203	389.334	63.7913	4.69493
1.08308	388.664	63.6948	4.74566
1.01539	387.958	63.5983	4.79938
0.963842	387.237	63.5064	4.85423
0.868333	386.538	63.4182	4.90845
0.794505	385.853	63.3397	4.96235
0.690977	385.19	63.2637	5.01523
0.58448	384.562	63.1964	5.06587
0.423214	383.949	63.1302	5.11672
0.288663	383.34	63.0569	5.16722
0.152408	382.72	62.9743	5.2183
0.0306126	382.036	62.8696	5.27347
-0.153997	381.4	62.7596	5.32649
-0.272695	380.718	62.6205	5.38086
-0.403005	380.066	62.4788	5.43285
-0.548263	379.367	62.324	5.48754
-0.645161	378.638	62.1533	5.54388
-0.739726	377.944	62.0093	5.59682
-0.830487	377.237	61.8547	5.64971
-0.871728	376.51	61.7235	5.70441
-0.890931	375.788	61.6056	5.75861
-0.884857	375.103	61.5031	5.81015
-0.858117	374.436	61.4096	5.86056
-0.813002	373.749	61.3206	5.9125
-0.77566	373.047	61.2333	5.96584
-0.684493	372.371	61.1578	6.0183
-0.601079	371.674	61.0912	6.07295
-0.506081	371.031	61.0255	6.12398
-0.400613	370.386	60.9586	6.17547
-0.253885	369.719	60.8841	6.22925
-0.15549	369.028	60.8018	6.28513
-0.0200764	368.344	60.7089	6.34095
0.0908655	367.719	60.6124	6.39128
0.20756	367.078	60.499	6.44235
0.325666	366.43	60.3756	6.49335
0.458423	365.737	60.2388	6.54843
0.543496	365.047	60.0934	6.60136
0.654747	364.293	59.9472	6.65854
0.713558	363.574	59.8028	6.71254
0.76589	362.852	59.6673	6.76684
0.808788	362.112	59.5312	6.82204
0.831536	361.4	59.4099	6.87542
0.84488	360.717	59.2992	6.9266
0.833418	360.035	59.1953	6.97797
0.807754	359.343	59.0989	7.03006
0.769416	358.601	59.009	7.08602
0.684961	357.914	58.9306	7.13887
0.604531	357.263	58.8604	7.18895
0.521454	356.558	58.7883	7.24371
0.40499	355.85	58.7085	7.29925
0.318899	355.19	58.6385	7.35133
0.219035	354.542	58.5594	7.40214
0.084576	353.851	58.4659	7.45702
-0.0056113	353.168	58.3664	7.51107
-0.107213	352.488	58.2559	7.56479
-0.251861	351.821	58.1378	7.61794
-0.343349	351.167	58.0127	7.66849
-0.43141	350.528	57.8839	7.71864
-0.514544	349.843	57.7354	7.77144
-0.600912	349.171	57.593	7.82334
-0.65808	348.501	57.45	7.87444
-0.738758	347.755	57.2904	7.93075
-0.774736	347.07	57.1518	7.98249
-0.794974	346.396	57.0219	8.03338
-0.7989	345.678	56.8965	8.08793
-0.777812	344.947	56.7862	8.14367
-0.736838	344.283	56.7004	8.19439
-0.678295	343.598	56.6193	8.2466
-0.61842	342.891	56.5459	8.30225
-0.535108	342.19	56.4695	8.35678
-0.448775	341.548	56.403	8.40775
-0.332622	340.88	56.3366	8.46171
-0.228862	340.268	56.27	8.51185
-0.106351	339.659	56.1974	8.5626
0.0408249	338.978	56.104	8.6183
0.132938	338.318	55.9988	8.67211
0.27579	337.639	55.8776	8.72775
0.361988	336.956	55.7385	8.78262
0.46555	336.292	55.6003	8.83527
0.583675	335.589	55.4539	8.89072
0.652697	334.878	55.3011	8.94578
0.711438	334.213	55.1667	8.99649
0.767314	333.53	55.0361	9.04807
0.792122	332.772	54.9027	9.10452
0.794646	332.069	54.7907	9.15743
0.775464	331.364	54.6875	9.21065
0.744899	330.675	54.6003	9.26269
0.693005	330.01	54.5202	9.31339
0.630844	329.358	54.4479	9.3634
0.551358	328.686	54.3763	9.41541
0.429451	327.992	54.3038	9.46964
0.32927	327.361	54.2399	9.51975
0.230805	326.678	54.168	9.57373
0.0767737	326.014	54.0833	9.62733
0.00790669	325.298	53.9798	9.68312
-0.0971643	324.618	53.8691	9.73722
-0.223116	323.929	53.7435	9.79194
-0.326667	323.221	53.6109	9.84729
-0.449843	322.557	53.4803	9.89928
-0.525724	321.902	53.3492	9.94973
-0.587885	321.21	53.2083	10.0026
-0.659116	320.51	53.0746	10.0557
-0.707929	319.839	52.9483	10.1065
-0.754545	319.138	52.8249	10.1592
-0.777581	318.465	52.7106	10.2098
-0.789088	317.77	52.5976	10.2625
-0.785801	317.109	52.4959	10.3127
-0.769902	316.414	52.3942	10.3654
-0.752013	315.764	52.3032	10.4157
-0.691807	315.048	52.2083	10.4711
-0.637873	314.345	52.1239	10.5257
-0.546621	313.626	52.0417	10.5821
-0.460117	312.951	51.963	10.6349
-0.342742	312.257	51.8806	10.6904
-0.250228	311.598	51.8056	10.743
-0.10644	310.918	51.7165	10.7984
-0.0168749	310.217	51.6175	10.854
0.101981	309.545	51.5094	10.9079
0.255934	308.912	51.3966	10.9593
0.338696	308.21	51.2595	11.014
0.471554	307.529	51.1209	11.0685
0.552522	306.829	50.968	11.1236
0.650495	306.143	50.8237	11.1774
0.704784	305.405	50.6692	11.2339
0.748834	304.739	50.5365	11.2845
0.783473	303.999	50.4026	11.3403
0.792809	303.251	50.2754	11.3964
0.778343	302.556	50.1698	11.4486
0.759685	301.828	50.0748	11.5038
0.71657	301.148	49.9937	11.5553
0.654258	300.477	49.92	11.6063
0.566226	299.757	49.8503	11.6625
0.467002	299.105	49.785	11.7143
0.341077	298.405	49.7099	11.7702
0.230127	297.716	49.635	11.8251
0.0889437	297.042	49.5473	11.8791
-0.0119252	296.367	49.4477	11.9332
-0.107378	295.688	49.3357	11.9869
-0.233609	294.982	49.2059	12.0427
-0.332471	294.341	49.0817	12.0927
-0.427405	293.692	48.9518	12.1436
-0.553405	292.97	48.8082	12.1998
-0.625588	292.31	48.6749	12.2512
-0.684086	291.652	48.5376	12.3022
-0.75709	290.929	48.4008	12.3577
-0.798755	290.234	48.2737	12.4105
-0.829635	289.552	48.1533	12.4624
-0.839082	288.819	48.0327	12.5183
-0.835893	288.132	47.9241	12.5706
-0.813318	287.453	47.8272	12.6225
-0.776416	286.722	47.7324	12.6781
-0.727099	286.061	47.6565	12.7293
-0.661238	285.407	47.5883	12.7798
-0.601686	284.694	47.5152	12.8355
-0.49341	284.009	47.4382	12.89
-0.421605	283.336	47.3644	12.9437
-0.283982	282.637	47.2763	13.0004
-0.193949	281.992	47.1898	13.052
-0.117504	281.305	47.0882	13.1073
0.0236543	280.64	46.9786	13.1611
0.113743	279.998	46.8585	13.2123
0.20795	279.326	46.7295	13.2651
0.297784	278.685	46.6012	13.3154
0.384827	278.017	46.4653	13.3671
0.488543	277.349	46.3278	13.4186
0.550753	276.684	46.1914	13.469
0.600697	275.955	46.0425	13.5238
0.641635	275.242	45.909	13.5774
0.669	274.574	45.7906	13.6274
0.674214	273.846	45.6729	13.6818
0.666209	273.164	45.5752	13.733
0.638053	272.494	45.4886	13.7835
0.591005	271.813	45.4084	13.8353
0.509583	271.12	45.3323	13.8891
0.444831	270.418	45.2654	13.944
0.366192	269.774	45.2008	13.9946
0.238499	269.1	45.1286	14.0492
0.155927	268.413	45.0538	14.1045
0.0735975	267.788	44.9726	14.1545
-0.0295761	267.12	44.8742	14.2078
-0.158604	266.456	44.766	14.2616
-0.243717	265.764	44.6401	14.3171
-0.371641	265.082	44.5111	14.3712
-0.449186	264.373	44.369	14.4264
-0.554844	263.691	44.2349	14.4795
-0.623254	263.002	44.1005	14.5325
-0.670895	262.278	43.959	14.5876
-0.734408	261.589	43.8313	14.6401
-0.774655	260.859	43.6984	14.6957
-0.793633	260.179	43.5816	14.7474
-0.799868	259.509	43.4713	14.7985
-0.790855	258.779	43.3564	14.8545
-0.768991	258.057	43.2484	14.9098
-0.732768	257.374	43.1516	14.9621
-0.6848	256.698	43.0638	15.0151
-0.603478	255.98	42.9727	15.0709
-0.527589	255.334	42.8966	15.1212
-0.44239	254.653	42.8214	15.1744
-0.354776	254.006	42.7464	15.2252
-0.250393	253.375	42.6719	15.2761
-0.0947995	252.721	42.5925	15.3307
-0.011891	252.041	42.5078	15.3861
0.140251	251.38	42.4148	15.4412
0.234729	250.738	42.3098	15.4944
0.390569	250.043	42.1859	15.5511
0.486152	249.377	42.0532	15.6053
0.585149	248.708	41.9197	15.6578
0.715881	248.033	41.7825	15.7115
0.791249	247.302	41.6273	15.7681
0.859138	246.642	41.4913	15.8189
0.934582	245.958	41.3555	15.8713
0.976955	245.267	41.2227	15.9237
1.00567	244.561	41.1037	15.9769
1.01389	243.872	40.9946	16.029
1.00703	243.152	40.8884	16.0837
0.975364	242.432	40.7887	16.1386
0.91048	241.727	40.6961	16.1925
0.852355	241.068	40.6121	16.2432
0.797874	240.386	40.5351	16.2963
0.687118	239.702	40.4563	16.3504
0.599675	238.999	40.3839	16.4061
0.459307	238.346	40.3127	16.4594
0.346024	237.709	40.2376	16.5116
0.223329	237.086	40.1572	16.5633
0.118197	236.455	40.0618	16.6158
0.0116916	235.827	39.9555	16.6667
-0.0975182	235.192	39.8402	16.7178
-0.243658	234.508	39.7129	16.7723
-0.316049	233.791	39.5697	16.828
-0.410468	233.074	39.4208	16.8836
-0.50001	232.421	39.2847	16.9348
-0.576287	231.71	39.1416	16.9896
-0.669104	230.988	38.9951	17.0441
-0.716826	230.318	38.8695	17.0944
-0.750167	229.575	38.7402	17.1501
-0.767766	228.876	38.6241	17.2022
-0.770453	228.189	38.5157	17.2535
-0.756913	227.518	38.4171	17.3037
-0.726644	226.814	38.32	17.3563
-0.717776	226.121	38.23	17.4082
-0.624027	225.441	38.1485	17.4607
-0.564779	224.709	38.0679	17.5172
-0.480854	224.051	37.9956	17.5684
-0.366553	223.39	37.9223	17.6206
-0.288743	222.694	37.8486	17.6763
-0.153357	222.017	37.767	17.7319
-0.0634457	221.365	37.6867	17.7853
0.0381834	220.707	37.5934	17.8379
0.195604	220.079	37.4936	17.8907
0.297291	219.411	37.3728	17.945
0.414839	218.732	37.2413	17.9999
0.560908	218.104	37.1128	18.0501
0.65851	217.382	36.9608	18.1062
0.783159	216.664	36.8147	18.1617
0.868529	215.97	36.6672	18.2142
0.943097	215.277	36.5301	18.2665
0.994808	214.577	36.3983	18.319
1.04001	213.858	36.2712	18.3732
1.05733	213.155	36.1547	18.4259
1.05233	212.436	36.0432	18.4802
1.0316	211.717	35.9386	18.5349
0.976422	210.984	35.8366	18.5906
0.915066	210.259	35.7469	18.6464
0.812797	209.565	35.6639	18.7005
0.733483	208.873	35.5889	18.7546
0.635795	208.227	35.5165	18.8052
0.531493	207.57	35.443	18.8576
0.416926	206.929	35.37	18.9097
0.249286	206.321	35.2973	18.9611
0.1263	205.686	35.2148	19.0143
0.00601803	205.01	35.1132	19.0694
-0.156735	204.387	35.01	19.1217
-0.272855	203.667	34.8736	19.1782
-0.413728	202.976	34.7356	19.2322
-0.514803	202.312	34.595	19.2829
-0.599142	201.633	34.4419	19.3347
-0.677406	200.905	34.2923	19.3892
-0.774632	200.152	34.1392	19.4447
-0.821661	199.402	33.998	19.5003
-0.859851	198.657	33.8613	19.5557
-0.874043	197.964	33.7474	19.6072
-0.870381	197.285	33.6482	19.6579
-0.850789	196.564	33.5506	19.7123
-0.803759	195.865	33.4671	19.765
-0.783437	195.149	33.3795	19.8186
-0.678932	194.469	33.3043	19.8711
-0.582547	193.818	33.2359	19.9218
-0.494278	193.112	33.1673	19.9764
-0.352977	192.425	33.0926	20.0315
-0.253576	191.738	33.0181	20.0867
-0.138838	191.113	32.9398	20.1374
0.0314791	190.457	32.8475	20.1924
0.164349	189.831	32.7465	20.2437
0.264457	189.167	32.6186	20.2974
0.441095	188.487	32.4785	20.3531
0.540605	187.812	32.3252	20.4069
0.638958	187.156	32.1805	20.4578
0.76592	186.46	32.0308	20.5123
0.831422	185.724	31.8752	20.5683
0.894645	184.999	31.737	20.6235
0.925289	184.311	31.6108	20.6756
0.934674	183.627	31.501	20.7272
0.911321	182.92	31.3996	20.7801
0.863337	182.207	31.3078	20.8336
0.799817	181.494	31.229	20.8873
0.713017	180.787	31.1528	20.9407
0.599651	180.049	31.0833	20.9969
0.510312	179.387	31.0181	21.0478
0.368249	178.712	30.9484	21.1013
0.273549	178.008	30.8718	21.157
0.157678	177.357	30.7865	21.2085
0.00605126	176.691	30.6849	21.2627
-0.0755546	176.003	30.5648	21.3177
-0.18754	175.38	30.4438	21.3691
-0.326808	174.722	30.3095	21.4229
-0.414365	174.08	30.172	21.4739
-0.495068	173.418	30.0205	21.526
-0.579765	172.728	29.8708	21.5789
-0.663593	172.015	29.7184	21.6332
-0.705895	171.324	29.5681	21.6857
-0.741536	170.653	29.4395	21.7364
-0.747818	169.917	29.3132	21.7914
-0.735448	169.222	29.2064	21.8434
-0.706755	168.499	29.115	21.8984
-0.638828	167.785	29.0381	21.9529
-0.561845	167.118	28.9779	22.0038
-0.474298	166.432	28.9279	22.0563
-0.352917	165.724	28.8642	22.1117
-0.233727	165.058	28.8024	22.1646
-0.128118	164.403	28.739	22.2174
-0.0247627	163.752	28.6558	22.2699
0.136002	163.109	28.5592	22.3233
0.232506	162.457	28.4398	22.3768
0.351899	161.807	28.3099	22.4299
0.487192	161.135	28.1586	22.4852
0.589237	160.481	28.0116	22.5377
0.703131	159.8	27.8587	22.5914
0.771888	159.097	27.698	22.6455
0.823496	158.398	27.5552	22.6985
0.860823	157.694	27.4218	22.7517
0.877016	156.969	27.2973	22.8059
0.872647	156.235	27.1862	22.8609
0.820051	155.538	27.0962	22.9134
0.767883	154.816	27.0186	22.9681
0.66057	154.116	26.9465	23.0222
0.575506	153.45	26.884	23.0743
0.469726	152.822	26.8326	23.1249
0.381876	152.164	26.7831	23.1778
0.235235	151.485	26.7086	23.233
0.111325	150.861	26.6283	23.2854
0.0113445	150.266	26.5359	23.3364
-0.0888616	149.638	26.4253	23.3877
-0.204134	149.014	26.3061	23.4385
-0.338649	148.35	26.1745	23.492
-0.432851	147.684	26.0401	23.5445
-0.509579	146.964	25.8911	23.5998
-0.597743	146.274	25.7546	23.6524
-0.650546	145.594	25.6243	23.7035
-0.695632	144.923	25.5004	23.7538
-0.734776	144.232	25.3778	23.8058
-0.753791	143.547	25.2647	23.8572
-0.758926	142.807	25.1461	23.9128
-0.750372	142.109	25.0401	23.9659
-0.720932	141.438	24.9447	24.0164
-0.692898	140.727	24.8482	24.0697
-0.644007	140.054	24.7625	24.1207
-0.556432	139.359	24.6799	24.1736
-0.492531	138.674	24.6102	24.2261
-0.414674	137.962	24.5317	24.2814
-0.299604	137.28	24.4637	24.3364
-0.202817	136.613	24.3869	24.3898
-0.0950517	135.952	24.3039	24.4425
0.0447786	135.325	24.2177	24.4935
0.121657	134.63	24.109	24.549
0.244763	134.004	24.0002	24.5997
0.391819	133.302	23.8701	24.6552
0.501106	132.659	23.7427	24.7059
0.596034	132.013	23.6038	24.7561
0.691805	131.298	23.4588	24.8102
0.787954	130.603	23.3196	24.8631
0.846935	129.901	23.1833	24.9157
0.899205	129.2	23.051	24.9679
0.93345	128.483	22.9282	25.0211
0.953058	127.755	22.8096	25.0754
0.957497	127.042	22.6997	25.1285
0.93418	126.319	22.5931	25.1825
0.908965	125.592	22.4923	25.237
0.861651	124.894	22.3974	25.2899
0.802366	124.199	22.3074	25.3431
0.705777	123.518	22.2236	25.3956
0.627396	122.86	22.1515	25.4467
0.523286	122.209	22.0772	25.4981
0.41233	121.564	22.0049	25.5495
0.265865	120.903	21.9273	25.6027
0.16179	120.23	21.8477	25.6568
0.0550649	119.558	21.7541	25.7115
-0.13515	118.915	21.6555	25.7658
-0.263563	118.237	21.5372	25.8215
-0.429068	117.586	21.413	25.8752
-0.54317	116.95	21.2767	25.9269
-0.672276	116.272	21.1372	25.9809
-0.797647	115.602	21.0006	26.0336
-0.8953	114.892	20.8571	26.0884
-0.962631	114.164	20.7209	26.1433
-1.01613	113.476	20.5956	26.1951
-1.05721	112.804	20.4834	26.2455
-1.08858	112.105	20.3789	26.2973
-1.10182	111.4	20.2786	26.3502
-1.10316	110.71	20.1802	26.4022
-1.08865	110.019	20.0782	26.4543
-1.05082	109.306	19.9724	26.5078
-1.00314	108.63	19.8751	26.5579
-0.961616	107.944	19.7821	26.6092
-0.875734	107.245	19.6916	26.6628
-0.812157	106.547	19.6081	26.7165
-0.735694	105.842	19.5211	26.7711
-0.621399	105.134	19.4344	26.8266
-0.548631	104.44	19.3533	26.881
-0.410143	103.785	19.2697	26.9328
-0.311344	103.113	19.179	26.9853
-0.207123	102.388	19.076	27.0421
-0.0710319	101.708	18.9698	27.0971
0.045349	101.073	18.8615	27.1477
0.171666	100.384	18.7371	27.2018
0.29233	99.6733	18.5971	27.2576
0.38554	98.9776	18.4599	27.3112
0.521724	98.3066	18.3232	27.3632
0.606928	97.5794	18.1667	27.4178
0.694134	96.8623	18.0204	27.4717
0.773646	96.1369	17.879	27.5257
0.819923	95.4358	17.7471	27.5778
0.850979	94.6812	17.6213	27.6338
0.85377	93.988	17.5138	27.6854
0.838641	93.2701	17.4129	27.7393
0.804285	92.575	17.3207	27.7921
0.734301	91.8561	17.2357	27.8475
0.659908	91.2217	17.1636	27.8976
0.570919	90.5606	17.0903	27.9498
0.478605	89.8919	17.0172	28.003
0.344015	89.2642	16.9484	28.0543
0.228484	88.6243	16.8742	28.1069
0.134226	87.963	16.7834	28.1597
0.00598377	87.3505	16.6892	28.2097
-0.120655	86.7155	16.5819	28.2622
-0.292113	86.0763	16.4621	28.3154
-0.399201	85.4322	16.3351	28.3661
-0.482263	84.7778	16.1972	28.4174
-0.574124	84.1279	16.0658	28.468
-0.654717	83.4732	15.9356	28.5182
-0.719428	82.8076	15.8061	28.5687
-0.769104	82.1356	15.6785	28.6192
-0.807182	81.4045	15.5464	28.674
-0.825965	80.7045	15.4268	28.7262
-0.827976	80.0282	15.3179	28.7769
-0.81001	79.339	15.215	28.8287
-0.795865	78.6856	15.1242	28.879
-0.745644	78.0233	15.0406	28.9294
-0.655356	77.3637	14.9645	28.98
-0.572771	76.6752	14.8876	29.0332
-0.451123	76.0183	14.817	29.0855
-0.370436	75.3569	14.7511	29.1383
-0.273759	74.6856	14.6731	29.1922
-0.170131	74.063	14.5961	29.2426
-0.00997167	73.4507	14.512	29.2952
0.0747142	72.8019	14.4093	29.3477
0.194164	72.1282	14.2915	29.4031
0.346055	71.4792	14.1684	29.4561
0.435786	70.7942	14.0292	29.5111
0.541612	70.1576	13.899	29.5615
0.641117	69.5145	13.7637	29.6115
0.767321	68.8236	13.6206	29.665
0.846893	68.1403	13.4819	29.7171
0.912695	67.4559	13.3458	29.7687
0.965595	66.7511	13.2212	29.8215
0.998796	66.0577	13.1068	29.8734
1.0066	65.3495	12.9968	29.9263
0.993715	64.6704	12.8975	29.9774
0.965918	63.9761	12.8061	30.0297
0.917246	63.3067	12.7208	30.0806
0.830083	62.6144	12.6358	30.1338
0.757105	61.9467	12.5581	30.1853
0.687575	61.2443	12.484	30.2399
0.544343	60.5636	12.4084	30.2946
0.447774	59.88	12.3379	30.3497
0.34886	59.231	12.2644	30.4019
0.18812	58.5714	12.1805	30.4574
0.0647722	57.9768	12.0974	30.5074
-0.0213595	57.3206	11.9885	30.5606
-0.196188	56.6382	11.8627	30.6173
-0.306721	56.0198	11.7364	30.6679
-0.394869	55.3851	11.5944	30.7189
-0.492226	54.7195	11.4536	30.7712
-0.582561	54.0723	11.318	30.8219
-0.678473	53.3775	11.1776	30.876
-0.737122	52.6586	11.0323	30.931
-0.791989	51.941	10.8991	30.9857
-0.82415	51.2105	10.7716	31.0411
-0.835813	50.5018	10.6595	31.0948
-0.830967	49.8218	10.5593	31.1464
-0.808351	49.1408	10.4666	31.1981
-0.772319	48.4875	10.3931	31.2491
-0.720861	47.8406	10.32	31.2994
-0.652578	47.2001	10.2526	31.3496
-0.559002	46.5427	10.1835	31.4017
-0.433453	45.8852	10.1121	31.4555
-0.356295	45.2397	10.0469	31.5084
-0.25262	44.5689	9.96832	31.5641
-0.0768669	43.9619	9.89496	31.6171
0.0375088	43.3488	9.8131	31.6688
0.190353	42.68	9.70679	31.7251
0.298202	42.006	9.58295	31.781
0.423157	41.389	9.46144	31.8316
0.55188	40.7582	9.33193	31.8823
0.697642	40.0689	9.19039	31.9365
0.797004	39.4052	9.05192	31.9874
0.89602	38.6842	8.90337	32.0421
0.976137	38.0103	8.77403	32.0932
1.05276	37.3215	8.65121	32.1449
1.09412	36.609	8.53139	32.198
1.11683	35.9266	8.42193	32.249
1.12319	35.2391	8.31569	32.3005
1.11204	34.5417	8.21363	32.3529
1.07211	33.8583	8.11784	32.4047
1.02835	33.1535	8.02302	32.4582
0.965461	32.4992	7.94424	32.5086
0.88663	31.8164	7.86041	32.561
0.7954	31.1461	7.78071	32.613
0.693133	30.507	7.70641	32.6634
0.532717	29.8361	7.63201	32.7187
0.410679	29.1861	7.55296	32.7726
0.239586	28.5797	7.47406	32.8241
0.110769	27.9844	7.39078	32.8743
9.22233e-005	27.3202	7.28488	32.93
-0.133236	26.6607	7.16736	32.9843
-0.298312	26.0478	7.0424	33.0358
-0.400307	25.3858	6.89137	33.0888
-0.518988	24.7556	6.74848	33.1392
-0.619218	24.1048	6.60304	33.1901
-0.702096	23.4246	6.45878	33.2425
-0.783898	22.7258	6.31834	33.2964
-0.821658	21.9921	6.17804	33.3519
-0.850573	21.279	6.05712	33.406
-0.859296	20.5627	5.94662	33.4606
-0.846862	19.8423	5.84488	33.5156
-0.818103	19.1989	5.76385	33.566
-0.768471	18.5386	5.69025	33.6173
-0.707077	17.8921	5.63556	33.6689
-0.621708	17.2071	5.56947	33.7238
-0.482932	16.5929	5.51483	33.7745
-0.368869	15.9573	5.45548	33.8271
-0.26365	15.3119	5.39623	33.8822
-0.107642	14.7006	5.32577	33.9359
-0.0127781	14.0898	5.24173	33.9894
0.128549	13.5236	5.14837	34.0396
0.305355	12.8841	5.03119	34.0952
0.452482	12.2606	4.90827	34.1476
0.572019	11.5844	4.7646	34.2021
0.698571	10.9324	4.62529	34.2535
0.814635	10.2637	4.48243	34.3052
0.945096	9.53728	4.33065	34.3608
1.05393	8.80795	4.19189	34.416
1.11362	8.05824	4.05535	34.4721
1.15303	7.37692	3.93996	34.5234
1.17522	6.71493	3.83195	34.5735
1.17541	5.99657	3.71867	34.6275
1.16007	5.31712	3.61768	34.679
1.12887	4.62748	3.5262	34.7312
1.07524	3.94581	3.43898	34.7832
0.977461	3.22804	3.34963	34.8385
0.896929	2.57331	3.27379	34.8887
0.797977	1.90464	3.20526	34.9416
0.689669	1.26144	3.13884	34.9932
0.525336	0.603252	3.06998	35.0477
0.413871	-0.00186509	3.00335	35.0985
0.316179	-0.619331	2.92586	35.1501
0.17194	-1.20191	2.83666	35.2011
0.0112529	-1.83431	2.7265	35.256
-0.1383	-2.45446	2.60508	35.3089
-0.233153	-3.13837	2.45224	35.3645
-0.367841	-3.83515	2.2893	35.4205
-0.461969	-4.47589	2.14516	35.4708
-0.558767	-5.16669	1.99885	35.5239
-0.65639	-5.89316	1.85048	35.5798
-0.705519	-6.65091	1.71383	35.6371
-0.735824	-7.33015	1.60078	35.6882
-0.747421	-8.0296	1.49312	35.7415
-0.725835	-8.7352	1.39545	35.7955
-0.69629	-9.45894	1.30939	35.851
-0.641635	-10.1082	1.23709	35.9012
-0.544953	-10.7858	1.16499	35.9549
-0.482099	-11.4211	1.10175	36.0049
-0.357551	-12.0446	1.03911	36.0555
-0.274579	-12.719	0.972049	36.1099
-0.154431	-13.3082	0.90727	36.1599
0.0119932	-13.9648	0.825763	36.2164
0.104522	-14.6215	0.734206	36.2707
0.238103	-15.2047	0.6377	36.3209
0.37279	-15.8198	0.522282	36.3737
0.528175	-16.4652	0.392527	36.4278
0.617937	-17.133	0.246163	36.4813
0.725044	-17.8132	0.100709	36.5352
0.857348	-18.4517	-0.0376116	36.5853
0.939205	-19.1868	-0.19266	36.641
1.01679	-19.9331	-0.33542	36.6969
1.05948	-20.6866	-0.470524	36.7529
1.08434	-21.3975	-0.58623	36.8058
1.08905	-22.0692	-0.687063	36.8559
1.05961	-22.7432	-0.779183	36.9061
1.01564	-23.4149	-0.863579	36.957
0.953634	-24.0682	-0.939347	37.007
0.876342	-24.7524	-1.0083	37.0601
0.780818	-25.4202	-1.07722	37.1126
0.621861	-26.1026	-1.14646	37.1678
0.524338	-26.7471	-1.20464	37.2202
0.410294	-27.3653	-1.2736	37.2703
0.296319	-27.9824	-1.35559	37.3205
0.163539	-28.6067	-1.45255	37.3716
0.0305954	-29.255	-1.56638	37.4256
-0.147588	-29.8741	-1.68734	37.4768
-0.250834	-30.5549	-1.83203	37.5312
-0.368868	-31.2176	-1.97079	37.584
-0.469289	-31.8493	-2.10642	37.6341
-0.565563	-32.5086	-2.24623	37.6856
-0.652091	-33.1632	-2.3833	37.7363
-0.710535	-33.8232	-2.51483	37.7866
-0.753784	-34.4899	-2.63911	37.8368
-0.781109	-35.1689	-2.75652	37.8879
-0.791872	-35.867	-2.86961	37.9405
-0.781925	-36.5827	-2.97687	37.9949
-0.743352	-37.3148	-3.07326	38.0504
-0.719711	-37.9846	-3.15196	38.1017
-0.629351	-38.6787	-3.22917	38.1557
-0.539023	-39.3683	-3.30041	38.2098
-0.468458	-40.0364	-3.35971	38.2624
-0.369605	-40.6702	-3.42301	38.313
-0.248667	-41.2828	-3.48515	38.3636
-0.0831546	-41.9142	-3.55541	38.418
0.0360547	-42.5013	-3.62703	38.4684
0.134228	-43.097	-3.71232	38.5189
0.239443	-43.7052	-3.81809	38.5712
0.364211	-44.2937	-3.93472	38.6216
0.487055	-44.8908	-4.06176	38.6717
0.617225	-45.5364	-4.20341	38.7242
0.76422	-46.1883	-4.34965	38.7777
0.852806	-46.8723	-4.50747	38.8317
0.943182	-47.5455	-4.64631	38.8839
1.02941	-48.2517	-4.78123	38.9376
1.08343	-48.9585	-4.90784	38.9911
1.11673	-49.64	-5.01949	39.0423
1.12248	-50.3663	-5.13114	39.0968
1.11485	-51.11	-5.23573	39.1527
1.06673	-51.8322	-5.33285	39.2074
1.00473	-52.5205	-5.42089	39.2603
0.945579	-53.2379	-5.50444	39.3156
0.824558	-53.9421	-5.58714	39.3708
0.72842	-54.593	-5.65324	39.4228
0.613209	-55.2113	-5.71803	39.473
0.485445	-55.8257	-5.78347	39.5238
0.348462	-56.4397	-5.85724	39.574
0.234682	-57.0564	-5.9411	39.6249
0.0563785	-57.7258	-6.04551	39.6804
-0.0356878	-58.4016	-6.16472	39.7342
-0.202248	-59.072	-6.2895	39.7889
-0.298694	-59.7651	-6.42784	39.8435
-0.449855	-60.4534	-6.56248	39.898
-0.52832	-61.1622	-6.70485	39.9528
-0.629913	-61.8791	-6.8416	40.0084
-0.696501	-62.5893	-6.98066	40.0632
-0.771509	-63.2479	-7.10314	40.1133
-0.815943	-63.9521	-7.22629	40.1662
-0.845082	-64.6231	-7.33788	40.2168
-0.858782	-65.3525	-7.45095	40.2721
-0.852364	-66.0235	-7.5492	40.3228
-0.828035	-66.7281	-7.64921	40.3758
-0.785048	-67.391	-7.73873	40.426
-0.742243	-68.0496	-7.82063	40.4765
-0.640097	-68.7124	-7.90072	40.5279
-0.567503	-69.4217	-7.98034	40.5832
-0.455361	-70.097	-8.05792	40.6368
-0.362383	-70.76	-8.13311	40.6899
-0.279143	-71.3992	-8.19958	40.7413
-0.183107	-72.017	-8.27195	40.792
-0.0887846	-72.647	-8.35176	40.8447
0.0935417	-73.2717	-8.44049	40.899
0.213458	-73.8844	-8.54139	40.9505
0.311697	-74.542	-8.66352	41.004
0.480146	-75.1928	-8.7899	41.0589
0.612533	-75.8224	-8.91805	41.1103
0.713769	-76.4797	-9.06029	41.1621
0.821167	-77.1512	-9.20034	41.2152
0.948919	-77.8255	-9.33806	41.2683
1.03085	-78.5321	-9.48206	41.3228
1.10011	-79.2328	-9.6125	41.3766
1.14307	-79.9586	-9.74114	41.4316
1.1635	-80.6893	-9.86007	41.4869
1.1618	-81.3478	-9.96254	41.5369
1.13795	-82.0368	-10.0637	41.5892
1.10276	-82.7629	-10.1613	41.6444
1.04683	-83.4618	-10.2518	41.6979
0.963637	-84.1752	-10.3339	41.7529
0.873478	-84.8609	-10.4126	41.8067
0.734757	-85.4873	-10.4824	41.8574
0.61044	-86.1151	-10.5534	41.9086
0.48476	-86.7578	-10.6286	41.9612
0.377281	-87.43	-10.7105	42.0161
0.255759	-88.0464	-10.7957	42.0674
0.121518	-88.7146	-10.8982	42.1227
-0.0432235	-89.4027	-11.014	42.1793
-0.163161	-90.0345	-11.1308	42.2299
-0.271151	-90.7092	-11.2665	42.2837
-0.421187	-91.4103	-11.406	42.3393
-0.510966	-92.0762	-11.5413	42.3905
-0.594483	-92.7387	-11.6748	42.4415
-0.66053	-93.4548	-11.8184	42.4963
-0.7569	-94.1961	-11.9608	42.5525
-0.803278	-94.8817	-12.0839	42.6037
-0.837144	-95.6141	-12.2097	42.6585
-0.859419	-96.322	-12.3278	42.7113
-0.8688	-96.9957	-12.4361	42.762
-0.858772	-97.6758	-12.5365	42.8133
-0.828746	-98.3946	-12.6343	42.8677
-0.772849	-99.0534	-12.7146	42.9186
-0.712286	-99.7022	-12.7868	42.9688
-0.654613	-100.386	-12.8543	43.0223
-0.571176	-101.053	-12.9263	43.0755
-0.436039	-101.726	-13.0025	43.1308
-0.329833	-102.339	-13.0737	43.1817
-0.247914	-102.988	-13.1545	43.2361
-0.0797079	-103.611	-13.2456	43.2911
0.015616	-104.23	-13.3528	43.343
0.131722	-104.896	-13.4774	43.3975
0.269829	-105.56	-13.6155	43.4527
0.423851	-106.235	-13.755	43.5081
0.541818	-106.899	-13.8953	43.561
0.635547	-107.597	-14.0483	43.6158
0.74008	-108.278	-14.1862	43.6688
0.801722	-108.966	-14.3185	43.7214
0.848279	-109.685	-14.4487	43.7758
0.871783	-110.403	-14.5685	43.8302
0.871238	-111.118	-14.6777	43.8842
0.83137	-111.858	-14.7814	43.9398
0.779939	-112.535	-14.8686	43.9908
0.73228	-113.246	-14.9513	44.045
0.672324	-113.922	-15.0301	44.0966
0.574516	-114.649	-15.1085	44.1526
0.468723	-115.34	-15.1866	44.207
0.317573	-115.976	-15.2582	44.2591
0.186308	-116.593	-15.3307	44.31
0.0697982	-117.223	-15.4124	44.3617
-0.0367244	-117.858	-15.5042	44.4135
-0.158025	-118.503	-15.61	44.4669
-0.342666	-119.121	-15.7232	44.5193
-0.420368	-119.797	-15.86	44.573
-0.527778	-120.488	-16.0009	44.6267
-0.640754	-121.181	-16.1452	44.6808
-0.711746	-121.882	-16.2974	44.7349
-0.789368	-122.561	-16.4354	44.7859
-0.8348	-123.249	-16.5705	44.8379
-0.868043	-123.973	-16.7063	44.8927
-0.878442	-124.707	-16.8311	44.9481
-0.874068	-125.381	-16.9389	44.9988
-0.853127	-126.07	-17.0409	45.0505
-0.815935	-126.741	-17.1307	45.1008
-0.764467	-127.4	-17.2114	45.1521
-0.711077	-128.071	-17.2791	45.2041
-0.631956	-128.72	-17.3448	45.2553
-0.545682	-129.353	-17.4086	45.306
-0.412227	-130.017	-17.4781	45.3603
-0.326054	-130.668	-17.5432	45.4155
-0.167591	-131.295	-17.6178	45.4704
-0.0760062	-131.921	-17.7011	45.5245
0.0578753	-132.507	-17.7948	45.5752
0.195292	-133.139	-17.9076	45.6286
0.356396	-133.767	-18.029	45.682
0.477429	-134.428	-18.1653	45.7368
0.591011	-135.054	-18.2937	45.787
0.730561	-135.719	-18.4282	45.8395
0.816256	-136.375	-18.5601	45.8904
0.88433	-137.085	-18.6984	45.9447
0.9387	-137.752	-18.8214	45.9953
0.980799	-138.459	-18.9438	46.0491
0.994253	-139.149	-19.0588	46.1011
0.994863	-139.842	-19.1702	46.1534
0.972373	-140.561	-19.2783	46.2077
0.918471	-141.273	-19.3768	46.2616
0.864581	-141.977	-19.4628	46.3155
0.779843	-142.635	-19.54	46.3662
0.661576	-143.344	-19.6216	46.4215
0.561756	-143.981	-19.6906	46.4717
0.47057	-144.645	-19.759	46.5251
0.362394	-145.271	-19.8317	46.5759
0.246094	-145.89	-19.9107	46.627
0.0895786	-146.495	-19.996	46.6793
-0.0280248	-147.163	-20.1	46.7347
-0.140745	-147.809	-20.2114	46.7876
-0.306773	-148.472	-20.3345	46.8426
-0.387206	-149.144	-20.4712	46.8957
-0.487092	-149.806	-20.6035	46.9478
-0.599902	-150.536	-20.7497	47.0039
-0.680556	-151.203	-20.8769	47.0544
-0.751434	-151.945	-21.0108	47.1098
-0.795658	-152.648	-21.1349	47.1623
-0.828419	-153.398	-21.2632	47.218
-0.846447	-154.087	-21.3751	47.2694
-0.849391	-154.766	-21.4813	47.3202
-0.83899	-155.437	-21.5802	47.3715
-0.813114	-156.11	-21.6747	47.4223
-0.776166	-156.789	-21.7609	47.4739
-0.72477	-157.444	-21.8424	47.5241
-0.668116	-158.12	-21.924	47.5762
-0.558044	-158.807	-22.0038	47.63
-0.478005	-159.516	-22.0783	47.6858
-0.378368	-160.158	-22.1488	47.7367
-0.29055	-160.801	-22.2235	47.7871
-0.206431	-161.449	-22.3045	47.8384
-0.0912203	-162.069	-22.3873	47.8889
0.0451342	-162.681	-22.4761	47.9391
0.146831	-163.351	-22.584	47.9937
0.248117	-163.994	-22.6946	48.045
0.401418	-164.665	-22.8155	48.0996
0.497389	-165.319	-22.9393	48.151
0.576716	-166.017	-23.0818	48.2059
0.692933	-166.715	-23.2235	48.2599
0.766398	-167.367	-23.359	48.3102
0.83022	-168.02	-23.4931	48.3602
0.883384	-168.693	-23.6247	48.4111
0.91243	-169.403	-23.7565	48.4651
0.928864	-170.089	-23.87	48.5174
0.92428	-170.778	-23.9752	48.5704
0.91581	-171.481	-24.0714	48.6242
0.86919	-172.198	-24.1659	48.679
0.815082	-172.892	-24.2534	48.7327
0.740714	-173.541	-24.3319	48.7834
0.669744	-174.196	-24.4042	48.8351
0.551117	-174.879	-24.4818	48.8898
0.436496	-175.535	-24.5525	48.9433
0.340887	-176.17	-24.6196	48.9951
0.182125	-176.815	-24.6993	49.05
0.06092	-177.445	-24.7873	49.1039
-0.0715598	-178.091	-24.893	49.1584
-0.244719	-178.68	-25.0025	49.2094
-0.333786	-179.365	-25.1422	49.264
-0.437661	-180.054	-25.284	49.3183
-0.573221	-180.731	-25.4268	49.3718
-0.665539	-181.433	-25.5801	49.4259
-0.787512	-182.102	-25.7201	49.4769
-0.857644	-182.787	-25.8591	49.5276
-0.914215	-183.51	-25.9988	49.5814
-0.958245	-184.231	-26.1344	49.635
-0.974645	-184.917	-26.25	49.6862
-0.972893	-185.611	-26.3563	49.7379
-0.959324	-186.287	-26.4516	49.7889
-0.926284	-187.014	-26.545	49.8439
-0.878915	-187.697	-26.6295	49.8955
-0.840546	-188.357	-26.7031	49.9463
-0.730896	-189.068	-26.7806	50.0014
-0.657762	-189.759	-26.8456	50.0553
-0.565956	-190.392	-26.9092	50.106
-0.476743	-191.024	-26.9761	50.1571
-0.32639	-191.675	-27.0514	50.2112
-0.212376	-192.294	-27.1306	50.2627
-0.0844712	-192.893	-27.2203	50.3136
0.0345827	-193.507	-27.3318	50.3661
0.168896	-194.166	-27.458	50.4203
0.27017	-194.802	-27.5876	50.4714
0.356973	-195.473	-27.7339	50.5255
0.466188	-196.109	-27.872	50.5762
0.593685	-196.813	-28.0237	50.6319
0.667569	-197.484	-28.1694	50.6836
0.727665	-198.198	-28.3228	50.7383
0.77622	-198.866	-28.4518	50.7886
0.81134	-199.534	-28.5696	50.8389
0.82555	-200.227	-28.6793	50.8912
0.821453	-200.936	-28.7767	50.945
0.793295	-201.64	-28.8626	50.9986
0.719388	-202.338	-28.9387	51.0525
0.63679	-202.982	-29.001	51.1027
0.550709	-203.676	-29.0599	51.1574
0.416613	-204.362	-29.1273	51.2129
0.311443	-205.036	-29.1914	51.267
0.159257	-205.681	-29.2698	51.3213
0.0643369	-206.342	-29.3605	51.3762
-0.0402885	-206.989	-29.4632	51.4294
-0.153885	-207.59	-29.5674	51.48
-0.314079	-208.228	-29.6857	51.5341
-0.402992	-208.843	-29.8125	51.5851
-0.497847	-209.485	-29.9422	51.6368
-0.574252	-210.142	-30.0749	51.6879
-0.668289	-210.828	-30.2101	51.7407
-0.729489	-211.543	-30.3493	51.7949
-0.791364	-212.279	-30.4774	51.8503
-0.837982	-212.952	-30.5887	51.9007
-0.856452	-213.665	-30.7035	51.9544
-0.852902	-214.392	-30.8151	52.0095
-0.824918	-215.123	-30.9231	52.0647
-0.800514	-215.784	-31.015	52.1154
-0.745997	-216.443	-31.1035	52.166
-0.654876	-217.161	-31.1964	52.2217
-0.578936	-217.85	-31.2756	52.2752
-0.491402	-218.505	-31.3497	52.3265
-0.394695	-219.166	-31.4229	52.3788
-0.287242	-219.802	-31.4934	52.4301
-0.123528	-220.432	-31.5658	52.4818
-0.0315741	-221.101	-31.647	52.5361
0.110785	-221.749	-31.7397	52.59
0.280754	-222.408	-31.8469	52.6454
0.403309	-223.037	-31.9606	52.6969
0.513572	-223.665	-32.0817	52.7477
0.659407	-224.339	-32.2167	52.802
0.769665	-224.994	-32.3548	52.8531
0.855519	-225.708	-32.5094	52.9078
0.947009	-226.408	-32.6496	52.9611
1.00215	-227.09	-32.7796	53.0122
1.04037	-227.763	-32.899	53.0627
1.06133	-228.497	-33.0238	53.1181
1.06143	-229.21	-33.1363	53.1721
1.04471	-229.878	-33.237	53.2225
1.01362	-230.594	-33.338	53.2775
0.965546	-231.274	-33.429	53.3297
0.874928	-231.967	-33.5168	53.3834
0.817132	-232.681	-33.6005	53.4387
0.726505	-233.324	-33.6738	53.4888
0.592517	-233.993	-33.7493	53.5424
0.511667	-234.694	-33.8235	53.5978
0.345812	-235.327	-33.8978	53.6516
0.237274	-235.998	-33.9863	53.7061
0.0951875	-236.645	-34.0863	53.7602
0.00900564	-237.324	-34.2019	53.8159
-0.117966	-237.991	-34.3211	53.8701
-0.250412	-238.641	-34.4425	53.9233
-0.331122	-239.304	-34.5755	53.9761
-0.423522	-239.96	-34.7064	54.0279
-0.532606	-240.643	-34.8436	54.0813
-0.602198	-241.339	-34.9819	54.1348
-0.662221	-242.019	-35.1158	54.1862
-0.705537	-242.703	-35.2379	54.2371
-0.735412	-243.441	-35.3633	54.2922
-0.749102	-244.184	-35.4856	54.348
-0.748298	-244.891	-35.5984	54.4012
-0.726581	-245.635	-35.7117	54.4566
-0.689769	-246.333	-35.8134	54.5091
-0.617222	-247.06	-35.9118	54.5646
-0.555617	-247.752	-35.9948	54.6179
-0.447735	-248.442	-36.0757	54.6712
-0.339035	-249.124	-36.1521	54.7249
-0.249823	-249.807	-36.2219	54.78
-0.0890189	-250.457	-36.2933	54.8338
0.023914	-251.147	-36.3692	54.8907
0.177304	-251.8	-36.4519	54.9455
0.273064	-252.405	-36.5373	54.9969
0.425071	-253.006	-36.6352	55.0479
0.535423	-253.637	-36.7484	55.0999
0.705692	-254.263	-36.8694	55.1535
0.807834	-254.924	-37.0101	55.2074
0.938019	-255.603	-37.1507	55.2618
1.01263	-256.317	-37.3014	55.3172
1.09319	-257.027	-37.4385	55.3717
1.14427	-257.766	-37.5763	55.4279
1.17711	-258.492	-37.7038	55.4831
1.18898	-259.211	-37.8245	55.5375
1.18275	-259.909	-37.9316	55.5904
1.15712	-260.573	-38.0273	55.6407
1.10223	-261.281	-38.1272	55.6943
1.05262	-261.954	-38.2149	55.7463
0.983488	-262.637	-38.302	55.7996
0.868745	-263.295	-38.3779	55.8525
0.788605	-263.96	-38.4446	55.9062
0.675141	-264.615	-38.5142	55.96
0.495422	-265.251	-38.5821	56.0147
0.406095	-265.904	-38.6568	56.0686
0.29226	-266.548	-38.7454	56.1212
0.118303	-267.184	-38.8465	56.1757
0.0261543	-267.835	-38.9622	56.2293
-0.141575	-268.504	-39.0854	56.284
-0.245603	-269.166	-39.2169	56.3371
-0.346598	-269.819	-39.3454	56.3888
-0.454059	-270.467	-39.4738	56.44
-0.581524	-271.128	-39.6052	56.4918
-0.670384	-271.812	-39.7382	56.544
-0.741093	-272.502	-39.8723	56.5963
-0.806261	-273.211	-39.9985	56.6494
-0.847327	-273.946	-40.124	56.7038
-0.877484	-274.685	-40.2469	56.7584
-0.888591	-275.388	-40.36	56.8108
-0.886061	-276.138	-40.4776	56.8664
-0.864239	-276.852	-40.5854	56.9198
-0.836216	-277.573	-40.6896	56.9751
-0.79769	-278.278	-40.7808	57.0295
-0.7288	-278.995	-40.8695	57.0852
-0.651044	-279.658	-40.9375	57.1378
-0.568914	-280.295	-41.0048	57.1885
-0.470436	-280.955	-41.0764	57.2413
-0.324374	-281.588	-41.1465	57.2936
-0.228339	-282.212	-41.2198	57.3438
-0.125795	-282.851	-41.3028	57.396
-0.0310362	-283.457	-41.3875	57.4467
0.0751192	-284.117	-41.4928	57.4995
0.175515	-284.746	-41.6022	57.5508
0.297348	-285.404	-41.7255	57.6045
0.374835	-286.077	-41.8645	57.6581
0.45885	-286.736	-42.002	57.7096
0.564589	-287.394	-42.1408	57.7606
0.675885	-288.064	-42.279	57.8125
0.744639	-288.734	-42.4135	57.8627
0.79958	-289.476	-42.5564	57.9178
0.84012	-290.205	-42.6855	57.972
0.856827	-290.914	-42.8048	58.0248
0.859864	-291.642	-42.9206	58.0793
0.83483	-292.332	-43.0217	58.1317
0.798564	-292.994	-43.1125	58.1823
0.746834	-293.657	-43.1981	58.2333
0.663701	-294.34	-43.281	58.2863
0.577696	-295.014	-43.3512	58.339
0.492457	-295.656	-43.4198	58.3895
0.341996	-296.346	-43.4957	58.4449
0.238833	-297.012	-43.5682	58.4987
0.129699	-297.656	-43.6509	58.5504
0.0295684	-298.294	-43.741	58.6027
-0.105524	-298.914	-43.8354	58.6544
-0.22265	-299.533	-43.938	58.7058
-0.3031	-300.172	-44.0561	58.758
-0.411803	-300.809	-44.1772	58.8102
-0.549429	-301.483	-44.3088	58.8654
-0.630502	-302.134	-44.4467	58.9172
-0.714041	-302.806	-44.5826	58.9697
-0.801041	-303.503	-44.7197	59.0242
-0.866494	-304.229	-44.8599	59.0791
-0.904905	-304.955	-44.9879	59.134
-0.931209	-305.667	-45.107	59.188
-0.938308	-306.36	-45.2148	59.2406
-0.932476	-307.065	-45.319	59.2942
-0.912466	-307.732	-45.4112	59.3453
-0.86624	-308.442	-45.4994	59.4001
-0.822816	-309.088	-45.5724	59.4511
-0.758702	-309.73	-45.6408	59.5016
-0.68922	-310.374	-45.7084	59.5528
-0.584038	-311.002	-45.7756	59.6037
-0.493675	-311.659	-45.8507	59.6568
-0.410942	-312.316	-45.9259	59.711
-0.328819	-312.969	-46.0125	59.7636
-0.185298	-313.563	-46.0987	59.815
-0.074249	-314.162	-46.1966	59.8659
0.03669	-314.792	-46.3121	59.9172
0.130616	-315.462	-46.4478	59.9714
0.268361	-316.15	-46.5869	60.027
0.360552	-316.825	-46.7323	60.0802
0.479152	-317.539	-46.8761	60.1357
0.561095	-318.248	-47.0211	60.19
0.649057	-318.953	-47.1537	60.2435
0.699512	-319.686	-47.2861	60.2984
0.734766	-320.369	-47.3996	60.3493
0.754013	-321.078	-47.5113	60.4024
0.749768	-321.801	-47.6204	60.4567
0.73775	-322.533	-47.7214	60.5115
0.6947	-323.199	-47.806	60.5624
0.639636	-323.865	-47.8868	60.6135
0.567908	-324.558	-47.9676	60.6669
0.512041	-325.221	-48.0357	60.7193
0.359713	-325.876	-48.1047	60.7728
0.264714	-326.503	-48.1715	60.8237
0.189513	-327.178	-48.2471	60.8779
0.084188	-327.83	-48.3326	60.9315
-0.0207147	-328.436	-48.4231	60.982
-0.149616	-329.086	-48.5307	61.0361
-0.232461	-329.774	-48.6596	61.0917
-0.339507	-330.407	-48.7852	61.1429
-0.44641	-331.048	-48.9177	61.1944
-0.523285	-331.697	-49.0526	61.2458
-0.586479	-332.363	-49.1924	61.298
-0.644204	-333.034	-49.321	61.35
-0.683241	-333.72	-49.4492	61.4025
-0.716178	-334.385	-49.5706	61.4533
-0.738158	-335.082	-49.6925	61.5064
-0.741815	-335.792	-49.8143	61.5604
-0.725952	-336.471	-49.9213	61.6126
-0.70389	-337.198	-50.0239	61.6679
-0.653428	-337.895	-50.1108	61.7208
-0.601383	-338.575	-50.1873	61.773
-0.499233	-339.274	-50.2633	61.828
-0.433321	-339.957	-50.3308	61.8828
-0.344635	-340.646	-50.4014	61.9386
-0.24981	-341.294	-50.4748	61.9918
-0.100843	-341.902	-50.5458	62.0454
0.0074039	-342.523	-50.6299	62.0977
0.101331	-343.136	-50.7304	62.1484
0.214146	-343.755	-50.8463	62.1987
0.314773	-344.384	-50.9771	62.2501
0.431956	-345.057	-51.1197	62.3038
0.556696	-345.738	-51.2646	62.357
0.631411	-346.478	-51.4232	62.4137
0.721392	-347.188	-51.5593	62.4677
0.776868	-347.899	-51.6901	62.5215
0.823044	-348.628	-51.8121	62.5763
0.849316	-349.353	-51.9286	62.631
0.853067	-350.093	-52.0407	62.6866
0.840064	-350.817	-52.1391	62.7416
0.792441	-351.533	-52.2328	62.7965
0.749928	-352.233	-52.311	62.8507
0.658363	-352.941	-52.3899	62.9061
0.598992	-353.622	-52.4547	62.9601
0.515443	-354.269	-52.5214	63.0123
0.350105	-354.888	-52.5877	63.0652
0.233159	-355.491	-52.6613	63.1161
0.110273	-356.146	-52.751	63.1711
-0.0768803	-356.781	-52.8547	63.2264
-0.165138	-357.448	-52.978	63.2812
-0.329765	-358.1	-53.1072	63.3354
-0.444484	-358.723	-53.24	63.3854
-0.522068	-359.425	-53.3974	63.4402
-0.6049	-360.087	-53.54	63.4924
-0.707402	-360.759	-53.6784	63.5445
-0.755656	-361.442	-53.8112	63.5966
-0.806237	-362.127	-53.9432	63.6487
-0.829611	-362.793	-54.0619	63.6993
-0.838267	-363.481	-54.1782	63.7513
-0.832142	-364.166	-54.2873	63.8034
-0.810134	-364.838	-54.3856	63.8546
-0.776065	-365.548	-54.4773	63.9093
-0.727397	-366.236	-54.5625	63.9622
-0.628029	-366.943	-54.6445	64.0174
-0.566466	-367.596	-54.7063	64.0694
-0.48514	-368.247	-54.7718	64.1218
-0.341627	-368.891	-54.8374	64.1763
-0.207406	-369.462	-54.8953	64.2276
-0.0953883	-370.026	-54.9581	64.2784
-0.00769795	-370.622	-55.0361	64.3313
0.163783	-371.272	-55.1446	64.3868
0.256169	-371.913	-55.272	64.4401
0.383495	-372.554	-55.407	64.494
0.525505	-373.171	-55.5437	64.5446
0.613054	-373.847	-55.691	64.5972
0.716879	-374.497	-55.8305	64.6472
0.789611	-375.199	-55.9753	64.7008
0.847053	-375.885	-56.102	64.7525
0.882637	-376.579	-56.2201	64.8049
0.897414	-377.288	-56.3355	64.8586
0.892374	-377.957	-56.4319	64.9089
0.863804	-378.672	-56.5274	64.963
0.79867	-379.379	-56.6164	65.0171
0.749124	-380.089	-56.692	65.0712
0.645363	-380.747	-56.7625	65.1227
0.50137	-381.422	-56.8332	65.1771
0.392469	-382.119	-56.8991	65.2323
0.23022	-382.763	-56.9711	65.2863
0.137521	-383.451	-57.0628	65.3423
-0.0442177	-384.081	-57.1628	65.3958
-0.156059	-384.718	-57.2767	65.4486
-0.245195	-385.345	-57.4045	65.5019
-0.346907	-385.953	-57.5337	65.5528
-0.482021	-386.559	-57.6673	65.6045
-0.625265	-387.226	-57.8101	65.6591
-0.692881	-387.872	-57.9528	65.7102
-0.776219	-388.553	-58.0917	65.7632
-0.835332	-389.26	-58.2286	65.8169
-0.868885	-389.97	-58.3588	65.8708
-0.878308	-390.635	-58.4688	65.9215
-0.871806	-391.327	-58.5743	65.9743
-0.846037	-391.997	-58.6671	66.0255
-0.798907	-392.683	-58.7519	66.0791
-0.743138	-393.332	-58.819	66.1297
-0.674351	-393.976	-58.8861	66.1802
-0.584647	-394.611	-58.951	66.2311
-0.494123	-395.236	-59.0155	66.282
-0.360961	-395.854	-59.0817	66.3348
-0.257136	-396.49	-59.1536	66.3883
-0.158463	-397.082	-59.223	66.4402
0.025762	-397.69	-59.3125	66.4949
0.142009	-398.28	-59.4117	66.545
0.257604	-398.895	-59.5265	66.597
0.358319	-399.541	-59.6586	66.6508
0.522301	-400.18	-59.7901	66.7049
0.642622	-400.832	-59.9259	66.7579
0.742644	-401.476	-60.059	66.8091
0.826568	-402.197	-60.202	66.8643
0.888167	-402.867	-60.3228	66.9148
0.938217	-403.586	-60.4449	66.9697
0.961151	-404.27	-60.5534	67.0212
0.966936	-404.957	-60.658	67.0731
0.956536	-405.624	-60.7543	67.1238
0.927779	-406.281	-60.8444	67.1739
0.872293	-406.972	-60.9363	67.2265
0.81773	-407.671	-61.0223	67.2806
0.747216	-408.349	-61.106	67.3332
0.623435	-409.001	-61.1838	67.3854
0.52363	-409.67	-61.2637	67.439
0.416117	-410.3	-61.3375	67.4897
0.311081	-410.901	-61.4094	67.5398
0.175808	-411.559	-61.4962	67.595
0.0699592	-412.188	-61.5926	67.648
-0.0468383	-412.804	-61.7005	67.7006
-0.191988	-413.463	-61.8238	67.7559
-0.302623	-414.092	-61.9493	67.8082
-0.398171	-414.735	-62.0882	67.8601
-0.485723	-415.394	-62.2245	67.9126
-0.568948	-416.04	-62.358	67.9637
-0.662175	-416.72	-62.4909	68.0171
-0.718645	-417.439	-62.6256	68.0727
-0.763423	-418.102	-62.7376	68.1234
-0.79952	-418.814	-62.8491	68.1781
-0.813401	-419.508	-62.9516	68.2313
-0.807667	-420.194	-63.0513	68.2838
-0.786809	-420.852	-63.143	68.3356
-0.762616	-421.56	-63.2363	68.3903
-0.729529	-422.242	-63.3252	68.4427
-0.665014	-422.912	-63.4102	68.4949
-0.564714	-423.588	-63.4947	68.5492
-0.503185	-424.254	-63.5717	68.6025
-0.38498	-424.907	-63.6491	68.6562
-0.272744	-425.558	-63.7267	68.71
-0.179868	-426.181	-63.7993	68.7635
0.00238206	-426.78	-63.8788	68.8182
0.0966096	-427.378	-63.965	68.87
0.231752	-427.997	-64.0625	68.9234
0.389248	-428.591	-64.1689	68.9755
0.498526	-429.19	-64.2827	69.0258
0.610876	-429.819	-64.4076	69.0774
0.709259	-430.512	-64.5518	69.1329
0.823545	-431.169	-64.684	69.1852
0.90892	-431.839	-64.8132	69.2378
0.984656	-432.533	-64.9436	69.2915
1.03299	-433.193	-65.0564	69.3418
1.06602	-433.875	-65.1661	69.3932
1.08344	-434.559	-65.2735	69.4446
1.08455	-435.232	-65.3782	69.4954
1.06789	-435.895	-65.4766	69.5455
1.02521	-436.623	-65.5749	69.601
0.965541	-437.272	-65.6575	69.6511
0.907063	-437.936	-65.7382	69.7022
0.799844	-438.63	-65.8198	69.757
0.695446	-439.263	-65.8901	69.8082
0.584011	-439.898	-65.9597	69.8602
0.488196	-440.575	-66.0353	69.9157
0.333538	-441.167	-66.1174	69.9659
0.205193	-441.811	-66.2192	70.0201
0.107028	-442.463	-66.3395	70.0746
-0.0699244	-443.104	-66.463	70.1299
-0.165964	-443.731	-66.5913	70.181
-0.261971	-444.362	-66.7153	70.2314
-0.369196	-445.069	-66.8484	70.2871
-0.431306	-445.741	-66.9715	70.3387
-0.485627	-446.414	-67.0911	70.3908
-0.53372	-447.09	-67.2007	70.4425
-0.57495	-447.773	-67.3038	70.4946
-0.60274	-448.453	-67.4	70.5465
