x	y	z	t
0.540586	449.952	73.3801	0.0525856
0.540665	449.179	73.2587	0.10963
0.540889	448.491	73.1509	0.160192
0.541124	447.746	73.034	0.215095
0.54143	446.975	72.9133	0.271874
0.541735	446.236	72.7977	0.326422
0.54183	445.527	72.6866	0.378944
0.541575	444.827	72.5768	0.430714
0.541268	444.103	72.4631	0.484201
0.541136	443.366	72.3475	0.538532
0.541027	442.681	72.24	0.589408
0.540641	441.998	72.1329	0.639604
0.540403	441.314	72.0257	0.689954
0.539759	440.575	71.9101	0.744658
0.539647	439.831	71.7933	0.799979
0.539946	439.137	71.6838	0.851371
0.544132	438.457	71.5768	0.902184
0.550662	437.768	71.4702	0.953514
0.561927	437.082	71.3654	1.0047
0.580546	436.345	71.2551	1.05952
0.599988	435.61	71.145	1.11428
0.623782	434.91	71.0412	1.16671
0.645373	434.152	70.9311	1.22304
0.670959	433.394	70.8209	1.27938
0.688059	432.705	70.7207	1.33091
0.718517	431.998	70.619	1.38384
0.73035	431.265	70.5176	1.43852
0.765522	430.516	70.4127	1.49485
0.787435	429.825	70.3164	1.54684
0.803258	429.132	70.22	1.59901
0.825812	428.462	70.1238	1.64933
0.853731	427.762	70.0212	1.7018
0.873144	427.069	69.9176	1.75335
0.889522	426.386	69.8105	1.80418
0.917227	425.69	69.6956	1.85557
0.928427	424.985	69.5664	1.90746
0.945577	424.236	69.4286	1.96243
0.961665	423.532	69.2966	2.0138
0.9736	422.815	69.1635	2.06654
0.977384	422.11	69.0304	2.11851
0.973316	421.401	68.9059	2.17093
0.947762	420.653	68.783	2.2262
0.922161	419.902	68.6677	2.28187
0.872917	419.136	68.562	2.33899
0.800271	418.376	68.4632	2.39593
0.732536	417.69	68.3858	2.44753
0.660151	416.952	68.2986	2.50323
0.570226	416.287	68.2225	2.5538
0.456262	415.582	68.1428	2.60817
0.360755	414.89	68.0532	2.66147
0.222784	414.217	67.9595	2.71414
0.12925	413.507	67.8526	2.76889
0.0352931	412.85	67.7451	2.81934
-0.0870552	412.115	67.6185	2.87558
-0.176538	411.445	67.4922	2.92612
-0.253276	410.737	67.3481	2.97955
-0.338429	410.052	67.2084	3.03077
-0.416488	409.365	67.0658	3.08219
-0.500546	408.598	66.9009	3.13901
-0.552561	407.874	66.7519	3.19295
-0.603193	407.172	66.6115	3.2451
-0.627633	406.419	66.4685	3.30141
-0.638824	405.719	66.3492	3.35387
-0.625758	404.98	66.2381	3.40923
-0.592657	404.309	66.1499	3.46024
-0.523843	403.592	66.0642	3.51447
-0.448767	402.883	65.9915	3.56896
-0.37183	402.196	65.9192	3.62211
-0.243203	401.541	65.8532	3.67443
-0.146908	400.863	65.7889	3.72871
-0.0448127	400.2	65.7117	3.78195
0.094289	399.547	65.6248	3.83506
0.200003	398.92	65.5261	3.8861
0.298649	398.294	65.4126	3.93667
0.387628	397.622	65.2723	3.99
0.480042	396.975	65.1322	4.04102
0.576837	396.283	64.9825	4.09431
0.687155	395.594	64.8315	4.14637
0.746354	394.893	64.6755	4.19837
0.794899	394.148	64.5278	4.25373
0.825571	393.414	64.389	4.30822
0.827832	392.661	64.2625	4.36391
0.797566	391.953	64.1536	4.41718
0.751184	391.256	64.0639	4.46913
0.684005	390.559	63.9812	4.52097
0.574315	389.824	63.9024	4.57608
0.488986	389.09	63.8399	4.63125
0.375548	388.437	63.7833	4.68149
0.225248	387.751	63.7149	4.73551
0.128341	387.044	63.6346	4.78971
0.0317358	386.353	63.5363	4.84408
-0.114161	385.689	63.4279	4.89647
-0.192835	384.992	63.296	4.95152
-0.327903	384.3	63.1561	5.00591
-0.394387	383.612	63.0049	5.05895
-0.484731	382.926	62.8605	5.1119
-0.560697	382.232	62.7165	5.16492
-0.643991	381.547	62.5776	5.21704
-0.684215	380.848	62.4351	5.27004
-0.718241	380.143	62.3038	5.32285
-0.737914	379.422	62.1783	5.37666
-0.732008	378.736	62.0639	5.42832
-0.719649	378.024	61.9591	5.48206
-0.664979	377.303	61.8666	5.53589
-0.611383	376.6	61.7951	5.58858
-0.537085	375.857	61.7179	5.64524
-0.415832	375.196	61.656	5.69702
-0.319494	374.48	61.5928	5.75301
-0.228523	373.837	61.5287	5.80397
-0.0963215	373.143	61.4542	5.85952
0.00635609	372.459	61.3613	5.91379
0.143977	371.76	61.2461	5.96967
0.252065	371.111	61.1291	6.0211
0.356064	370.436	60.9985	6.07409
0.46869	369.72	60.8544	6.12929
0.547205	369.06	60.7213	6.1797
0.644012	368.324	60.575	6.23538
0.703776	367.653	60.4399	6.28551
0.744484	366.936	60.297	6.33849
0.777186	366.235	60.1695	6.39029
0.792636	365.532	60.0498	6.44215
0.784719	364.781	59.9296	6.49725
0.752573	364.094	59.8275	6.54781
0.711696	363.385	59.7343	6.60016
0.65081	362.659	59.6438	6.65391
0.556876	361.897	59.5584	6.71085
0.470332	361.211	59.4818	6.76308
0.335653	360.519	59.4071	6.81653
0.236155	359.863	59.3371	6.86752
0.14683	359.125	59.2537	6.92417
0.0262679	358.424	59.1599	6.97896
-0.0640662	357.72	59.0507	7.03355
-0.211967	357.082	58.941	7.08505
-0.309144	356.392	58.8116	7.13769
-0.379302	355.674	58.6645	7.19262
-0.489221	354.937	58.5084	7.24902
-0.598235	354.194	58.3574	7.30529
-0.666054	353.517	58.2192	7.35643
-0.72609	352.854	58.0872	7.40648
-0.775344	352.093	57.9445	7.46333
-0.797474	351.391	57.8242	7.5156
-0.80156	350.682	57.7109	7.56837
-0.786173	349.963	57.605	7.62178
-0.758333	349.254	57.5062	7.67452
-0.721796	348.553	57.4152	7.72724
-0.665734	347.873	57.3326	7.77793
-0.608982	347.181	57.2584	7.82972
-0.530737	346.49	57.1806	7.88192
-0.450783	345.814	57.1064	7.93349
-0.360269	345.162	57.034	7.98423
-0.276745	344.518	56.96	8.03483
-0.149671	343.828	56.8753	8.08942
-0.0145817	343.135	56.7738	8.14508
0.0660787	342.424	56.6519	8.2004
0.166525	341.746	56.5281	8.253
0.280131	341.088	56.399	8.30377
0.381599	340.427	56.2648	8.35497
0.51823	339.758	56.1249	8.40666
0.591764	339.024	55.966	8.46149
0.662382	338.34	55.8263	8.51226
0.723678	337.648	55.6911	8.56362
0.769881	336.893	55.5556	8.6191
0.788296	336.185	55.4358	8.67096
0.790995	335.465	55.3242	8.72359
0.772736	334.767	55.2245	8.7746
0.740683	334.083	55.1353	8.82464
0.667734	333.351	55.0443	8.87846
0.61419	332.594	54.959	8.93385
0.538283	331.84	54.8763	8.98949
0.452938	331.153	54.7995	9.04044
0.35886	330.457	54.7218	9.093
0.262992	329.788	54.6431	9.14414
0.117158	329.126	54.5586	9.19591
0.0300474	328.399	54.4549	9.25129
-0.10537	327.692	54.3414	9.30606
-0.188021	326.973	54.2125	9.36099
-0.282815	326.276	54.0804	9.41463
-0.400447	325.532	53.9281	9.4706
-0.482932	324.835	53.7859	9.52324
-0.579698	324.078	53.6273	9.58013
-0.643411	323.408	53.4928	9.63031
-0.696423	322.721	53.36	9.68224
-0.741709	321.974	53.2244	9.73808
-0.75841	321.215	53.0965	9.79475
-0.752982	320.51	52.9864	9.84721
-0.730851	319.807	52.8822	9.89931
-0.692378	319.094	52.7896	9.95264
-0.638738	318.387	52.7027	10.0049
-0.546201	317.692	52.6248	10.0568
-0.459425	317.009	52.5531	10.1083
-0.379368	316.304	52.4849	10.1614
-0.279161	315.611	52.4096	10.2145
-0.132397	314.957	52.336	10.2662
-0.0258646	314.321	52.2572	10.3164
0.053317	313.632	52.1562	10.3699
0.166348	312.939	52.0356	10.4244
0.295987	312.242	51.902	10.4803
0.408502	311.567	51.7698	10.5333
0.506721	310.913	51.6375	10.584
0.628711	310.177	51.4891	10.6399
0.704581	309.491	51.3394	10.6919
0.770632	308.782	51.1969	10.7448
0.842849	308.085	51.0623	10.7966
0.878829	307.341	50.9268	10.8516
0.904979	306.603	50.8053	10.906
0.90638	305.904	50.6973	10.9573
0.891662	305.211	50.5976	11.0081
0.860476	304.528	50.5078	11.0583
0.812764	303.849	50.4258	11.1085
0.759239	303.15	50.3453	11.16
0.691531	302.439	50.2727	11.2129
0.583529	301.716	50.193	11.2679
0.489849	301.033	50.1191	11.3197
0.420468	300.348	50.0483	11.3714
0.330962	299.654	49.9631	11.4243
0.230713	298.994	49.8732	11.475
0.12402	298.334	49.7735	11.5264
0.00133932	297.597	49.6485	11.5831
-0.120962	296.896	49.5206	11.6369
-0.195758	296.182	49.3778	11.6911
-0.282037	295.466	49.235	11.7451
-0.371524	294.766	49.0929	11.7975
-0.465848	294.069	48.9504	11.8499
-0.51933	293.305	48.7918	11.9067
-0.575978	292.547	48.64	11.9627
-0.611082	291.834	48.5081	12.0157
-0.627978	291.151	48.3904	12.0661
-0.629192	290.451	48.2766	12.1177
-0.61644	289.731	48.1683	12.1709
-0.574879	288.975	48.0625	12.2267
-0.529576	288.253	47.9686	12.28
-0.478955	287.51	47.8825	12.3346
-0.41646	286.824	47.8046	12.3857
-0.305464	286.126	47.7285	12.4384
-0.228706	285.393	47.6539	12.4935
-0.136002	284.735	47.5803	12.5446
0.00406694	284.078	47.4999	12.5966
0.0984932	283.418	47.4119	12.6486
0.211712	282.788	47.3184	12.6993
0.310349	282.128	47.2076	12.752
0.456712	281.443	47.0818	12.807
0.560284	280.724	46.9389	12.863
0.695626	280.005	46.7958	12.9192
0.776088	279.301	46.6442	12.9727
0.861908	278.631	46.5053	13.0235
0.938954	277.942	46.367	13.0754
1.01313	277.205	46.2291	13.1303
1.05319	276.456	46.0935	13.1857
1.07416	275.768	45.9793	13.2365
1.0702	275.072	45.8717	13.2873
1.04495	274.383	45.7728	13.3378
1.00896	273.629	45.6757	13.393
0.947811	272.912	45.5871	13.4457
0.878531	272.235	45.5082	13.4958
0.75052	271.546	45.4298	13.5477
0.668919	270.802	45.3502	13.6034
0.560262	270.132	45.2753	13.6545
0.44842	269.48	45.1989	13.7051
0.343418	268.839	45.1146	13.7552
0.193834	268.175	45.0177	13.8086
0.0973341	267.513	44.9087	13.8602
-0.00398809	266.856	44.7881	13.9114
-0.101918	266.16	44.6535	13.9649
-0.21005	265.509	44.519	14.0157
-0.331086	264.835	44.3761	14.0678
-0.417014	264.125	44.2269	14.1208
-0.474757	263.383	44.0698	14.1765
-0.54283	262.681	43.932	14.2289
-0.578202	261.942	43.7926	14.2837
-0.598979	261.26	43.6757	14.3341
-0.604927	260.578	43.5687	14.3847
-0.587675	259.838	43.4601	14.4395
-0.560421	259.113	43.3651	14.4927
-0.518083	258.412	43.2782	14.5441
-0.465819	257.705	43.1931	14.5961
-0.383016	257.004	43.1115	14.6484
-0.323013	256.248	43.0299	14.7044
-0.205542	255.524	42.9481	14.7604
-0.125609	254.834	42.8756	14.8137
-0.0323779	254.186	42.7979	14.865
0.112045	253.507	42.7074	14.9195
0.200164	252.816	42.604	14.9757
0.355389	252.182	42.4968	15.0289
0.452686	251.511	42.3687	15.0826
0.564665	250.825	42.2333	15.1372
0.699238	250.109	42.0789	15.1937
0.791775	249.448	41.9365	15.2443
0.873996	248.741	41.7894	15.2971
0.959631	248.003	41.6376	15.3522
1.0105	247.322	41.5092	15.4024
1.04319	246.571	41.3782	15.4576
1.05078	245.833	41.2574	15.5119
1.04045	245.106	41.1496	15.5656
0.995183	244.355	41.0471	15.6212
0.942995	243.624	40.9606	15.6754
0.847449	242.928	40.8817	15.728
0.758128	242.263	40.8134	15.7782
0.680564	241.53	40.7462	15.8339
0.584599	240.866	40.6833	15.8849
0.429362	240.21	40.6194	15.9382
0.339325	239.49	40.5395	15.9948
0.221035	238.864	40.4543	16.045
0.0516266	238.224	40.3499	16.0985
-0.0407375	237.514	40.2153	16.1548
-0.181826	236.861	40.0807	16.2073
-0.274294	236.183	39.9351	16.2593
-0.380365	235.526	39.79	16.31
-0.479998	234.856	39.6443	16.3611
-0.539488	234.154	39.4908	16.4139
-0.618887	233.39	39.3427	16.4707
-0.659168	232.692	39.212	16.5227
-0.688363	231.951	39.0884	16.5771
-0.693307	231.213	38.9746	16.6312
-0.68131	230.507	38.8752	16.6832
-0.65485	229.773	38.777	16.7378
-0.628329	229.092	38.6946	16.7881
-0.565227	228.401	38.6167	16.8395
-0.516163	227.656	38.5404	16.8952
-0.446032	226.974	38.4678	16.9464
-0.330521	226.278	38.3916	16.9996
-0.25212	225.555	38.3136	17.0549
-0.161276	224.898	38.2346	17.1062
-0.0705553	224.258	38.1519	17.1569
0.0763479	223.568	38.0521	17.2118
0.156724	222.864	37.9343	17.2678
0.297125	222.195	37.8069	17.3222
0.400553	221.506	37.6685	17.3762
0.531156	220.862	37.531	17.4271
0.655382	220.152	37.3705	17.482
0.747618	219.432	37.217	17.5364
0.842438	218.7	37.0677	17.5912
0.893768	218.003	36.9298	17.6426
0.928786	217.305	36.8091	17.6943
0.946519	216.557	36.6923	17.7492
0.941456	215.868	36.5948	17.7997
0.921209	215.132	36.5037	17.8541
0.882205	214.44	36.4237	17.906
0.801192	213.741	36.3476	17.9589
0.745535	213.008	36.277	18.0139
0.664885	212.35	36.2096	18.064
0.574767	211.644	36.1357	18.1184
0.452475	210.938	36.0605	18.174
0.342691	210.255	35.971	18.2274
0.19652	209.599	35.8738	18.2804
0.116482	208.882	35.7505	18.3369
-0.0280488	208.213	35.6262	18.3903
-0.11759	207.568	35.498	18.4406
-0.191923	206.877	35.3492	18.4942
-0.276803	206.202	35.2039	18.5465
-0.360064	205.519	35.0563	18.5987
-0.446925	204.848	34.914	18.6492
-0.494556	204.089	34.7595	18.7057
-0.536106	203.373	34.6297	18.7585
-0.554013	202.599	34.5009	18.8153
-0.553092	201.89	34.3923	18.8678
-0.524996	201.168	34.289	18.9211
-0.489796	200.404	34.1914	18.9774
-0.440698	199.718	34.1085	19.0284
-0.368761	198.989	34.0289	19.0836
-0.266475	198.259	33.9473	19.1395
-0.197865	197.541	33.8772	19.194
-0.110067	196.894	33.8104	19.2444
-0.00108536	196.256	33.741	19.2951
0.10077	195.566	33.6576	19.3493
0.229598	194.847	33.5605	19.4064
0.333762	194.197	33.4591	19.4582
0.514818	193.546	33.344	19.5119
0.625676	192.877	33.2105	19.565
0.787145	192.185	33.0708	19.6203
0.896574	191.484	32.9156	19.6749
1.02278	190.768	32.7645	19.7297
1.09683	190.037	32.6106	19.7843
1.18307	189.299	32.4687	19.8392
1.23048	188.545	32.3314	19.8947
1.2612	187.789	32.2071	19.9504
1.26687	187.101	32.1	20.001
1.25794	186.375	31.9943	20.0549
1.21073	185.631	31.891	20.1099
1.17286	184.892	31.7976	20.165
1.10883	184.225	31.7161	20.2159
1.03073	183.551	31.6371	20.2676
0.895264	182.869	31.561	20.321
0.798673	182.186	31.4953	20.3748
0.687626	181.516	31.4259	20.4283
0.527877	180.847	31.3529	20.484
0.394426	180.215	31.2657	20.5365
0.207088	179.542	31.1552	20.5916
0.0898608	178.906	31.0342	20.6441
-0.0435032	178.267	30.9059	20.6952
-0.173559	177.605	30.7678	20.7472
-0.323922	176.943	30.6265	20.7995
-0.419861	176.261	30.4816	20.8517
-0.502371	175.539	30.3269	20.9068
-0.599659	174.828	30.1859	20.9605
-0.666595	174.122	30.05	21.0136
-0.700568	173.395	29.9251	21.0675
-0.718017	172.64	29.8027	21.1231
-0.717283	171.92	29.691	21.1766
-0.695631	171.211	29.585	21.2288
-0.652068	170.491	29.4822	21.2812
-0.590786	169.753	29.3891	21.3359
-0.51154	169.032	29.3008	21.389
-0.426304	168.362	29.2229	21.4392
-0.298402	167.672	29.1427	21.4923
-0.21265	166.973	29.0665	21.5453
-0.116983	166.309	28.9899	21.5965
0.0043882	165.655	28.9142	21.6485
0.135485	165.032	28.8392	21.699
0.313146	164.396	28.7524	21.7516
0.428664	163.701	28.6422	21.8068
0.587259	163.02	28.5192	21.8621
0.710351	162.331	28.3758	21.9168
0.850526	161.623	28.2273	21.9725
0.945365	160.957	28.0728	22.0245
1.03791	160.283	27.9273	22.0763
1.13879	159.579	27.7828	22.13
1.1934	158.877	27.6471	22.1822
1.22595	158.134	27.513	22.2371
1.23788	157.389	27.3899	22.292
1.22164	156.639	27.276	22.3473
1.168	155.927	27.1762	22.4003
1.10291	155.232	27.0862	22.4529
1.03044	154.522	27.0051	22.5069
0.945566	153.852	26.9296	22.5582
0.846475	153.203	26.8603	22.6087
0.679455	152.582	26.7975	22.6594
0.541385	151.921	26.7268	22.7131
0.407414	151.284	26.6572	22.7667
0.258912	150.67	26.5728	22.8189
0.0619268	150.088	26.4779	22.8711
-0.047012	149.45	26.3587	22.9253
-0.227204	148.795	26.2274	22.9805
-0.343701	148.139	26.0908	23.0337
-0.456745	147.466	25.9432	23.0877
-0.580035	146.769	25.8011	23.1418
-0.660429	146.1	25.6646	23.1934
-0.735277	145.43	25.5333	23.2439
-0.780931	144.759	25.4176	23.2942
-0.80963	144.085	25.3104	23.3447
-0.820504	143.398	25.2086	23.3961
-0.812455	142.732	25.1175	23.4461
-0.787278	142.027	25.0268	23.4986
-0.77454	141.344	24.9453	23.5497
-0.697481	140.661	24.8666	23.6012
-0.620973	139.994	24.7922	23.6518
-0.541455	139.294	24.7182	23.7047
-0.44718	138.612	24.6401	23.7569
-0.309225	137.923	24.5606	23.8115
-0.198673	137.287	24.4872	23.8617
-0.102882	136.608	24.4064	23.9163
0.00828618	135.957	24.3158	23.968
0.1707	135.27	24.2067	24.024
0.292717	134.571	24.0821	24.0799
0.480071	133.905	23.9553	24.1333
0.593847	133.203	23.8092	24.1874
0.747196	132.495	23.6606	24.243
0.837638	131.823	23.5146	24.2942
0.912964	131.084	23.3525	24.3495
0.99118	130.395	23.2141	24.4011
1.0332	129.706	23.0849	24.4521
1.05569	128.972	22.9575	24.5061
1.06226	128.269	22.8473	24.5579
1.03817	127.548	22.7423	24.6113
1.00158	126.807	22.6476	24.6661
0.9441	126.109	22.5638	24.7182
0.846538	125.387	22.4825	24.7727
0.758065	124.713	22.4175	24.8247
0.661624	124.022	22.3474	24.8777
0.498367	123.358	22.2811	24.9311
0.381715	122.718	22.2124	24.9823
0.260675	122.091	22.1334	25.0335
0.150349	121.425	22.036	25.0889
-0.0211532	120.773	21.9277	25.1436
-0.134423	120.166	21.8153	25.1939
-0.24137	119.54	21.6853	25.2452
-0.359379	118.88	21.5491	25.2978
-0.491132	118.167	21.4028	25.3533
-0.567546	117.481	21.2558	25.4057
-0.63688	116.816	21.1206	25.4559
-0.705509	116.085	20.9816	25.5104
-0.74112	115.406	20.8611	25.5609
-0.763166	114.665	20.7385	25.6164
-0.763895	113.934	20.6242	25.6712
-0.7475	113.239	20.5203	25.7229
-0.713269	112.545	20.4234	25.7745
-0.665429	111.824	20.3376	25.8294
-0.573769	111.121	20.2566	25.8825
-0.499283	110.424	20.1889	25.9355
-0.412621	109.744	20.1191	25.988
-0.327851	109.105	20.0551	26.0383
-0.192526	108.475	19.9877	26.0892
-0.0776917	107.852	19.913	26.1395
0.0971975	107.212	19.8244	26.1922
0.203704	106.587	19.7221	26.2426
0.3163	105.941	19.5998	26.296
0.437989	105.309	19.4714	26.3467
0.606307	104.636	19.3299	26.4013
0.720039	103.943	19.173	26.456
0.826132	103.258	19.0257	26.5084
0.909856	102.576	18.8861	26.5599
0.990189	101.838	18.743	26.6154
1.0416	101.103	18.6158	26.6702
1.06939	100.422	18.507	26.7205
1.07501	99.7425	18.4066	26.7712
1.06124	99.0557	18.3112	26.8225
1.03508	98.3464	18.222	26.8756
0.997465	97.662	18.1384	26.927
0.915306	96.9468	18.0521	26.9813
0.842329	96.253	17.9728	27.0345
0.775349	95.5522	17.9024	27.0883
0.645744	94.8631	17.8285	27.1423
0.553682	94.1864	17.7593	27.1955
0.420777	93.5144	17.6756	27.2496
0.301659	92.8096	17.5789	27.3054
0.20489	92.1515	17.4734	27.3575
0.0882422	91.5236	17.3626	27.4082
-0.0712924	90.8725	17.2402	27.4612
-0.174802	90.1985	17.1085	27.5142
-0.252019	89.5275	16.966	27.5665
-0.339008	88.8777	16.8316	27.6169
-0.428666	88.1834	16.6927	27.67
-0.517269	87.4664	16.5542	27.7245
-0.57441	86.771	16.4205	27.7767
-0.626732	86.1001	16.3002	27.8268
-0.67137	85.3526	16.1727	27.882
-0.689771	84.6537	16.0573	27.9333
-0.692987	83.9182	15.937	27.9878
-0.713584	83.2384	15.831	28.038
-0.666407	82.5654	15.7332	28.0883
-0.626911	81.8766	15.6392	28.1397
-0.56004	81.159	15.5462	28.1938
-0.49827	80.4389	15.4648	28.2478
-0.421954	79.7628	15.3902	28.2991
-0.331234	79.0815	15.3164	28.3514
-0.216126	78.3841	15.2458	28.4067
-0.120047	77.7071	15.1678	28.46
0.0551945	77.0449	15.0873	28.5146
0.136124	76.3723	15.0012	28.5695
0.287227	75.7312	14.9051	28.6225
0.38868	75.077	14.7964	28.6759
0.509783	74.4051	14.6744	28.7298
0.624529	73.7676	14.5495	28.7806
0.762025	73.0844	14.4102	28.8345
0.854635	72.4108	14.262	28.8859
0.94576	71.7356	14.1239	28.937
1.03401	71.0002	13.9825	28.9919
1.0915	70.2679	13.8495	29.0459
1.13668	69.5152	13.7196	29.1009
1.16811	68.7865	13.6028	29.1541
1.18	68.1022	13.4959	29.2048
1.1838	67.3882	13.3886	29.2577
1.17385	66.7055	13.2892	29.3082
1.15196	65.9935	13.188	29.3612
1.088	65.2664	13.0869	29.4156
1.03647	64.581	12.9978	29.4674
0.946583	63.8758	12.9055	29.5211
0.861286	63.2128	12.8241	29.5718
0.753215	62.531	12.7428	29.6244
0.653089	61.8494	12.6665	29.6776
0.540676	61.2148	12.5893	29.7278
0.362103	60.5462	12.4997	29.783
0.257735	59.8747	12.4039	29.8371
0.113566	59.2375	12.3041	29.8895
0.00508846	58.6012	12.1986	29.9408
-0.11659	57.9796	12.0887	29.9913
-0.281702	57.3315	11.9645	30.0438
-0.38308	56.6275	11.8142	30.0987
-0.497475	55.9726	11.6699	30.1499
-0.614569	55.2642	11.5169	30.205
-0.688249	54.5592	11.3666	30.2582
-0.760226	53.8368	11.232	30.3125
-0.807257	53.0902	11.097	30.3678
-0.823942	52.386	10.9773	30.4206
-0.823165	51.6471	10.856	30.476
-0.800454	50.9754	10.7521	30.5262
-0.762821	50.2603	10.6525	30.5794
-0.70902	49.5736	10.5699	30.6314
-0.645167	48.8737	10.4941	30.6839
-0.569214	48.2141	10.4295	30.7344
-0.48058	47.5645	10.3676	30.7852
-0.40248	46.9009	10.3088	30.8376
-0.231524	46.2591	10.2404	30.892
-0.117205	45.6102	10.167	30.9474
-0.0100934	44.9528	10.074	31.0023
0.128925	44.3091	9.96351	31.0579
0.269776	43.699	9.84489	31.1083
0.402356	43.0482	9.70858	31.1615
0.551	42.4273	9.57157	31.2115
0.696192	41.7377	9.42202	31.2657
0.783336	41.0641	9.26819	31.3168
0.881188	40.381	9.12874	31.3683
0.946997	39.6654	8.99245	31.4218
1.00798	38.9459	8.86425	31.4753
1.03102	38.2374	8.74615	31.528
1.03553	37.5393	8.63926	31.5799
1.01895	36.8606	8.54173	31.6308
0.984031	36.1781	8.45091	31.6817
0.913806	35.4835	8.36659	31.7337
0.838575	34.8176	8.29302	31.7843
0.773989	34.1083	8.22467	31.8379
0.687237	33.4371	8.15839	31.8887
0.591184	32.7808	8.09446	31.9399
0.476962	32.1438	8.02955	31.9913
0.309008	31.4802	7.95114	32.0469
0.202619	30.8438	7.8594	32.099
0.0661078	30.2418	7.75809	32.1508
-0.0999414	29.6006	7.64047	32.2053
-0.205549	28.9433	7.50513	32.2601
-0.336499	28.3243	7.37239	32.311
-0.473926	27.6389	7.22337	32.3661
-0.55291	26.9809	7.06655	32.4173
-0.626305	26.3211	6.92093	32.4676
-0.708448	25.6104	6.77613	32.5208
-0.752549	24.9305	6.64481	32.5714
-0.778267	24.2436	6.52229	32.6226
-0.784861	23.5347	6.40342	32.6752
-0.766231	22.8206	6.29249	32.7286
-0.726515	22.0833	6.18872	32.7835
-0.696899	21.3486	6.10243	32.8378
-0.605555	20.6833	6.03201	32.8886
-0.487641	19.9955	5.96239	32.9423
-0.399633	19.2741	5.89908	32.9983
-0.311687	18.6249	5.83641	33.0495
-0.144471	17.9601	5.76846	33.1039
-0.0194515	17.3636	5.7051	33.1545
0.0830195	16.7081	5.62401	33.2089
0.21272	16.0559	5.52175	33.2634
0.367852	15.4321	5.40742	33.3179
0.496148	14.8024	5.28189	33.371
0.665554	14.1682	5.1486	33.4243
0.783851	13.5292	5.00976	33.4757
0.879555	12.8137	4.84939	33.5309
0.98846	12.1117	4.7036	33.5843
1.05135	11.3445	4.54955	33.6413
1.10676	10.5915	4.41264	33.697
1.12745	9.89216	4.29225	33.7485
1.13187	9.16125	4.17614	33.8027
1.10897	8.42814	4.06693	33.8572
1.07383	7.71659	3.97364	33.9104
1.01739	7.04573	3.89146	33.961
0.943863	6.38914	3.81695	34.0113
0.82033	5.68896	3.74019	34.0654
0.728014	4.98755	3.67434	34.1198
0.620273	4.35455	3.6137	34.1704
0.445677	3.71245	3.54776	34.2242
0.339369	3.06951	3.47372	34.2779
0.181981	2.45216	3.38301	34.3303
-0.00150231	1.81701	3.27564	34.3852
-0.132186	1.17049	3.14885	34.4399
-0.263764	0.544453	3.01996	34.4908
-0.386823	-0.0965542	2.88258	34.5426
-0.540204	-0.724362	2.74385	34.5932
-0.614435	-1.44374	2.58356	34.6488
-0.703515	-2.15984	2.43678	34.7037
-0.763374	-2.84144	2.30405	34.755
-0.809825	-3.57156	2.17005	34.8099
-0.829202	-4.25751	2.05666	34.8612
-0.830504	-4.95535	1.94935	34.9135
-0.815423	-5.62703	1.85391	34.964
-0.78438	-6.30374	1.76452	35.0147
-0.739455	-6.99901	1.67988	35.0671
-0.683342	-7.71231	1.59881	35.1218
-0.575189	-8.39641	1.51971	35.1754
-0.489609	-9.07069	1.45078	35.229
-0.338755	-9.74861	1.37636	35.2842
-0.249487	-10.3797	1.30849	35.3355
-0.129586	-11.0198	1.241	35.3904
0.0376473	-11.6313	1.1659	35.4446
0.183275	-12.2008	1.08643	35.4949
0.307944	-12.8031	0.988706	35.545
0.432029	-13.4656	0.863681	35.6006
0.577611	-14.0744	0.740388	35.6514
0.707384	-14.6979	0.607317	35.7018
0.86526	-15.3594	0.466139	35.7551
0.981704	-16.0325	0.324736	35.8075
1.07533	-16.7478	0.177415	35.8616
1.16418	-17.4649	0.0455039	35.9154
1.20912	-18.1702	-0.0746133	35.9674
1.23339	-18.9226	-0.19329	36.0225
1.24116	-19.6158	-0.297292	36.0732
1.23031	-20.3703	-0.404463	36.1288
1.20211	-21.0911	-0.502697	36.1826
1.13819	-21.8255	-0.598217	36.2375
1.08268	-22.5501	-0.68637	36.2922
0.979407	-23.2458	-0.770459	36.3456
0.896774	-23.9204	-0.846704	36.3977
0.781424	-24.5597	-0.914012	36.4482
0.679923	-25.2103	-0.976131	36.4998
0.524508	-25.8914	-1.05329	36.554
0.40264	-26.5676	-1.13558	36.6077
0.306828	-27.2555	-1.23051	36.6617
0.1704	-27.8855	-1.32901	36.712
0.0098176	-28.5544	-1.44296	36.7648
-0.091507	-29.2735	-1.57525	36.8204
-0.199174	-29.9491	-1.70406	36.8719
-0.330311	-30.6261	-1.83823	36.9243
-0.410273	-31.2924	-1.97373	36.975
-0.502616	-31.9663	-2.11267	37.0264
-0.569026	-32.6541	-2.25962	37.0783
-0.643165	-33.3269	-2.39466	37.1291
-0.704494	-33.9927	-2.52438	37.1794
-0.752534	-34.6902	-2.65415	37.2313
-0.787647	-35.4414	-2.78505	37.2869
-0.804717	-36.1554	-2.90451	37.3396
-0.802967	-36.8754	-3.0176	37.3931
-0.78359	-37.5843	-3.12264	37.4454
-0.744754	-38.282	-3.21801	37.4977
-0.698987	-38.991	-3.30261	37.5513
-0.608235	-39.6906	-3.38313	37.605
-0.536076	-40.406	-3.45576	37.66
-0.439103	-41.0548	-3.52435	37.7108
-0.292549	-41.7391	-3.6003	37.7662
-0.16935	-42.3655	-3.67026	37.8178
-0.0661306	-43.0405	-3.74842	37.8735
0.135401	-43.68	-3.83666	37.9282
0.233302	-44.3487	-3.94641	37.9836
0.4377	-44.9428	-4.05638	38.0355
0.55705	-45.5991	-4.18882	38.0891
0.669321	-46.2503	-4.32212	38.142
0.822027	-46.8968	-4.45923	38.1949
0.928438	-47.5808	-4.60643	38.2489
1.03183	-48.2959	-4.74553	38.3035
1.1094	-49.003	-4.87801	38.3571
1.16076	-49.722	-5.00525	38.411
1.19381	-50.4345	-5.11845	38.4637
1.20618	-51.1285	-5.22095	38.5149
1.18984	-51.8532	-5.31815	38.5688
1.15826	-52.5824	-5.41406	38.623
1.08025	-53.3025	-5.50382	38.6773
1.0193	-54.0253	-5.5836	38.732
0.94264	-54.6833	-5.65521	38.7836
0.848113	-55.3304	-5.72293	38.8342
0.705559	-55.9766	-5.79153	38.8865
0.607149	-56.6731	-5.86644	38.9419
0.478209	-57.2959	-5.94701	38.9936
0.316664	-57.9615	-6.04512	39.0495
0.196094	-58.5855	-6.15091	39.0998
0.0953909	-59.2327	-6.27009	39.1506
-0.0246255	-59.9153	-6.40242	39.205
-0.17048	-60.5683	-6.53729	39.2562
-0.256419	-61.2894	-6.69652	39.3113
-0.351287	-61.9561	-6.84004	39.3625
-0.447955	-62.6235	-6.98112	39.4137
-0.514369	-63.3021	-7.11918	39.465
-0.578551	-63.9974	-7.2529	39.5168
-0.614729	-64.7435	-7.38813	39.5724
-0.639733	-65.4435	-7.50517	39.6242
-0.650144	-66.1968	-7.62386	39.6802
-0.64159	-66.898	-7.72668	39.7321
-0.604485	-67.6385	-7.82825	39.7872
-0.561003	-68.336	-7.91642	39.8393
-0.516435	-69.0164	-7.98919	39.8906
-0.41306	-69.7248	-8.06732	39.9453
-0.32916	-70.4207	-8.13506	39.9999
-0.235863	-71.0928	-8.20578	40.0537
-0.106158	-71.7776	-8.28091	40.1084
-0.0357302	-72.4145	-8.35147	40.161
0.140043	-73.0732	-8.44528	40.2163
0.231857	-73.7418	-8.55704	40.2713
0.389049	-74.4253	-8.68421	40.3267
0.495531	-75.1154	-8.82603	40.382
0.602747	-75.745	-8.95846	40.4321
0.700281	-76.4142	-9.09967	40.4836
0.807796	-77.1158	-9.24149	40.5374
0.867396	-77.8139	-9.38348	40.59
0.909429	-78.5363	-9.51433	40.6435
0.939088	-79.2923	-9.6438	40.6993
0.945031	-80.0173	-9.75943	40.7531
0.930965	-80.7457	-9.8695	40.8076
0.902075	-81.4782	-9.96943	40.8623
0.839447	-82.152	-10.0551	40.9123
0.748404	-82.8916	-10.1469	40.968
0.670543	-83.6011	-10.2247	41.0218
0.576512	-84.268	-10.2982	41.0726
0.440413	-84.9429	-10.3712	41.1259
0.322613	-85.5821	-10.4403	41.1773
0.228826	-86.2328	-10.5174	41.2301
0.126031	-86.8787	-10.6098	41.2824
-0.0417003	-87.5368	-10.7163	41.3376
-0.129817	-88.1788	-10.835	41.3905
-0.246748	-88.8355	-10.9641	41.4439
-0.398534	-89.5384	-11.1146	41.5005
-0.50641	-90.1801	-11.2517	41.5509
-0.604855	-90.8647	-11.3952	41.6039
-0.70544	-91.6097	-11.5509	41.6607
-0.787431	-92.3238	-11.687	41.7138
-0.833113	-93.0511	-11.817	41.7681
-0.865489	-93.7874	-11.9386	41.8229
-0.874122	-94.4762	-12.0421	41.8742
-0.867279	-95.179	-12.1411	41.9264
-0.839685	-95.9103	-12.2343	41.9809
-0.801886	-96.6072	-12.32	42.0324
-0.757326	-97.3201	-12.4025	42.0863
-0.707148	-98.042	-12.4776	42.1415
-0.644372	-98.7011	-12.5495	42.1924
-0.572896	-99.3752	-12.6257	42.2448
-0.441892	-100.047	-12.7051	42.2998
-0.349152	-100.705	-12.7833	42.3543
-0.189899	-101.338	-12.8689	42.409
-0.0858715	-101.988	-12.9679	42.4643
0.0906932	-102.604	-13.0779	42.5166
0.206661	-103.258	-13.2047	42.5701
0.321549	-103.93	-13.3493	42.6236
0.449129	-104.627	-13.494	42.6787
0.545097	-105.319	-13.6434	42.7317
0.63712	-106.027	-13.783	42.786
0.709201	-106.689	-13.9072	42.8363
0.768655	-107.358	-14.0257	42.8863
0.798777	-108.055	-14.1432	42.9383
0.814673	-108.77	-14.2585	42.9916
0.818434	-109.481	-14.3679	43.0445
0.798773	-110.212	-14.4747	43.0989
0.772951	-110.93	-14.5665	43.1518
0.714685	-111.656	-14.6589	43.2059
0.656908	-112.327	-14.7401	43.256
0.589368	-112.999	-14.8199	43.3066
0.51805	-113.707	-14.8997	43.3607
0.424828	-114.357	-14.9777	43.4112
0.287964	-115.061	-15.0679	43.4665
0.223672	-115.759	-15.1616	43.5207
0.119297	-116.394	-15.2565	43.572
0.0264006	-117.031	-15.3603	43.6234
-0.0656757	-117.678	-15.4721	43.6746
-0.19351	-118.379	-15.5979	43.73
-0.261468	-119.028	-15.725	43.7811
-0.352667	-119.736	-15.86	43.8355
-0.454144	-120.428	-15.9938	43.8881
-0.517022	-121.161	-16.138	43.9432
-0.57187	-121.865	-16.2682	43.9958
-0.622006	-122.562	-16.3906	44.0472
-0.649412	-123.296	-16.5124	44.1016
-0.664409	-124.032	-16.6282	44.1566
-0.665922	-124.756	-16.7386	44.2112
-0.65083	-125.459	-16.8416	44.2637
-0.623475	-126.142	-16.9377	44.3149
-0.581555	-126.809	-17.0279	44.3653
-0.526507	-127.474	-17.1141	44.4159
-0.435981	-128.178	-17.2041	44.4693
-0.361781	-128.832	-17.2833	44.5197
-0.275252	-129.475	-17.3581	44.5698
-0.202676	-130.184	-17.4374	44.6245
-0.100843	-130.828	-17.5142	44.6759
0.0494212	-131.451	-17.5902	44.7272
0.150849	-132.114	-17.6775	44.7817
0.245199	-132.777	-17.7801	44.8353
0.361757	-133.393	-17.8853	44.8856
0.50551	-134.046	-18.0047	44.939
0.589221	-134.709	-18.1359	44.9912
0.699923	-135.42	-18.2759	45.0472
0.812117	-136.107	-18.4156	45.1
0.881698	-136.816	-18.5637	45.1543
0.973007	-137.54	-18.7032	45.2091
1.02777	-138.273	-18.8421	45.2639
1.07569	-138.973	-18.9653	45.3164
1.09149	-139.69	-19.0866	45.3696
1.08905	-140.421	-19.2029	45.4236
1.05417	-141.138	-19.3082	45.4772
1.00777	-141.868	-19.4027	45.5315
0.947344	-142.54	-19.4838	45.5819
0.880463	-143.268	-19.5679	45.6369
0.775906	-143.973	-19.6396	45.6915
0.679649	-144.664	-19.7163	45.7453
0.56557	-145.378	-19.7929	45.8013
0.462778	-146.044	-19.8725	45.855
0.283563	-146.648	-19.9531	45.907
0.192078	-147.337	-20.0553	45.9621
0.0798102	-147.953	-20.1585	46.0122
-0.0410092	-148.59	-20.2736	46.0626
-0.146152	-149.285	-20.4041	46.1167
-0.272881	-149.948	-20.5358	46.1689
-0.355945	-150.639	-20.6822	46.2218
-0.452003	-151.352	-20.8269	46.2754
-0.560383	-152.067	-20.9705	46.3293
-0.618998	-152.8	-21.1168	46.3837
-0.67043	-153.478	-21.2426	46.4337
-0.712641	-154.193	-21.3664	46.4864
-0.731181	-154.881	-21.4788	46.5376
-0.736853	-155.628	-21.5956	46.5932
-0.727737	-156.307	-21.6971	46.6437
-0.70725	-156.998	-21.795	46.695
-0.654929	-157.707	-21.8904	46.7479
-0.609356	-158.383	-21.9771	46.7987
-0.561111	-159.09	-22.0595	46.8522
-0.485457	-159.75	-22.1369	46.9031
-0.407291	-160.408	-22.2121	46.9544
-0.280154	-161.087	-22.2894	47.0084
-0.179863	-161.73	-22.3625	47.0604
-0.0752377	-162.349	-22.4358	47.1111
0.0588438	-162.943	-22.5128	47.1614
0.151478	-163.558	-22.6068	47.212
0.300134	-164.193	-22.7142	47.2643
0.450173	-164.864	-22.837	47.3188
0.544443	-165.537	-22.9716	47.3718
0.659681	-166.175	-23.1024	47.4219
0.750706	-166.857	-23.2449	47.4741
0.872702	-167.555	-23.3869	47.5282
0.944035	-168.213	-23.5195	47.5782
0.989916	-168.95	-23.6621	47.6334
1.02964	-169.658	-23.7901	47.6865
1.05074	-170.361	-23.9095	47.739
1.05466	-171.092	-24.0252	47.7934
1.02166	-171.817	-24.1293	47.8477
0.978985	-172.521	-24.2158	47.9016
0.913706	-173.182	-24.2981	47.9518
0.842667	-173.836	-24.3608	48.0024
0.724753	-174.525	-24.4333	48.0572
0.609934	-175.181	-24.5001	48.1107
0.492245	-175.797	-24.5612	48.1617
0.408251	-176.399	-24.6234	48.2121
0.283683	-177.011	-24.7071	48.2651
0.119962	-177.61	-24.8064	48.3182
-0.00279692	-178.236	-24.923	48.3715
-0.124754	-178.852	-25.056	48.4227
-0.244152	-179.56	-25.2052	48.4782
-0.404523	-180.211	-25.3487	48.5301
-0.498494	-180.916	-25.5086	48.584
-0.60545	-181.656	-25.6615	48.6394
-0.667503	-182.341	-25.7984	48.6901
-0.72225	-183.085	-25.9423	48.7449
-0.75256	-183.831	-26.0721	48.7998
-0.766531	-184.551	-26.1912	48.8532
-0.758689	-185.228	-26.2957	48.9036
-0.731326	-185.918	-26.3945	48.9547
-0.692378	-186.604	-26.4829	49.0059
-0.63543	-187.282	-26.5639	49.0569
-0.570469	-187.948	-26.6385	49.107
-0.475787	-188.65	-26.7179	49.1603
-0.412591	-189.367	-26.7923	49.2145
-0.318245	-190.058	-26.8685	49.2679
-0.206731	-190.682	-26.9357	49.319
-0.0918599	-191.343	-27.0089	49.3726
0.0305945	-191.995	-27.0968	49.4264
0.206427	-192.588	-27.1903	49.4778
0.284308	-193.212	-27.2979	49.5283
0.443401	-193.858	-27.4202	49.5822
0.546365	-194.534	-27.5612	49.6373
0.681581	-195.162	-27.6947	49.6875
0.779507	-195.842	-27.8381	49.7407
0.857196	-196.532	-27.9871	49.7934
0.941399	-197.206	-28.1229	49.8445
1.01498	-197.938	-28.2624	49.8996
1.04674	-198.689	-28.3981	49.9552
1.06198	-199.424	-28.5195	50.0097
1.0582	-200.15	-28.6298	50.0636
1.03569	-200.862	-28.7279	50.1166
0.978327	-201.573	-28.818	50.17
0.92573	-202.291	-28.8979	50.2244
0.83343	-202.994	-28.9765	50.2784
0.727177	-203.687	-29.0509	50.3327
0.616134	-204.315	-29.113	50.3828
0.518357	-204.961	-29.1724	50.4346
0.387105	-205.553	-29.2355	50.4847
0.233501	-206.195	-29.3173	50.5394
0.0981937	-206.806	-29.4067	50.5912
-0.0211662	-207.426	-29.5139	50.6441
-0.158404	-208.041	-29.6318	50.6953
-0.335186	-208.657	-29.7595	50.7482
-0.45082	-209.272	-29.8937	50.799
-0.539979	-209.965	-30.0498	50.8536
-0.631466	-210.67	-30.197	50.9073
-0.741162	-211.367	-30.3396	50.9604
-0.80943	-212.099	-30.4825	51.015
-0.850104	-212.787	-30.6041	51.0657
-0.871293	-213.525	-30.7252	51.1205
-0.871123	-214.252	-30.8327	51.1748
-0.851533	-214.994	-30.9335	51.2303
-0.816098	-215.676	-31.0158	51.2821
-0.768176	-216.399	-31.0921	51.3373
-0.701347	-217.059	-31.1598	51.3879
-0.595088	-217.754	-31.232	51.4415
-0.524938	-218.413	-31.2922	51.4932
-0.417531	-219.041	-31.3588	51.5443
-0.242437	-219.721	-31.4384	51.6003
-0.115947	-220.348	-31.5193	51.6515
-0.0251769	-221.019	-31.6185	51.7062
0.137108	-221.682	-31.7333	51.7609
0.267971	-222.331	-31.856	51.8126
0.385861	-222.973	-31.9951	51.8645
0.501914	-223.601	-32.132	51.9146
0.650119	-224.281	-32.2798	51.9688
0.757472	-224.932	-32.4227	52.0194
0.837396	-225.635	-32.5796	52.0733
0.90879	-226.354	-32.7267	52.1276
0.966934	-227.061	-32.8636	52.1801
1.01102	-227.799	-32.9988	52.2347
1.02772	-228.475	-33.109	52.2849
1.01651	-229.202	-33.2173	52.339
0.986498	-229.953	-33.3156	52.3951
0.918437	-230.688	-33.4063	52.4505
0.847109	-231.377	-33.4834	52.5029
0.760488	-232.062	-33.5478	52.5557
0.627126	-232.761	-33.62	52.6105
0.526476	-233.466	-33.6874	52.6666
0.343378	-234.082	-33.754	52.7199
0.215931	-234.682	-33.8296	52.7706
0.101348	-235.288	-33.9205	52.8244
-0.0773013	-235.942	-34.0342	52.88
-0.204985	-236.545	-34.1485	52.931
-0.293208	-237.212	-34.2829	52.9857
-0.404922	-237.855	-34.4127	53.0376
-0.526596	-238.512	-34.5496	53.0904
-0.61219	-239.184	-34.6906	53.1432
-0.670168	-239.855	-34.8363	53.1951
-0.729863	-240.543	-34.9702	53.2475
-0.766516	-241.215	-35.0891	53.2984
-0.788176	-241.905	-35.2007	53.3503
-0.789072	-242.654	-35.3108	53.4061
-0.755827	-243.388	-35.4078	53.4608
-0.723206	-244.126	-35.4967	53.5158
-0.655501	-244.83	-35.5784	53.569
-0.564403	-245.558	-35.6535	53.6246
-0.470947	-246.25	-35.7279	53.678
-0.337042	-246.885	-35.7931	53.729
-0.259303	-247.584	-35.8634	53.7846
-0.134103	-248.184	-35.9286	53.8348
-0.0291821	-248.822	-36.0075	53.8862
0.0978691	-249.452	-36.0989	53.9389
0.268265	-250.068	-36.2017	53.991
0.404766	-250.715	-36.3236	54.0447
0.55665	-251.334	-36.4464	54.0949
0.701209	-252.01	-36.5842	54.1488
0.846694	-252.673	-36.7238	54.2014
0.944644	-253.356	-36.8646	54.2539
1.02031	-254.052	-37.009	54.307
1.10561	-254.765	-37.1438	54.3609
1.1486	-255.515	-37.2761	54.4166
1.17831	-256.219	-37.3895	54.4691
1.18423	-256.901	-37.4933	54.5195
1.17713	-257.659	-37.6013	54.5757
1.13675	-258.409	-37.7027	54.6313
1.09657	-259.083	-37.7874	54.6816
1.05414	-259.786	-37.8688	54.7347
0.951364	-260.496	-37.9518	54.789
0.860833	-261.194	-38.0324	54.8429
0.77813	-261.867	-38.1017	54.8958
0.656788	-262.529	-38.1771	54.9492
0.494076	-263.15	-38.2522	55.0013
0.399291	-263.802	-38.3422	55.0532
0.309587	-264.47	-38.448	55.1072
0.116526	-265.077	-38.5556	55.1598
0.0342217	-265.768	-38.6881	55.2147
-0.0856715	-266.448	-38.8212	55.2683
-0.22863	-267.119	-38.957	55.3221
-0.309912	-267.819	-39.1053	55.3764
-0.396648	-268.49	-39.2414	55.4277
-0.491158	-269.185	-39.3762	55.4809
-0.548021	-269.851	-39.5015	55.5315
-0.590353	-270.543	-39.6249	55.5836
-0.620987	-271.224	-39.7415	55.6346
-0.642713	-271.929	-39.8532	55.6871
-0.650482	-272.619	-39.9575	55.7389
-0.642717	-273.309	-40.0569	55.7904
-0.618225	-274.053	-40.1549	55.8457
-0.564796	-274.787	-40.2479	55.9009
-0.508184	-275.451	-40.3263	55.9517
-0.441617	-276.104	-40.4	56.0017
-0.383013	-276.803	-40.4726	56.0559
-0.303808	-277.451	-40.5423	56.1069
-0.212607	-278.102	-40.6135	56.1585
-0.0475337	-278.766	-40.6891	56.2135
0.0740097	-279.42	-40.7673	56.2666
0.222842	-280.102	-40.8673	56.3217
0.319004	-280.782	-40.9813	56.375
0.435257	-281.502	-41.1117	56.4309
0.592004	-282.148	-41.2349	56.4816
0.692031	-282.837	-41.3755	56.5346
0.773927	-283.523	-41.5134	56.5865
0.859547	-284.226	-41.653	56.6394
0.968048	-284.936	-41.79	56.6932
1.03959	-285.635	-41.9252	56.7457
1.11139	-286.39	-42.0592	56.8018
1.1471	-287.107	-42.1847	56.8551
1.16786	-287.848	-42.308	56.9099
1.1757	-288.529	-42.4189	56.9604
1.1654	-289.258	-42.5318	57.0148
1.13541	-289.978	-42.638	57.0692
1.07665	-290.681	-42.7362	57.1228
1.02094	-291.374	-42.8246	57.176
0.943355	-292.067	-42.9118	57.2295
0.811357	-292.717	-42.9884	57.2811
0.692409	-293.359	-43.0601	57.3327
0.572528	-294.003	-43.1254	57.3858
0.475431	-294.675	-43.2035	57.4398
0.316958	-295.286	-43.2804	57.492
0.141058	-295.885	-43.3639	57.545
0.0484064	-296.491	-43.4623	57.5952
-0.113492	-297.069	-43.5669	57.6456
-0.24025	-297.694	-43.6912	57.6972
-0.374786	-298.338	-43.8259	57.7499
-0.513295	-299.029	-43.9819	57.8051
-0.612664	-299.726	-44.1338	57.8591
-0.732056	-300.377	-44.2745	57.9103
-0.803514	-301.037	-44.4122	57.9607
-0.852698	-301.743	-44.5473	58.0139
-0.890792	-302.432	-44.6716	58.0656
-0.902289	-303.11	-44.7828	58.1167
-0.894168	-303.811	-44.8905	58.1694
-0.865879	-304.51	-44.9902	58.2219
-0.81061	-305.24	-45.0779	58.2766
-0.745328	-305.94	-45.1591	58.3292
-0.631948	-306.623	-45.2331	58.3813
-0.538943	-307.331	-45.3091	58.4349
-0.441808	-307.978	-45.3689	58.4856
-0.293524	-308.656	-45.4426	58.5402
-0.16594	-309.263	-45.5105	58.5904
-0.0741081	-309.895	-45.5893	58.6413
0.0464839	-310.569	-45.6877	58.6972
0.165601	-311.158	-45.7889	58.7473
0.350669	-311.791	-45.9058	58.8016
0.460861	-312.454	-46.0419	58.8568
0.610571	-313.121	-46.1792	58.9107
0.729477	-313.755	-46.3143	58.9614
0.826025	-314.429	-46.4551	59.0134
0.897981	-315.138	-46.6042	59.0667
0.963476	-315.847	-46.7415	59.12
1.02187	-316.55	-46.8699	59.1727
1.05128	-317.277	-46.9948	59.227
1.06339	-318.005	-47.1103	59.281
1.04422	-318.726	-47.2179	59.3347
1.00585	-319.454	-47.3154	59.3893
0.915837	-320.178	-47.4072	59.4439
0.83874	-320.9	-47.488	59.4983
0.710562	-321.59	-47.5668	59.552
0.617962	-322.309	-47.6422	59.6072
0.468752	-322.968	-47.7122	59.6606
0.346105	-323.623	-47.781	59.7142
0.235367	-324.224	-47.8387	59.766
0.119726	-324.817	-47.9125	59.8173
0.0191686	-325.432	-48	59.8685
-0.141164	-326.042	-48.0968	59.9224
-0.261128	-326.655	-48.2044	59.9749
-0.356463	-327.263	-48.3212	60.0253
-0.489194	-327.865	-48.4448	60.0753
-0.564126	-328.533	-48.5935	60.1281
-0.646335	-329.202	-48.7388	60.1801
-0.757025	-329.926	-48.8998	60.2361
-0.817539	-330.62	-49.0397	60.2887
-0.879039	-331.294	-49.1648	60.3401
-0.905767	-331.966	-49.2783	60.391
-0.913466	-332.654	-49.3826	60.4428
-0.896558	-333.349	-49.4753	60.4957
-0.861426	-334.03	-49.5613	60.5473
-0.831273	-334.696	-49.6372	60.5994
-0.74694	-335.381	-49.7137	60.6528
-0.67589	-336.083	-49.7824	60.7075
-0.586348	-336.739	-49.8499	60.7596
-0.439495	-337.39	-49.9179	60.8133
-0.323864	-338.025	-49.9812	60.8665
-0.202989	-338.625	-50.0522	60.9166
-0.0789683	-339.235	-50.1351	60.9676
0.0759574	-339.849	-50.2316	61.0196
0.219488	-340.443	-50.3408	61.0701
0.373833	-341.115	-50.473	61.1243
0.462272	-341.805	-50.6227	61.179
0.626666	-342.482	-50.7683	61.2328
0.73614	-343.171	-50.9175	61.2859
0.826653	-343.885	-51.0771	61.3399
0.921629	-344.611	-51.2258	61.3949
0.977805	-345.288	-51.3606	61.4452
1.01762	-346.008	-51.4956	61.4981
1.03908	-346.724	-51.6155	61.551
1.03841	-347.442	-51.7289	61.604
1.02043	-348.169	-51.8337	61.6577
0.961843	-348.911	-51.9339	61.7127
0.909589	-349.631	-52.021	61.7665
0.821193	-350.356	-52.1086	61.8213
0.738931	-351.016	-52.1834	61.8718
0.662024	-351.723	-52.2565	61.9266
0.549526	-352.405	-52.3324	61.9817
0.365065	-353.017	-52.4007	62.0341
0.274859	-353.671	-52.4845	62.0888
0.102562	-354.274	-52.5763	62.1424
-0.038869	-354.895	-52.6816	62.1964
-0.137173	-355.544	-52.8036	62.2515
-0.248514	-356.159	-52.9241	62.3019
-0.383485	-356.801	-53.054	62.3542
-0.481613	-357.46	-53.1964	62.4068
-0.56578	-358.166	-53.3394	62.4613
-0.642962	-358.865	-53.4769	62.5146
-0.686582	-359.562	-53.6072	62.5679
-0.716985	-360.25	-53.7206	62.62
-0.729645	-360.992	-53.8366	62.6755
-0.722416	-361.668	-53.9332	62.7266
-0.698353	-362.344	-54.0239	62.7775
-0.636141	-363.07	-54.1184	62.8326
-0.576412	-363.767	-54.2038	62.8856
-0.515704	-364.452	-54.2791	62.9381
-0.429973	-365.099	-54.3513	62.9888
-0.337776	-365.738	-54.42	63.0389
-0.198965	-366.396	-54.4916	63.0929
-0.100365	-367.066	-54.5624	63.1478
0.0444676	-367.652	-54.635	63.1978
0.167998	-368.276	-54.7266	63.2493
0.334807	-368.922	-54.8336	63.3035
0.463035	-369.53	-54.9456	63.3544
0.566222	-370.198	-55.0782	63.4085
0.681644	-370.868	-55.2128	63.4623
0.829236	-371.512	-55.3467	63.5139
0.915456	-372.205	-55.4945	63.5671
1.00966	-372.938	-55.6399	63.6225
1.07018	-373.653	-55.7773	63.6755
1.11674	-374.397	-55.9129	63.7303
1.14585	-375.097	-56.0289	63.7818
1.15594	-375.78	-56.1346	63.8324
1.13636	-376.456	-56.2325	63.8828
1.11795	-377.182	-56.329	63.9371
1.07052	-377.897	-56.4218	63.9913
0.988243	-378.598	-56.5086	64.045
0.909329	-379.292	-56.5845	64.099
0.76205	-379.978	-56.6613	64.1537
0.651093	-380.653	-56.7286	64.2084
0.486153	-381.314	-56.8022	64.2636
0.399018	-381.99	-56.8824	64.318
0.258313	-382.63	-56.9738	64.3723
0.0832782	-383.269	-57.0772	64.4273
-0.0283546	-383.936	-57.2007	64.4811
-0.200433	-384.601	-57.3302	64.5361
-0.300636	-385.245	-57.4688	64.5881
-0.416172	-385.901	-57.6054	64.6404
-0.518848	-386.55	-57.7406	64.6919
-0.61734	-387.229	-57.8794	64.7446
-0.68188	-387.888	-58.0113	64.7955
-0.732265	-388.607	-58.1506	64.8501
-0.778628	-389.316	-58.2735	64.9039
-0.793936	-390.025	-58.3902	64.9574
-0.795886	-390.697	-58.4934	65.0082
-0.773115	-391.382	-58.5851	65.06
-0.719235	-392.081	-58.6732	65.1129
-0.661212	-392.77	-58.7523	65.1662
-0.613013	-393.448	-58.8199	65.2191
-0.528567	-394.076	-58.8854	65.2692
-0.450075	-394.734	-58.957	65.3213
-0.298544	-395.367	-59.0273	65.3758
-0.189411	-395.965	-59.0958	65.4265
-0.113992	-396.598	-59.1743	65.4791
0.0634799	-397.25	-59.2722	65.5346
0.162127	-397.901	-59.3794	65.5879
0.293538	-398.512	-59.4884	65.6386
0.45331	-399.186	-59.6143	65.6934
0.557602	-399.872	-59.7519	65.7486
0.657725	-400.544	-59.8862	65.8019
0.7854	-401.193	-60.0172	65.8541
0.857094	-401.91	-60.1624	65.9085
0.932063	-402.591	-60.2952	65.9598
1.0023	-403.33	-60.4316	66.0149
1.04224	-404.002	-60.5519	66.0649
1.05736	-404.699	-60.6697	66.1163
1.05996	-405.406	-60.7858	66.1683
1.03965	-406.089	-60.8883	66.2187
0.996752	-406.836	-60.9927	66.2739
0.948027	-407.576	-61.0833	66.3286
0.884991	-408.275	-61.1661	66.3812
0.773978	-408.944	-61.2409	66.4329
0.696971	-409.643	-61.3181	66.4866
0.616325	-410.307	-61.382	66.5392
0.525642	-410.933	-61.4487	66.5899
0.350575	-411.58	-61.5238	66.645
0.259866	-412.25	-61.6125	66.701
0.103816	-412.886	-61.71	66.754
0.00433755	-413.548	-61.8284	66.8085
-0.151036	-414.236	-61.9558	66.8648
-0.233149	-414.886	-62.0819	66.916
-0.313325	-415.553	-62.2217	66.9688
-0.41611	-416.193	-62.3556	67.0196
-0.515921	-416.872	-62.4958	67.073
-0.575215	-417.535	-62.6308	67.1238
-0.630643	-418.196	-62.7598	67.1741
-0.673547	-418.906	-62.8922	67.2281
-0.704692	-419.601	-63.0081	67.2804
-0.713888	-420.312	-63.1194	67.3337
-0.702972	-420.99	-63.2192	67.3845
-0.678684	-421.722	-63.3182	67.4392
-0.649261	-422.429	-63.4102	67.4918
-0.568277	-423.137	-63.4991	67.5459
-0.515845	-423.845	-63.5804	67.6001
-0.396765	-424.516	-63.6585	67.6535
-0.309165	-425.149	-63.7288	67.7036
-0.198501	-425.776	-63.7992	67.7548
-0.0859358	-426.409	-63.8684	67.8086
0.0310699	-427.036	-63.9491	67.8609
0.161478	-427.616	-64.0334	67.9111
0.350006	-428.245	-64.1338	67.9654
0.48094	-428.842	-64.239	68.0161
0.619658	-429.431	-64.3496	68.0663
0.768301	-430.046	-64.4705	68.118
0.878694	-430.707	-64.6099	68.1721
1.01687	-431.346	-64.7411	68.2244
1.11073	-432.011	-64.8744	68.2772
1.18379	-432.704	-65.0126	68.3309
1.25911	-433.43	-65.1455	68.3858
1.29816	-434.102	-65.2631	68.436
1.31949	-434.792	-65.3767	68.4875
1.32312	-435.476	-65.4827	68.5385
1.31028	-436.169	-65.5812	68.5902
1.25517	-436.892	-65.6795	68.6446
1.18415	-437.588	-65.7679	68.6975
1.12182	-438.304	-65.8502	68.7522
1.01876	-438.978	-65.9293	68.8048
0.918428	-439.627	-66.0031	68.8562
0.810763	-440.274	-66.0719	68.909
0.701159	-440.954	-66.1556	68.9641
0.537881	-441.593	-66.2405	69.0183
0.436358	-442.239	-66.3382	69.0725
0.321517	-442.85	-66.4446	69.1225
0.164008	-443.494	-66.5628	69.1753
0.054784	-444.158	-66.6845	69.2279
-0.0529078	-444.8	-66.8031	69.2795
-0.149885	-445.468	-66.9198	69.3319
-0.255649	-446.156	-67.0365	69.3858
-0.320738	-446.83	-67.148	69.4376
-0.373516	-447.524	-67.2593	69.4905
-0.423439	-448.214	-67.3651	69.5428
-0.469768	-448.906	-67.4671	69.5952
-0.492998	-449.578	-67.5632	69.646
-0.509869	-450.303	-67.6629	69.7006
-0.508259	-451.022	-67.7626	69.7546
-0.501089	-451.719	-67.8578	69.807
-0.491139	-452.418	-67.9494	69.8602
-0.473604	-453.109	-68.0413	69.9123
-0.426382	-453.807	-68.1351	69.9655
-0.39443	-454.504	-68.2331	70.0185
-0.350875	-455.154	-68.3287	70.0688
-0.315452	-455.832	-68.4335	70.1204
-0.270865	-456.523	-68.5444	70.1729
-0.20345	-457.197	-68.6541	70.2243
