x	y	z	t
0.452636	449.947	73.437	0.0517676
0.452331	449.238	73.3257	0.104453
0.452286	448.522	73.213	0.157746
0.452616	447.763	73.0942	0.214158
0.453226	447.035	72.98	0.268338
0.453768	446.34	72.8709	0.320149
0.45418	445.643	72.7615	0.371979
0.454788	444.928	72.6486	0.425234
0.455382	444.249	72.5422	0.475852
0.455931	443.511	72.4273	0.530927
0.456082	442.744	72.3072	0.588143
0.4561	441.993	72.1896	0.6442
0.455656	441.287	72.0787	0.696843
0.45522	440.54	71.9618	0.752684
0.456737	439.809	71.8478	0.80741
0.459682	439.091	71.7355	0.861249
0.463406	438.386	71.6252	0.913793
0.467658	437.68	71.5147	0.966772
0.47654	436.969	71.4022	1.02033
0.48665	436.279	71.2945	1.07244
0.503689	435.535	71.1805	1.12857
0.522202	434.821	71.0714	1.18253
0.542911	434.107	70.9622	1.23658
0.570064	433.428	70.8599	1.2881
0.59328	432.722	70.7526	1.34139
0.616695	432.056	70.6527	1.39151
0.641376	431.361	70.5508	1.44404
0.676098	430.663	70.4513	1.49699
0.6956	429.979	70.3584	1.54936
0.718246	429.272	70.2612	1.60344
0.757284	428.599	70.1705	1.65505
0.769693	427.895	70.0745	1.70891
0.798887	427.198	69.9722	1.76235
0.824369	426.45	69.8587	1.81916
0.859802	425.689	69.7382	1.87646
0.875712	424.928	69.6115	1.93342
0.908584	424.169	69.4793	1.9899
0.937567	423.464	69.3526	2.04244
0.970423	422.718	69.2118	2.09762
0.994631	421.954	69.0706	2.15404
1.01317	421.261	68.9422	2.20493
1.02949	420.549	68.8093	2.25764
1.03637	419.835	68.6852	2.31073
1.02489	419.047	68.5556	2.36895
0.99916	418.302	68.4405	2.42444
0.953775	417.575	68.336	2.47889
0.907031	416.888	68.2411	2.53079
0.821901	416.16	68.1441	2.586
0.7547	415.452	68.0582	2.63995
0.683675	414.74	67.9696	2.69442
0.580761	414.025	67.8843	2.75033
0.489928	413.356	67.796	2.80227
0.397813	412.666	67.7001	2.85567
0.280661	411.978	67.5984	2.90929
0.157531	411.261	67.4842	2.96546
0.0752066	410.565	67.3653	3.01967
-0.0198024	409.856	67.2408	3.07442
-0.134706	409.188	67.1181	3.1256
-0.218097	408.523	66.9922	3.17591
-0.299494	407.808	66.8483	3.22988
-0.373293	407.103	66.7072	3.28303
-0.448969	406.35	66.5518	3.33924
-0.487979	405.612	66.4078	3.39432
-0.51582	404.904	66.2764	3.44752
-0.518255	404.21	66.1552	3.49977
-0.506401	403.5	66.0449	3.55312
-0.460829	402.781	65.9433	3.60757
-0.413585	402.101	65.863	3.6596
-0.3415	401.433	65.7867	3.711
-0.239035	400.749	65.7116	3.76415
-0.160798	400.054	65.6421	3.81873
-0.0805079	399.38	65.5672	3.87196
0.049822	398.691	65.4862	3.92738
0.114992	397.996	65.3998	3.98394
0.236018	397.38	65.3085	4.03481
0.304448	396.666	65.1846	4.0915
0.394192	396.015	65.0563	4.14418
0.519165	395.335	64.9077	4.19873
0.609733	394.67	64.7627	4.25
0.697426	393.966	64.6114	4.30334
0.780914	393.214	64.4501	4.35928
0.831839	392.453	64.3022	4.41543
0.874162	391.712	64.1645	4.47001
0.895006	391.005	64.0437	4.52231
0.898571	390.319	63.9341	4.5728
0.873014	389.539	63.8193	4.63042
0.810659	388.794	63.7199	4.68592
0.746438	388.097	63.6437	4.73852
0.671851	387.376	63.5649	4.79312
0.561055	386.637	63.4947	4.85001
0.468313	385.942	63.4251	4.90394
0.365007	385.3	63.3612	4.95475
0.255161	384.669	63.2913	5.00521
0.11608	383.982	63.21	5.06013
0.0288457	383.301	63.1113	5.11351
-0.126934	382.654	63.0085	5.16576
-0.203942	381.933	62.8761	5.22196
-0.342002	381.224	62.7381	5.27783
-0.422064	380.544	62.5894	5.32968
-0.503277	379.847	62.439	5.3824
-0.592458	379.13	62.2834	5.43673
-0.640408	378.423	62.1225	5.49037
-0.689156	377.695	61.9725	5.54523
-0.718657	377.009	61.8401	5.59649
-0.721931	376.344	61.7218	5.64686
-0.710493	375.656	61.6161	5.69917
-0.670543	374.989	61.5318	5.75029
-0.613643	374.279	61.4573	5.80484
-0.525534	373.61	61.3933	5.85715
-0.446215	372.925	61.3374	5.91223
-0.340305	372.308	61.2822	5.96272
-0.194241	371.668	61.2183	6.01653
-0.0863445	371.024	61.1507	6.07011
0.0180966	370.359	61.0623	6.12448
0.174742	369.767	60.9717	6.17527
0.258517	369.086	60.8499	6.2313
0.369744	368.461	60.7269	6.28242
0.483027	367.815	60.5938	6.33464
0.63443	367.17	60.4559	6.38672
0.734894	366.507	60.3103	6.43839
0.8149	365.79	60.1504	6.4934
0.910069	365.059	59.9941	6.54898
0.965128	364.344	59.8573	6.60191
1.00248	363.605	59.725	6.65661
1.01728	362.914	59.6098	6.70802
1.01983	362.22	59.5043	6.75988
0.995293	361.508	59.4079	6.81296
0.961105	360.788	59.3203	6.86659
0.884708	360.05	59.2432	6.92213
0.812565	359.38	59.1763	6.97322
0.725122	358.7	59.111	7.02535
0.61037	358.012	59.0487	7.07898
0.506736	357.289	58.9712	7.1349
0.401194	356.651	58.8992	7.18587
0.248241	355.989	58.8165	7.23923
0.127451	355.365	58.7253	7.28945
0.0238184	354.697	58.6175	7.34224
-0.0950273	354.066	58.5056	7.39247
-0.253749	353.375	58.3765	7.44701
-0.33409	352.643	58.2281	7.50357
-0.441996	351.918	58.0738	7.5596
-0.522684	351.188	57.9212	7.61468
-0.582097	350.521	57.7774	7.66489
-0.649614	349.81	57.6305	7.71864
-0.681255	349.087	57.4818	7.77313
-0.704439	348.346	57.3469	7.82866
-0.699659	347.619	57.2225	7.88356
-0.676573	346.935	57.1169	7.9356
-0.644901	346.269	57.029	7.98753
-0.577754	345.603	56.9515	8.03924
-0.501055	344.966	56.8949	8.08957
-0.413485	344.302	56.8313	8.14223
-0.318162	343.656	56.7709	8.19428
-0.200406	342.993	56.7133	8.24932
-0.0638598	342.387	56.6516	8.30067
0.0520465	341.766	56.5795	8.35244
0.196425	341.157	56.4957	8.40486
0.390827	340.574	56.4005	8.45643
0.475943	339.916	56.2739	8.51099
0.633247	339.244	56.1371	8.56694
0.751441	338.595	55.9915	8.61947
0.866195	337.874	55.838	8.67643
0.990573	337.23	55.6949	8.72686
1.06359	336.508	55.5372	8.78232
1.13497	335.837	55.4019	8.8332
1.19481	335.058	55.2562	8.89166
1.21464	334.345	55.1345	8.9455
1.21171	333.67	55.0282	8.99628
1.18326	332.966	54.9282	9.0492
1.16124	332.273	54.8452	9.10094
1.0915	331.552	54.7607	9.15562
1.02086	330.874	54.6871	9.20753
0.896714	330.162	54.6188	9.26397
0.777584	329.535	54.5563	9.31409
0.621419	328.837	54.4851	9.37028
0.497503	328.117	54.3941	9.42719
0.328124	327.513	54.3126	9.4775
0.169284	326.877	54.2138	9.52994
0.0391262	326.158	54.0877	9.58813
-0.107256	325.455	53.9478	9.64395
-0.218985	324.807	53.8133	9.6948
-0.341197	324.131	53.671	9.74734
-0.463465	323.463	53.5309	9.7987
-0.5429	322.788	53.3921	9.84982
-0.607624	322.046	53.2424	9.90535
-0.648235	321.351	53.1146	9.95708
-0.672132	320.614	52.9881	10.0122
-0.669298	319.878	52.875	10.0674
-0.636757	319.172	52.777	10.1204
-0.591041	318.502	52.692	10.1711
-0.520918	317.78	52.606	10.2267
-0.420178	317.066	52.5364	10.2831
-0.323886	316.392	52.468	10.3361
-0.167794	315.652	52.3964	10.3957
-0.0369435	315.012	52.3293	10.4481
0.0355978	314.33	52.2532	10.5037
0.163147	313.713	52.1699	10.5555
0.344777	313.071	52.0695	10.6098
0.442753	312.405	51.9536	10.6638
0.569449	311.781	51.8337	10.7152
0.691624	311.086	51.693	10.7712
0.797754	310.406	51.5553	10.8249
0.933642	309.707	51.4112	10.8794
0.998253	309.025	51.2671	10.9308
1.07582	308.29	51.1245	10.9862
1.12519	307.563	50.9852	11.0407
1.15778	306.87	50.8648	11.092
1.17332	306.17	50.7484	11.144
1.17257	305.47	50.6408	11.1961
1.13707	304.733	50.5392	11.2513
1.07592	304.007	50.4432	11.306
1.01939	303.335	50.3603	11.3569
0.950686	302.673	50.2837	11.4078
0.849771	301.972	50.2132	11.4631
0.724774	301.317	50.147	11.5161
0.594288	300.665	50.0814	11.5699
0.468716	300.014	50.0157	11.6234
0.307935	299.321	49.9276	11.68
0.222621	298.676	49.8357	11.7314
0.132316	298.027	49.7299	11.783
0.00876743	297.322	49.6044	11.8392
-0.0692399	296.622	49.4666	11.8935
-0.203355	295.92	49.3272	11.9478
-0.285439	295.254	49.1907	11.9986
-0.358786	294.57	49.0521	12.0504
-0.427004	293.85	48.9047	12.1042
-0.46555	293.173	48.7735	12.1547
-0.506206	292.433	48.6374	12.2097
-0.517226	291.736	48.5089	12.2613
-0.516069	291.032	48.3864	12.3143
-0.486959	290.309	48.2662	12.3684
-0.451438	289.585	48.1551	12.4222
-0.372739	288.843	48.049	12.4783
-0.295057	288.14	47.9612	12.532
-0.181064	287.407	47.8708	12.5883
-0.0871305	286.75	47.797	12.6391
0.0211635	286.062	47.7282	12.694
0.186994	285.403	47.6574	12.7481
0.27274	284.723	47.5842	12.8041
0.415565	284.128	47.5085	12.8542
0.565306	283.471	47.412	12.9088
0.683628	282.844	47.3037	12.9619
0.776869	282.217	47.1864	13.0134
0.894573	281.567	47.0596	13.0663
0.988627	280.926	46.9298	13.1173
1.09895	280.22	46.7837	13.1722
1.19306	279.546	46.6521	13.224
1.26934	278.836	46.5198	13.2782
1.31798	278.104	46.3892	13.3336
1.35196	277.413	46.2745	13.3856
1.37335	276.66	46.155	13.442
1.37115	275.951	46.0473	13.4962
1.33413	275.249	45.9454	13.55
1.3036	274.527	45.847	13.6055
1.22228	273.835	45.7547	13.6591
1.15234	273.122	45.6653	13.7151
1.05883	272.413	45.5798	13.7714
0.990002	271.745	45.5009	13.8245
0.878532	271.093	45.4277	13.8772
0.745925	270.425	45.3598	13.9326
0.640163	269.77	45.2848	13.9864
0.462163	269.131	45.2044	14.0407
0.355364	268.51	45.1187	14.0927
0.191787	267.914	45.0233	14.1436
0.0222498	267.22	44.9043	14.1998
-0.0679231	266.503	44.7702	14.2552
-0.220574	265.787	44.628	14.3118
-0.320751	265.036	44.4811	14.3692
-0.439646	264.305	44.3313	14.4248
-0.508622	263.598	44.1931	14.478
-0.587584	262.914	44.0604	14.5293
-0.633934	262.172	43.9164	14.5848
-0.665907	261.465	43.7869	14.6374
-0.687353	260.705	43.6526	14.6935
-0.68433	260.011	43.5365	14.7452
-0.659407	259.284	43.4193	14.7999
-0.631396	258.549	43.309	14.8551
-0.581194	257.826	43.2066	14.9092
-0.503452	257.163	43.1196	14.9595
-0.444687	256.446	43.0359	15.0141
-0.329981	255.748	42.9556	15.0684
-0.234337	254.992	42.8755	15.1266
-0.138164	254.337	42.8044	15.1775
-0.0315823	253.626	42.7269	15.2338
0.0878478	252.987	42.6488	15.2863
0.189357	252.361	42.562	15.3376
0.377358	251.738	42.4615	15.3907
0.46729	251.062	42.3341	15.4454
0.549244	250.438	42.2088	15.4958
0.656232	249.799	42.0759	15.5473
0.775728	249.102	41.9232	15.603
0.865239	248.45	41.7867	15.6537
0.950107	247.767	41.6511	15.7061
1.03321	247.036	41.5145	15.7617
1.07931	246.326	41.3872	15.8154
1.10422	245.633	41.274	15.8675
1.10278	244.964	41.1718	15.9181
1.08633	244.283	41.0745	15.9697
1.05885	243.613	40.9852	16.0206
1.01629	242.929	40.9012	16.0737
0.921347	242.231	40.8129	16.1286
0.83234	241.568	40.7306	16.1809
0.747134	240.918	40.658	16.2336
0.575645	240.25	40.5803	16.2894
0.487283	239.577	40.5077	16.3441
0.392224	238.952	40.4337	16.3947
0.300494	238.325	40.3514	16.4453
0.141768	237.664	40.2535	16.5005
0.0434512	237.018	40.1486	16.5539
-0.118131	236.356	40.0316	16.6089
-0.218825	235.674	39.8999	16.6628
-0.336029	234.979	39.7654	16.7165
-0.471359	234.299	39.6313	16.7689
-0.571352	233.642	39.5017	16.819
-0.640971	232.913	39.3582	16.8741
-0.712915	232.166	39.2209	16.9295
-0.764313	231.429	39.0859	16.9837
-0.792651	230.752	38.969	17.034
-0.807173	230.068	38.8552	17.0849
-0.807882	229.38	38.7443	17.1364
-0.794448	228.647	38.6316	17.1911
-0.756151	227.924	38.5308	17.2457
-0.703512	227.244	38.4436	17.2967
-0.64188	226.67	38.3802	17.3497
-0.584171	225.98	38.3092	17.4024
-0.4908	225.276	38.2312	17.4565
-0.386513	224.607	38.1571	17.5096
-0.289659	223.967	38.0851	17.5602
-0.175471	223.322	38.0123	17.6132
-0.0838656	222.618	37.9178	17.6692
0.0911988	221.978	37.8214	17.7219
0.199208	221.316	37.7037	17.7757
0.277034	220.663	37.5776	17.8272
0.399528	220.008	37.4428	17.8792
0.486819	219.301	37.2872	17.9336
0.601862	218.595	37.1383	17.988
0.679656	217.937	37.0007	18.0383
0.728108	217.273	36.8679	18.0885
0.771152	216.606	36.7412	18.1388
0.808781	215.899	36.6172	18.1918
0.83031	215.158	36.4962	18.2475
0.82575	214.444	36.3886	18.3017
0.805029	213.711	36.2891	18.3574
0.776564	213.051	36.2064	18.4077
0.699901	212.3	36.1202	18.4656
0.636665	211.616	36.0431	18.5189
0.546177	210.933	35.9678	18.5726
0.474666	210.218	35.8945	18.6287
0.357952	209.57	35.8237	18.6801
0.276786	208.889	35.7463	18.7346
0.118591	208.242	35.6614	18.7887
0.00537436	207.608	35.5673	18.8412
-0.0596713	206.928	35.4558	18.8955
-0.193419	206.28	35.3404	18.948
-0.364458	205.578	35.2038	19.0059
-0.465811	204.951	35.0783	19.0565
-0.554547	204.286	34.9429	19.1083
-0.63899	203.636	34.8069	19.1583
-0.718784	202.965	34.6638	19.2094
-0.777516	202.244	34.5067	19.2633
-0.835885	201.564	34.3692	19.3139
-0.863044	200.851	34.2351	19.3677
-0.871067	200.152	34.1129	19.4202
-0.857654	199.405	33.9928	19.4764
-0.827572	198.705	33.8919	19.5294
-0.7992	197.966	33.8018	19.5856
-0.73864	197.242	33.7227	19.6421
-0.660885	196.563	33.6624	19.6953
-0.553007	195.905	33.5977	19.7476
-0.43178	195.193	33.5287	19.8053
-0.359899	194.525	33.4552	19.8592
-0.234587	193.865	33.3825	19.9146
-0.107082	193.201	33.2963	19.969
0.0784237	192.615	33.2101	20.0197
0.203869	191.954	33.092	20.0756
0.322655	191.336	32.9683	20.1268
0.491732	190.671	32.8307	20.1816
0.620501	190.029	32.6922	20.2326
0.715356	189.329	32.5343	20.287
0.833649	188.649	32.3914	20.34
0.932573	187.911	32.2381	20.3964
1.00519	187.178	32.0981	20.4516
1.05775	186.437	31.9604	20.5068
1.08966	185.677	31.8321	20.5637
1.09711	184.943	31.7176	20.6189
1.07521	184.273	31.6224	20.6696
1.04778	183.543	31.5323	20.7243
0.979009	182.814	31.445	20.7802
0.898893	182.111	31.3731	20.8348
0.816413	181.442	31.3023	20.8874
0.698148	180.787	31.2339	20.9396
0.574901	180.109	31.1681	20.9945
0.384982	179.454	31.0952	21.05
0.244623	178.824	31.0207	21.1035
0.135452	178.176	30.9288	21.1567
0.0143379	177.57	30.8324	21.2069
-0.125999	176.94	30.7244	21.2593
-0.26471	176.281	30.5968	21.3139
-0.391359	175.652	30.4709	21.3658
-0.519107	175.005	30.3377	21.4186
-0.60939	174.342	30.199	21.4702
-0.70909	173.671	30.0591	21.5227
-0.8133	172.97	29.9134	21.5763
-0.870161	172.222	29.7744	21.6322
-0.91458	171.52	29.6488	21.6849
-0.931454	170.826	29.5365	21.7368
-0.929947	170.109	29.4269	21.7903
-0.902906	169.38	29.3249	21.8454
-0.860449	168.695	29.2357	21.897
-0.851374	168.024	29.1552	21.9486
-0.746345	167.257	29.0727	22.0084
-0.670531	166.578	28.9984	22.061
-0.534548	165.949	28.9302	22.1113
-0.403845	165.29	28.862	22.1657
-0.296495	164.649	28.7867	22.2172
-0.126348	163.981	28.7019	22.2719
-0.0302401	163.266	28.6032	22.3294
0.120231	162.566	28.489	22.3863
0.214882	161.872	28.3626	22.441
0.378482	161.214	28.232	22.4935
0.492891	160.537	28.0845	22.5459
0.635657	159.817	27.9346	22.6018
0.733211	159.086	27.7796	22.6572
0.828662	158.359	27.6397	22.7121
0.894024	157.604	27.5017	22.7683
0.935956	156.913	27.3835	22.8201
0.968801	156.16	27.2591	22.8765
0.978117	155.462	27.1507	22.9287
0.955623	154.747	27.0472	22.9826
0.913635	154.069	26.9573	23.0336
0.857807	153.405	26.8757	23.0839
0.791658	152.753	26.807	23.1342
0.71255	152.029	26.7259	23.1899
0.572535	151.372	26.6569	23.2418
0.439295	150.736	26.5899	23.2928
0.341635	150.062	26.5196	23.3473
0.169237	149.438	26.4429	23.4001
0.0648939	148.793	26.3543	23.452
-0.0675764	148.144	26.252	23.5057
-0.230447	147.494	26.1385	23.5605
-0.302119	146.825	26.0041	23.6147
-0.4264	146.196	25.8709	23.6665
-0.54475	145.562	25.7309	23.717
-0.618802	144.899	25.5844	23.7679
-0.693843	144.191	25.4327	23.822
-0.755728	143.476	25.2796	23.8764
-0.794155	142.815	25.1494	23.9269
-0.814333	142.148	25.0299	23.9771
-0.823366	141.436	24.911	24.0308
-0.805489	140.773	24.8094	24.081
-0.782256	140.068	24.7133	24.1347
-0.734257	139.339	24.6245	24.1899
-0.644723	138.654	24.5497	24.2425
-0.58265	137.957	24.4853	24.2961
-0.478583	137.306	24.4211	24.3473
-0.345432	136.595	24.3456	24.4039
-0.2362	135.933	24.2815	24.4583
-0.0558072	135.271	24.2058	24.5128
0.0526709	134.628	24.1267	24.5658
0.144116	133.974	24.0255	24.6192
0.282215	133.365	23.9173	24.6703
0.419231	132.639	23.77	24.7293
0.525563	131.962	23.6289	24.7826
0.671601	131.324	23.49	24.833
0.779488	130.603	23.3288	24.8889
0.917768	129.877	23.1788	24.9448
1.00085	129.113	23.0233	25.0022
1.06645	128.342	22.8788	25.0598
1.10832	127.584	22.7485	25.1164
1.12719	126.861	22.6333	25.1712
1.13314	126.152	22.5274	25.2249
1.11696	125.437	22.4274	25.2792
1.04936	124.745	22.338	25.3324
0.972536	124.031	22.2573	25.3884
0.850197	123.328	22.1797	25.4443
0.751141	122.668	22.1189	25.4966
0.645131	122.022	22.0546	25.5479
0.444992	121.358	21.986	25.6046
0.350942	120.691	21.9158	25.6595
0.256927	120.073	21.8357	25.7101
0.122809	119.398	21.7341	25.7668
-0.041266	118.769	21.6268	25.8209
-0.183192	118.129	21.5023	25.8754
-0.353634	117.516	21.3782	25.9286
-0.487546	116.837	21.2404	25.9839
-0.547921	116.193	21.1076	26.034
-0.624906	115.548	20.9766	26.0841
-0.694775	114.832	20.8324	26.1391
-0.752031	114.137	20.7016	26.1922
-0.790881	113.425	20.5715	26.2459
-0.817344	112.748	20.456	26.2969
-0.831084	112.026	20.3377	26.3517
-0.830946	111.328	20.2288	26.4048
-0.810377	110.644	20.1311	26.4572
-0.773637	109.96	20.0398	26.5111
-0.733244	109.279	19.9565	26.5635
-0.660113	108.621	19.879	26.6142
-0.588493	107.889	19.7991	26.6707
-0.489181	107.219	19.7242	26.7232
-0.397787	106.528	19.6505	26.7769
-0.307774	105.825	19.5675	26.8312
-0.207214	105.187	19.4916	26.8815
-0.0595732	104.515	19.4079	26.9367
0.0738907	103.875	19.3144	26.9889
0.182236	103.255	19.2104	27.0391
0.33316	102.593	19.0905	27.0922
0.441558	101.977	18.9699	27.1423
0.54882	101.291	18.8262	27.197
0.695294	100.572	18.6785	27.2535
0.766931	99.8797	18.5283	27.3061
0.858277	99.1837	18.3885	27.3589
0.922718	98.4516	18.2487	27.4142
0.960055	97.7417	18.1177	27.4679
0.981118	97.0213	17.9967	27.5222
0.975354	96.3167	17.8839	27.5749
0.95057	95.6004	17.7788	27.6291
0.913945	94.9315	17.6896	27.6803
0.827724	94.2133	17.6006	27.7357
0.766067	93.4917	17.5238	27.7907
0.691034	92.8331	17.4541	27.8418
0.592625	92.187	17.3866	27.8925
0.482837	91.5608	17.3197	27.9427
0.373538	90.9077	17.2495	27.9964
0.258405	90.2546	17.1659	28.0488
0.111492	89.6584	17.0833	28.0991
-0.0188021	88.9926	16.9795	28.1533
-0.121511	88.3446	16.8682	28.2071
-0.233278	87.7267	16.7542	28.2577
-0.328111	87.0531	16.6253	28.3108
-0.44829	86.3494	16.4838	28.3667
-0.556848	85.6885	16.3512	28.4187
-0.648292	85.0098	16.2141	28.4715
-0.735902	84.267	16.0604	28.5282
-0.795289	83.5358	15.915	28.5834
-0.845832	82.8266	15.7741	28.6371
-0.862967	82.1081	15.6464	28.6915
-0.864331	81.4362	15.5319	28.7428
-0.859379	80.7029	15.4172	28.7988
-0.814824	80.0228	15.3206	28.8511
-0.769976	79.3207	15.2311	28.9049
-0.710493	78.6552	15.1616	28.9569
-0.655446	77.9826	15.0893	29.0091
-0.521348	77.3356	15.0211	29.0612
-0.419411	76.6287	14.9491	29.1168
-0.261196	75.9185	14.8673	29.1739
-0.175458	75.2642	14.7954	29.2271
-0.0224112	74.5579	14.7035	29.2851
0.11507	73.9328	14.6147	29.3378
0.289179	73.2338	14.4998	29.3959
0.405823	72.6276	14.3809	29.4467
0.559061	71.9574	14.2475	29.502
0.656492	71.2481	14.0942	29.5579
0.767832	70.5501	13.9476	29.6118
0.881791	69.8191	13.7913	29.6678
0.960315	69.098	13.6489	29.7224
1.02046	68.3727	13.5097	29.777
1.05152	67.6807	13.3899	29.8287
1.06326	67.005	13.2807	29.8793
1.05025	66.2559	13.1668	29.9357
1.02941	65.5627	13.072	29.988
0.969408	64.8513	12.9785	30.0421
0.849594	64.1097	12.8915	30.0993
0.760502	63.4006	12.8093	30.1539
0.651176	62.7244	12.7421	30.2068
0.57449	62.0366	12.6666	30.2608
0.411902	61.3726	12.5936	30.3146
0.294627	60.6855	12.513	30.3698
0.17516	60.0518	12.4281	30.4212
0.0639254	59.4436	12.3353	30.4716
-0.0933187	58.8017	12.2244	30.5267
-0.203348	58.1654	12.1033	30.5784
-0.294019	57.4829	11.9664	30.6322
-0.407842	56.8226	11.8274	30.685
-0.472011	56.1651	11.6763	30.7366
-0.57487	55.4597	11.5267	30.7919
-0.65879	54.7563	11.3807	30.8464
-0.703269	54.0685	11.2411	30.8991
-0.753826	53.3511	11.1115	30.9535
-0.765097	52.635	10.9903	31.0081
-0.756204	51.9194	10.8792	31.0626
-0.722999	51.2113	10.781	31.1169
-0.663311	50.5924	10.7053	31.1674
-0.575474	49.9281	10.6298	31.2195
-0.463339	49.2598	10.5584	31.2728
-0.403757	48.5339	10.4903	31.3297
-0.30191	47.8897	10.4286	31.382
-0.225999	47.2441	10.3658	31.4345
-0.158553	46.6185	10.3095	31.4867
-0.0362903	46.0201	10.2424	31.5383
0.0954756	45.4034	10.1593	31.5909
0.209951	44.7507	10.053	31.6455
0.362738	44.1521	9.94212	31.6968
0.454023	43.4905	9.80422	31.7503
0.586603	42.8396	9.66725	31.8025
0.682952	42.1797	9.52569	31.8535
0.807832	41.5102	9.38157	31.9048
0.894219	40.8441	9.24319	31.955
0.954374	40.0696	9.08949	32.0129
1.01496	39.3208	8.95095	32.0688
1.04407	38.6191	8.83248	32.1208
1.05962	37.9274	8.72065	32.1725
1.05678	37.2426	8.61753	32.2235
1.0187	36.5538	8.52078	32.2756
0.972074	35.8183	8.42723	32.3314
0.912376	35.1195	8.34273	32.3844
0.815146	34.4124	8.26935	32.4394
0.727722	33.703	8.19185	32.4944
0.575952	33.0711	8.12798	32.5458
0.469395	32.436	8.0628	32.5961
0.359861	31.7985	7.99354	32.6469
0.259487	31.1133	7.91058	32.7019
0.0891626	30.4925	7.8225	32.7536
-0.0513923	29.8382	7.71631	32.8074
-0.166362	29.1957	7.59826	32.86
-0.350978	28.5177	7.46702	32.9157
-0.423766	27.7827	7.31385	32.973
-0.57752	27.1283	7.17458	33.0261
-0.680739	26.4312	7.02009	33.0808
-0.770165	25.7446	6.87844	33.1332
-0.817256	25.066	6.74442	33.1847
-0.886097	24.3531	6.60837	33.2385
-0.912155	23.6184	6.48113	33.2937
-0.921948	22.8918	6.36213	33.3485
-0.912666	22.214	6.25967	33.3996
-0.886548	21.5297	6.16419	33.452
-0.84307	20.8071	6.0713	33.5068
-0.796683	20.2011	6.01183	33.5575
-0.71433	19.4864	5.93362	33.6134
-0.645246	18.8234	5.86587	33.6657
-0.597542	18.1314	5.79966	33.7206
-0.530486	17.4917	5.73056	33.7729
-0.396865	16.8821	5.66084	33.825
-0.333225	16.2286	5.57908	33.8793
-0.229168	15.6459	5.49354	33.9296
-0.146751	14.9919	5.38388	33.9837
0.0282063	14.4228	5.27697	34.0355
0.105709	13.7526	5.13749	34.0906
0.250882	13.1001	5.00059	34.1446
0.33868	12.4487	4.86133	34.1951
0.435798	11.7875	4.72229	34.2461
0.534938	11.0945	4.57863	34.2991
0.60952	10.4015	4.44987	34.3514
0.666216	9.70032	4.32569	34.4039
0.706552	8.98303	4.20721	34.4573
0.721862	8.29809	4.10185	34.5084
0.716446	7.63214	4.0067	34.5584
0.693787	6.89559	3.90709	34.6137
0.657508	6.20976	3.82045	34.6652
0.582039	5.43384	3.72914	34.7238
0.478068	4.77299	3.65502	34.7753
0.381962	4.09765	3.58126	34.8272
0.262161	3.38782	3.51226	34.8831
0.104785	2.73113	3.44239	34.9351
0.0613094	2.07866	3.36422	34.9855
-0.0931257	1.42472	3.27669	35.0391
-0.212332	0.790698	3.17599	35.0908
-0.381944	0.093821	3.05442	35.1477
-0.464725	-0.599032	2.91866	35.2022
-0.611796	-1.2943	2.77896	35.2575
-0.694821	-1.9639	2.63219	35.3096
-0.827155	-2.6422	2.49049	35.3631
-0.867742	-3.30784	2.35336	35.4132
-0.924405	-4.03842	2.20528	35.4687
-0.979413	-4.74892	2.07126	35.5226
-1.01139	-5.42494	1.94966	35.5735
-1.0257	-6.09437	1.83637	35.6241
-1.02579	-6.7737	1.72757	35.6755
-1.01746	-7.50474	1.61865	35.7313
-0.989202	-8.17559	1.52708	35.783
-0.933989	-8.88589	1.43692	35.838
-0.894607	-9.59038	1.35865	35.8928
-0.813127	-10.2939	1.2795	35.9479
-0.722884	-10.9404	1.21699	36.0004
-0.630004	-11.5864	1.14746	36.0527
-0.514106	-12.2443	1.0742	36.1064
-0.414237	-12.9334	0.995769	36.1633
-0.279561	-13.5615	0.915752	36.2163
-0.174729	-14.1613	0.830835	36.2674
-0.129732	-14.8077	0.729076	36.3206
0.00209638	-15.436	0.618798	36.3745
0.114491	-16.0992	0.488703	36.4295
0.248062	-16.7551	0.353514	36.4832
0.307971	-17.4328	0.209352	36.536
0.434267	-18.0625	0.0695597	36.5871
0.535909	-18.7697	-0.0856212	36.6422
0.605355	-19.4396	-0.219978	36.6925
0.668055	-20.1369	-0.34964	36.7446
0.705447	-20.8882	-0.479586	36.8009
0.712752	-21.6329	-0.596087	36.8567
0.697604	-22.3312	-0.694456	36.9091
0.668428	-23.0378	-0.788903	36.9622
0.623951	-23.7274	-0.874996	37.0143
0.548549	-24.4437	-0.955187	37.0695
0.454136	-25.1495	-1.03453	37.1243
0.320726	-25.8402	-1.1084	37.178
0.216364	-26.4954	-1.17043	37.2292
0.0981191	-27.1943	-1.25049	37.2842
-0.00760821	-27.8269	-1.32695	37.3344
-0.157348	-28.4607	-1.4142	37.3859
-0.288575	-29.1792	-1.5238	37.4435
-0.453871	-29.8204	-1.63342	37.4953
-0.523564	-30.5553	-1.77061	37.5525
-0.666404	-31.2415	-1.90514	37.6074
-0.772013	-31.9166	-2.04966	37.6608
-0.879269	-32.6362	-2.19745	37.7164
-0.96743	-33.3091	-2.33833	37.7686
-1.02073	-33.9784	-2.48319	37.8199
-1.09752	-34.6871	-2.62167	37.8746
-1.13217	-35.3798	-2.75105	37.9271
-1.14867	-36.0651	-2.87326	37.9792
-1.15583	-36.7235	-2.98058	38.0293
-1.15377	-37.4249	-3.08575	38.0828
-1.13489	-38.1051	-3.17851	38.1348
-1.08629	-38.8428	-3.26732	38.1911
-1.01344	-39.5485	-3.34667	38.2459
-0.948764	-40.2006	-3.41291	38.2975
-0.889353	-40.8537	-3.47176	38.3496
-0.755634	-41.5333	-3.54487	38.4059
-0.650986	-42.1571	-3.61247	38.4588
-0.580253	-42.7975	-3.6812	38.5124
-0.477018	-43.4347	-3.76254	38.5664
-0.417666	-44.114	-3.86247	38.6234
-0.20257	-44.6754	-3.96089	38.6769
-0.14015	-45.349	-4.09843	38.7318
0.028818	-46.0034	-4.23566	38.7865
0.144305	-46.6753	-4.38623	38.8402
0.273555	-47.3864	-4.53101	38.8963
0.373207	-48.1107	-4.6747	38.9518
0.453768	-48.8124	-4.80359	39.0053
0.525133	-49.5059	-4.92571	39.0577
0.574704	-50.2088	-5.04546	39.1106
0.599026	-50.9014	-5.15643	39.1626
0.608992	-51.5785	-5.26014	39.2131
0.600402	-52.2828	-5.36246	39.2655
0.56967	-53.0283	-5.46451	39.3216
0.530175	-53.7556	-5.56113	39.3765
0.449012	-54.4774	-5.64829	39.4317
0.395173	-55.1597	-5.73047	39.4835
0.313863	-55.8356	-5.80889	39.5351
0.21347	-56.5568	-5.89001	39.5914
0.156823	-57.2504	-5.97284	39.645
0.0356715	-57.9439	-6.0546	39.7005
-0.0688894	-58.5888	-6.14145	39.7516
-0.271784	-59.2781	-6.24456	39.8092
-0.381265	-59.935	-6.35355	39.8625
-0.524286	-60.5889	-6.47023	39.9154
-0.596886	-61.2587	-6.59711	39.9676
-0.713863	-61.9115	-6.72848	40.0186
-0.796433	-62.6116	-6.8791	40.0723
-0.873317	-63.2969	-7.02117	40.1247
-0.959663	-63.967	-7.15925	40.1759
-0.986504	-64.6509	-7.29657	40.2268
-1.04724	-65.3555	-7.43584	40.2801
-1.09039	-66.1184	-7.57067	40.3377
-1.10708	-66.8022	-7.68475	40.3899
-1.10969	-67.5365	-7.79803	40.4458
-1.08632	-68.2179	-7.8941	40.498
-1.06409	-68.9375	-7.98592	40.5533
-1.01211	-69.5903	-8.06319	40.6047
-0.913818	-70.2871	-8.13681	40.6608
-0.787766	-70.8962	-8.20184	40.7113
-0.658062	-71.5504	-8.27647	40.7659
-0.548549	-72.168	-8.34781	40.8184
-0.534162	-72.8371	-8.42585	40.873
-0.434385	-73.4182	-8.50204	40.9246
-0.330708	-74.0078	-8.58873	40.9751
-0.206803	-74.6422	-8.69611	41.0295
-0.0898007	-75.2243	-8.80708	41.0795
0.0582004	-75.7965	-8.93381	41.1308
0.189904	-76.4153	-9.06523	41.182
0.286157	-77.0977	-9.20364	41.2353
0.367545	-77.7533	-9.33225	41.2857
0.472887	-78.4578	-9.46421	41.34
0.517	-79.126	-9.57835	41.3909
0.571937	-79.866	-9.69801	41.4474
0.600818	-80.5776	-9.81015	41.5015
0.610787	-81.2887	-9.91779	41.5556
0.609651	-81.9509	-10.0144	41.6069
0.583875	-82.6597	-10.1115	41.6607
0.539986	-83.3557	-10.2044	41.7139
0.480523	-84.0516	-10.2911	41.7666
0.402003	-84.7998	-10.3746	41.8239
0.255851	-85.5134	-10.4489	41.8802
0.182209	-86.2069	-10.5283	41.9339
0.0731647	-86.8695	-10.6055	41.9854
-0.0607151	-87.5243	-10.6885	42.0374
-0.247616	-88.1635	-10.7775	42.0897
-0.333618	-88.862	-10.8885	42.1455
-0.490698	-89.4988	-11.0003	42.198
-0.570801	-90.1483	-11.1256	42.2486
-0.652756	-90.7993	-11.2596	42.2993
-0.754159	-91.452	-11.3986	42.3501
-0.836558	-92.1537	-11.5542	42.4044
-0.888651	-92.8281	-11.6944	42.4563
-0.954284	-93.5159	-11.8309	42.5083
-1.01446	-94.1877	-11.957	42.5589
-1.0384	-94.8573	-12.0723	42.6096
-1.04311	-95.5345	-12.1817	42.6611
-1.03643	-96.2097	-12.2807	42.7126
-0.991729	-96.9195	-12.3744	42.7668
-0.952677	-97.6004	-12.4565	42.819
-0.890406	-98.2937	-12.5289	42.8736
-0.795978	-98.9818	-12.6038	42.9283
-0.725809	-99.6614	-12.6711	42.983
-0.609482	-100.291	-12.74	43.0352
-0.420614	-100.923	-12.8106	43.092
-0.371622	-101.568	-12.8988	43.1444
-0.306292	-102.22	-13.0001	43.1974
-0.116539	-102.83	-13.1075	43.2517
-0.0371329	-103.508	-13.2311	43.3061
0.0864664	-104.179	-13.3585	43.3603
0.167194	-104.82	-13.489	43.4115
0.281632	-105.504	-13.6221	43.4662
0.378058	-106.211	-13.7594	43.5209
0.490454	-106.866	-13.8779	43.5716
0.569831	-107.617	-14.0055	43.6293
0.608992	-108.348	-14.1243	43.6852
0.63617	-109.003	-14.2265	43.7355
0.654974	-109.744	-14.3385	43.7918
0.656498	-110.394	-14.4353	43.8418
0.63884	-111.079	-14.5336	43.8944
0.598103	-111.751	-14.6265	43.9461
0.54535	-112.451	-14.7202	44.0004
0.51095	-113.143	-14.8056	44.0535
0.446802	-113.822	-14.8908	44.1059
0.390832	-114.527	-14.9804	44.1606
0.326854	-115.244	-15.0652	44.2156
0.256424	-115.912	-15.1501	44.2663
0.1833	-116.638	-15.2444	44.3219
0.0790955	-117.288	-15.3342	44.372
-0.0243651	-117.989	-15.4381	44.4266
-0.121364	-118.68	-15.5466	44.4801
-0.220807	-119.373	-15.666	44.5339
-0.32302	-120.098	-15.797	44.5894
-0.414123	-120.805	-15.9335	44.6442
-0.467412	-121.533	-16.0734	44.6994
-0.541706	-122.252	-16.2226	44.7539
-0.631792	-122.94	-16.3642	44.8061
-0.702151	-123.677	-16.5203	44.862
-0.735177	-124.359	-16.657	44.9137
-0.778309	-125.08	-16.7911	44.9683
-0.785569	-125.771	-16.9086	45.0202
-0.775568	-126.486	-17.015	45.0746
-0.75627	-127.161	-17.1026	45.1262
-0.737149	-127.824	-17.1775	45.1769
-0.662096	-128.55	-17.2479	45.2337
-0.553129	-129.234	-17.3157	45.288
-0.439213	-129.938	-17.3794	45.3463
-0.346299	-130.614	-17.4514	45.4013
-0.243633	-131.226	-17.518	45.4546
-0.0649159	-131.749	-17.5915	45.5055
0.0984973	-132.365	-17.693	45.5585
0.21228	-132.998	-17.808	45.6109
0.310762	-133.65	-17.9405	45.6646
0.430456	-134.278	-18.0696	45.7158
0.555317	-134.966	-18.2132	45.7707
0.650483	-135.693	-18.3713	45.8273
0.755401	-136.369	-18.5103	45.8795
0.795739	-137.061	-18.6509	45.9319
0.842098	-137.747	-18.777	45.984
0.853599	-138.421	-18.8938	46.0353
0.858376	-139.144	-19.0119	46.0905
0.831159	-139.821	-19.1153	46.1424
0.780404	-140.468	-19.2072	46.1925
0.689606	-141.146	-19.2965	46.2458
0.597518	-141.871	-19.3811	46.302
0.523417	-142.537	-19.4576	46.3545
0.399504	-143.245	-19.5385	46.4113
0.386463	-143.926	-19.6094	46.4645
0.236831	-144.529	-19.6756	46.5166
0.151282	-145.211	-19.7596	46.5713
0.0260915	-145.813	-19.836	46.6235
-0.091249	-146.42	-19.9285	46.6761
-0.224699	-147.116	-20.0522	46.7344
-0.326917	-147.745	-20.1722	46.7855
-0.418001	-148.395	-20.3039	46.836
-0.524205	-149.106	-20.4496	46.8916
-0.572275	-149.757	-20.5947	46.9417
-0.633155	-150.487	-20.7436	46.9973
-0.70656	-151.167	-20.8787	47.0494
-0.736907	-151.857	-21.0091	47.1014
-0.755552	-152.523	-21.1277	47.1517
-0.757395	-153.214	-21.2426	47.2043
-0.737292	-153.932	-21.3505	47.2588
-0.705019	-154.598	-21.4403	47.3094
-0.649937	-155.335	-21.5266	47.3653
-0.560656	-156.071	-21.6092	47.4216
-0.469679	-156.746	-21.6692	47.4743
-0.353379	-157.407	-21.7332	47.5273
-0.287292	-158.123	-21.8013	47.5827
-0.170765	-158.771	-21.8724	47.6344
0.00909924	-159.438	-21.9564	47.6901
0.081532	-160.06	-22.0437	47.7405
0.192177	-160.717	-22.149	47.7965
0.325656	-161.394	-22.2682	47.8515
0.443822	-162.052	-22.3988	47.9055
0.548784	-162.726	-22.5323	47.9591
0.635647	-163.401	-22.6749	48.0125
0.78816	-164.035	-22.8026	48.0631
0.827337	-164.789	-22.945	48.1203
0.890606	-165.492	-23.0759	48.174
0.931659	-166.204	-23.1989	48.2279
0.972047	-166.897	-23.3137	48.2805
0.99439	-167.619	-23.4267	48.3351
0.991683	-168.309	-23.5311	48.3876
0.99113	-168.975	-23.6276	48.4384
0.96594	-169.731	-23.7316	48.4962
0.925522	-170.384	-23.8186	48.5466
0.848177	-171.095	-23.9116	48.602
0.817549	-171.763	-23.9934	48.6542
0.767603	-172.41	-24.0726	48.7048
0.675739	-173.057	-24.1502	48.7563
0.60398	-173.696	-24.2281	48.8075
0.495733	-174.385	-24.3165	48.8622
0.393261	-175.106	-24.4126	48.9206
0.270925	-175.736	-24.5019	48.9732
0.103023	-176.344	-24.5932	49.0252
-0.00482167	-176.951	-24.6881	49.0759
-0.0838331	-177.58	-24.7894	49.1261
-0.197169	-178.228	-24.8973	49.1782
-0.307906	-178.888	-25.0104	49.2323
-0.407117	-179.556	-25.1335	49.2846
-0.536614	-180.219	-25.2589	49.3372
-0.63891	-180.885	-25.3904	49.3884
-0.708213	-181.562	-25.5276	49.4394
-0.775387	-182.285	-25.6793	49.4939
-0.828778	-182.963	-25.8153	49.5452
-0.902382	-183.718	-25.9596	49.6022
-0.934663	-184.414	-26.0922	49.6542
-0.948988	-185.114	-26.2137	49.707
-0.94807	-185.819	-26.3292	49.7604
-0.916466	-186.498	-26.4276	49.8123
-0.877543	-187.268	-26.5261	49.8707
-0.820676	-187.955	-26.5967	49.9235
-0.753319	-188.628	-26.6658	49.9759
-0.652018	-189.253	-26.726	50.0263
-0.523846	-189.872	-26.7861	50.0769
-0.399387	-190.568	-26.8558	50.1334
-0.308751	-191.243	-26.9377	50.1881
-0.199784	-191.86	-27.0221	50.2399
-0.0305213	-192.484	-27.1227	50.2957
0.0796413	-193.155	-27.2418	50.3506
0.260975	-193.772	-27.3639	50.4033
0.42071	-194.424	-27.4916	50.4564
0.574575	-195.062	-27.6175	50.508
0.626411	-195.753	-27.7516	50.5607
0.718351	-196.467	-27.8926	50.6154
0.808236	-197.135	-28.0169	50.6661
0.905066	-197.829	-28.1412	50.719
0.950469	-198.579	-28.2676	50.7751
0.976348	-199.252	-28.3772	50.8261
0.996344	-199.958	-28.4884	50.8795
1.00624	-200.675	-28.5966	50.9337
0.99488	-201.365	-28.6967	50.9861
0.970054	-202.022	-28.7873	51.0365
0.903127	-202.696	-28.8763	51.089
0.802904	-203.378	-28.9624	51.1428
0.726235	-204.032	-29.037	51.1945
0.684515	-204.687	-29.115	51.2458
0.44029	-205.296	-29.1857	51.3008
0.275696	-205.929	-29.2572	51.3548
0.163035	-206.608	-29.3467	51.4098
-0.0237657	-207.171	-29.4253	51.4611
-0.129896	-207.773	-29.5195	51.5148
-0.288674	-208.387	-29.6267	51.5687
-0.386482	-209.034	-29.7473	51.6212
-0.526579	-209.666	-29.8791	51.6744
-0.616061	-210.376	-30.0246	51.7303
-0.683154	-211.036	-30.1655	51.7807
-0.760801	-211.729	-30.3188	51.8337
-0.846551	-212.403	-30.4567	51.8855
-0.893151	-213.096	-30.5918	51.9372
-0.919555	-213.78	-30.7173	51.988
-0.940692	-214.511	-30.8414	52.0427
-0.945275	-215.229	-30.9542	52.0964
-0.928829	-215.985	-31.0644	52.1532
-0.913114	-216.659	-31.1502	52.2035
-0.883032	-217.396	-31.2416	52.2589
-0.803606	-218.069	-31.3178	52.3109
-0.739634	-218.732	-31.3888	52.3623
-0.691625	-219.43	-31.4577	52.4158
-0.620453	-220.07	-31.5248	52.4659
-0.510094	-220.696	-31.5924	52.5175
-0.398339	-221.374	-31.6746	52.5723
-0.284461	-221.993	-31.7555	52.6234
-0.179803	-222.62	-31.8487	52.6746
-0.0751649	-223.275	-31.9569	52.7269
-0.00270253	-223.945	-32.0748	52.7798
0.136239	-224.565	-32.1919	52.8303
0.217788	-225.281	-32.3355	52.8865
0.328086	-225.948	-32.47	52.9382
0.417553	-226.647	-32.6082	52.9915
0.485758	-227.35	-32.7476	53.0452
0.521046	-228.046	-32.8756	53.0978
0.578858	-228.77	-33.0033	53.1525
0.607783	-229.515	-33.1321	53.2085
0.624919	-230.186	-33.2442	53.2594
0.623129	-230.872	-33.3549	53.3113
0.608701	-231.564	-33.4622	53.3639
0.564288	-232.292	-33.5697	53.4195
0.518332	-232.994	-33.6678	53.4732
0.459692	-233.654	-33.752	53.5246
0.388098	-234.346	-33.8417	53.5789
0.27393	-235.019	-33.9279	53.6321
0.226313	-235.762	-34.0181	53.6897
0.0386823	-236.348	-34.0868	53.7416
-0.0840147	-236.925	-34.156	53.7929
-0.140617	-237.531	-34.2322	53.846
-0.270036	-238.119	-34.3205	53.8989
-0.468686	-238.73	-34.4274	53.9543
-0.564357	-239.405	-34.5553	54.0116
-0.70732	-239.976	-34.6757	54.0616
-0.807208	-240.64	-34.8228	54.1175
-0.859553	-241.273	-34.9585	54.1675
-0.948247	-241.987	-35.1041	54.2232
-1.00822	-242.721	-35.2506	54.2793
-1.04873	-243.422	-35.3761	54.3326
-1.06055	-244.106	-35.4904	54.3849
-1.055	-244.846	-35.602	54.441
-1.02629	-245.578	-35.6942	54.4967
-0.970052	-246.314	-35.7852	54.5529
-0.901121	-247.023	-35.8567	54.608
-0.812211	-247.651	-35.918	54.6584
-0.70427	-248.283	-35.9794	54.7087
-0.612666	-248.928	-36.0446	54.76
-0.476406	-249.59	-36.1138	54.8151
-0.332886	-250.253	-36.1985	54.8708
-0.155081	-250.832	-36.2845	54.923
-0.0375664	-251.514	-36.4001	54.9802
0.0560829	-252.195	-36.5254	55.0351
0.21545	-252.852	-36.6486	55.0894
0.30919	-253.506	-36.7751	55.1413
0.461755	-254.135	-36.9001	55.1918
0.569996	-254.865	-37.0452	55.2475
0.660116	-255.578	-37.1791	55.3013
0.742162	-256.312	-37.3121	55.3568
0.777734	-257.035	-37.4328	55.4113
0.805208	-257.788	-37.5536	55.4682
0.803783	-258.539	-37.6674	55.525
0.785551	-259.198	-37.7643	55.5753
0.747831	-259.876	-37.8585	55.6273
0.685762	-260.554	-37.9484	55.6795
0.626562	-261.23	-38.0342	55.7315
0.507696	-261.901	-38.1066	55.7849
0.43592	-262.586	-38.1833	55.8383
0.347113	-263.246	-38.2574	55.891
0.232276	-263.86	-38.3287	55.9414
0.146818	-264.483	-38.4068	55.9918
-0.0068779	-265.089	-38.4922	56.044
-0.0832257	-265.737	-38.5955	56.097
-0.260251	-266.373	-38.7098	56.1531
-0.303057	-267.083	-38.8504	56.2094
-0.495098	-267.712	-38.9771	56.2627
-0.575053	-268.378	-39.1157	56.3164
-0.724528	-269.064	-39.2509	56.3722
-0.785537	-269.702	-39.3783	56.4223
-0.868731	-270.345	-39.5037	56.4724
-0.91496	-271.044	-39.635	56.5257
-0.957168	-271.719	-39.7496	56.577
-0.978808	-272.385	-39.8553	56.6275
-0.988147	-273.098	-39.965	56.6817
-0.974374	-273.759	-40.0639	56.732
-0.959915	-274.5	-40.1692	56.7877
-0.925626	-275.229	-40.268	56.8428
-0.842661	-275.95	-40.354	56.8983
-0.734229	-276.647	-40.4351	56.953
-0.656338	-277.343	-40.5078	57.0067
-0.540033	-278.065	-40.5917	57.0631
-0.47749	-278.78	-40.6738	57.1184
-0.359289	-279.452	-40.7608	57.1721
-0.284898	-280.169	-40.8615	57.2287
-0.148665	-280.829	-40.9666	57.2818
-0.0397917	-281.504	-41.0856	57.3362
0.0285895	-282.228	-41.2185	57.393
0.0991534	-282.907	-41.353	57.446
0.163467	-283.579	-41.4832	57.4981
0.262521	-284.262	-41.6146	57.5505
0.350512	-284.918	-41.7384	57.601
0.40639	-285.655	-41.8749	57.6566
0.477667	-286.341	-41.9949	57.7087
0.515497	-287.04	-42.1121	57.7615
0.555129	-287.755	-42.2283	57.8154
0.573469	-288.424	-42.3353	57.8661
0.582307	-289.145	-42.4484	57.921
0.575425	-289.84	-42.556	57.9742
0.562712	-290.575	-42.6654	58.0303
0.53856	-291.233	-42.7611	58.0805
0.481016	-291.876	-42.8525	58.1306
0.38452	-292.57	-42.9467	58.1856
0.296165	-293.263	-43.0408	58.24
0.233424	-293.921	-43.126	58.291
0.120897	-294.58	-43.2081	58.344
0.0336482	-295.215	-43.2843	58.3956
-0.105508	-295.863	-43.3579	58.4511
-0.172555	-296.501	-43.4398	58.5026
-0.293059	-297.152	-43.5301	58.5561
-0.423865	-297.843	-43.6402	58.6136
-0.48133	-298.528	-43.7645	58.669
-0.672536	-299.151	-43.8849	58.7232
-0.751499	-299.821	-44.0227	58.777
-0.801216	-300.501	-44.1581	58.8298
-0.959313	-301.206	-44.3036	58.8867
-1.04569	-301.91	-44.4427	58.9416
-1.13389	-302.631	-44.5868	58.9975
-1.17099	-303.32	-44.7132	59.05
-1.18593	-303.986	-44.8267	59.1006
-1.1805	-304.711	-44.9417	59.1561
-1.17904	-305.396	-45.0393	59.2084
-1.15572	-306.095	-45.1313	59.2615
-1.08318	-306.785	-45.2138	59.3145
-1.03777	-307.531	-45.294	59.3714
-0.888431	-308.206	-45.3676	59.4259
-0.800151	-308.888	-45.4366	59.4813
-0.655038	-309.576	-45.5111	59.5376
-0.535142	-310.233	-45.5936	59.5907
-0.359422	-310.888	-45.686	59.6454
-0.242017	-311.505	-45.7825	59.6978
-0.135474	-312.16	-45.8952	59.7508
0.00551736	-312.849	-46.0252	59.8067
0.126107	-313.575	-46.1629	59.8635
0.255933	-314.274	-46.3044	59.9187
0.384596	-314.938	-46.4357	59.9705
0.489955	-315.661	-46.5757	60.0255
0.58435	-316.408	-46.7192	60.0818
0.665901	-317.109	-46.8433	60.1345
0.717747	-317.811	-46.958	60.187
0.745394	-318.57	-47.0744	60.244
0.760732	-319.289	-47.1802	60.2978
0.755916	-320.006	-47.2862	60.3519
0.730866	-320.731	-47.3974	60.4074
0.70274	-321.455	-47.5123	60.4626
0.63453	-322.154	-47.6208	60.5162
0.60145	-322.941	-47.7355	60.5758
0.552962	-323.598	-47.8231	60.6266
0.489881	-324.313	-47.9174	60.6816
0.338967	-324.993	-47.9958	60.738
0.24315	-325.67	-48.0745	60.7923
0.165524	-326.35	-48.1513	60.8465
0.0757321	-327.013	-48.2361	60.9002
-0.0779863	-327.597	-48.3163	60.9517
-0.267832	-328.229	-48.4156	61.0087
-0.399444	-328.875	-48.529	61.0623
-0.50278	-329.535	-48.6609	61.1165
-0.591823	-330.242	-48.8006	61.1728
-0.710614	-330.904	-48.9346	61.2256
-0.74595	-331.581	-49.0765	61.2788
-0.78669	-332.257	-49.2086	61.3306
-0.826086	-332.929	-49.3349	61.3821
-0.834045	-333.678	-49.4683	61.4393
-0.848032	-334.337	-49.576	61.4896
-0.840473	-334.999	-49.6765	61.5402
-0.806648	-335.693	-49.773	61.5933
-0.783578	-336.397	-49.8604	61.6472
-0.700055	-337.084	-49.9432	61.7014
-0.560918	-337.804	-50.0219	61.7593
-0.49423	-338.458	-50.0963	61.81
-0.419489	-339.116	-50.1728	61.8608
-0.258619	-339.805	-50.2588	61.9165
-0.18658	-340.551	-50.3584	61.9762
-0.067448	-341.18	-50.4503	62.0288
0.0491261	-341.886	-50.5645	62.0852
0.135094	-342.573	-50.6859	62.1403
0.230268	-343.265	-50.811	62.1947
0.307696	-343.96	-50.9422	62.2489
0.396343	-344.659	-51.0713	62.3034
0.517854	-345.432	-51.2141	62.3626
0.595829	-346.125	-51.3382	62.4156
0.647492	-346.83	-51.4633	62.4685
0.688719	-347.518	-51.5792	62.5201
0.730756	-348.205	-51.6917	62.5712
0.755805	-348.919	-51.8056	62.6245
0.772995	-349.645	-51.9201	62.6789
0.775465	-350.318	-52.0238	62.7296
0.76901	-350.992	-52.1258	62.7803
0.741246	-351.721	-52.2351	62.8351
0.708979	-352.414	-52.3349	62.8874
0.662588	-353.071	-52.4298	62.9375
0.597551	-353.758	-52.527	62.9903
0.513555	-354.436	-52.6202	63.0432
0.439743	-355.125	-52.7116	63.0966
0.401011	-355.811	-52.7969	63.1502
0.251031	-356.427	-52.875	63.2019
0.164355	-357.065	-52.9581	63.2536
0.0964882	-357.728	-53.0467	63.3077
-0.00855706	-358.433	-53.1515	63.364
-0.0827465	-359.094	-53.2585	63.4173
-0.163728	-359.736	-53.37	63.4687
-0.27038	-360.426	-53.4993	63.5239
-0.332139	-361.156	-53.6442	63.5801
-0.425057	-361.805	-53.772	63.6311
-0.54342	-362.504	-53.9076	63.6857
-0.583279	-363.204	-54.0439	63.7398
-0.620988	-363.876	-54.1671	63.791
-0.652545	-364.583	-54.2897	63.8445
-0.65753	-365.254	-54.3991	63.8954
-0.654464	-365.917	-54.5018	63.9459
-0.65074	-366.656	-54.6078	64.0022
-0.625592	-367.328	-54.6979	64.0538
-0.55989	-367.984	-54.7798	64.105
-0.501427	-368.669	-54.8575	64.1592
-0.393065	-369.301	-54.9308	64.2107
-0.358624	-369.951	-55.0067	64.262
-0.210219	-370.614	-55.0864	64.3157
-0.121926	-371.263	-55.1684	64.3672
-0.0593318	-371.958	-55.2591	64.4227
-0.0339573	-372.623	-55.3569	64.4744
0.0302065	-373.291	-55.4685	64.5276
0.166955	-373.893	-55.5795	64.5776
0.238029	-374.643	-55.7195	64.6354
0.300146	-375.354	-55.8617	64.6899
0.36991	-376.075	-56.0005	64.7446
0.454517	-376.767	-56.1304	64.797
0.517968	-377.567	-56.2742	64.8567
0.581726	-378.323	-56.4028	64.913
0.629884	-379.051	-56.522	64.9679
0.65187	-379.754	-56.6336	65.0203
0.656138	-380.499	-56.7488	65.0759
0.658493	-381.286	-56.8646	65.1344
0.63643	-381.951	-56.9589	65.1846
0.621026	-382.628	-57.0503	65.2359
0.567822	-383.313	-57.1355	65.2887
0.542956	-383.994	-57.2223	65.341
0.496169	-384.656	-57.307	65.3922
0.425794	-385.316	-57.3934	65.4443
0.321119	-385.959	-57.4791	65.4959
0.263185	-386.66	-57.5737	65.5513
0.19244	-387.304	-57.6669	65.6019
0.0794685	-387.939	-57.7632	65.6529
0.0276544	-388.607	-57.8715	65.7056
-0.125661	-389.264	-57.9925	65.7604
-0.246198	-389.919	-58.1209	65.8133
-0.366088	-390.607	-58.2715	65.8678
-0.46907	-391.296	-58.4201	65.9222
-0.523314	-391.936	-58.5631	65.9723
-0.614908	-392.59	-58.7077	66.0232
-0.652011	-393.285	-58.8554	66.0762
-0.691278	-393.968	-58.9998	66.1285
-0.704728	-394.646	-59.1256	66.1802
-0.699747	-395.314	-59.236	66.2311
-0.693291	-396.009	-59.3371	66.2846
-0.624644	-396.728	-59.4204	66.3401
-0.547848	-397.365	-59.4817	66.3902
-0.388373	-398.004	-59.5372	66.4438
-0.328249	-398.635	-59.5889	66.4943
-0.179257	-399.204	-59.6317	66.5461
-0.0870186	-399.813	-59.679	66.599
0.150391	-400.396	-59.7349	66.6581
0.299736	-400.901	-59.8023	66.7083
0.377204	-401.48	-59.8911	66.7608
0.467347	-402.018	-59.9885	66.8123
0.589628	-402.573	-60.1006	66.8647
0.674475	-403.214	-60.233	66.9154
0.73232	-403.96	-60.3959	66.9732
0.836736	-404.651	-60.543	67.0264
0.944147	-405.337	-60.6895	67.0787
0.999679	-406.01	-60.8155	67.1292
1.0681	-406.707	-60.9338	67.1808
1.10636	-407.477	-61.0559	67.2379
1.13496	-408.216	-61.1632	67.2931
1.14397	-408.908	-61.2557	67.3452
1.13566	-409.589	-61.3428	67.3964
1.10023	-410.298	-61.4275	67.451
1.00096	-410.99	-61.515	67.5054
0.990513	-411.651	-61.5996	67.5569
0.887271	-412.374	-61.6922	67.6145
0.785144	-413.097	-61.7864	67.6712
0.682586	-413.752	-61.8725	67.7232
0.541844	-414.409	-61.9593	67.7759
0.450855	-415.091	-62.0526	67.8305
0.313306	-415.736	-62.1473	67.8826
0.135755	-416.425	-62.2522	67.9385
0.0244041	-417.092	-62.3551	67.9915
-0.096699	-417.77	-62.4619	68.0456
-0.192844	-418.476	-62.5775	68.1018
-0.257491	-419.179	-62.6973	68.1561
-0.427112	-419.833	-62.8166	68.2087
-0.482399	-420.521	-62.9532	68.2615
-0.59459	-421.175	-63.0852	68.3123
-0.629958	-421.85	-63.2237	68.3631
-0.69117	-422.597	-63.3818	68.4189
-0.739531	-423.297	-63.5241	68.4717
-0.763376	-423.996	-63.6595	68.5244
-0.795107	-424.71	-63.7885	68.5791
-0.802942	-425.403	-63.8992	68.6323
-0.797071	-426.069	-63.996	68.6832
-0.764369	-426.73	-64.082	68.7351
-0.710463	-427.389	-64.1592	68.7867
-0.659229	-428.049	-64.2304	68.8385
-0.61223	-428.79	-64.3048	68.8973
-0.523668	-429.413	-64.3685	68.9485
-0.438252	-429.996	-64.4216	68.999
-0.399722	-430.619	-64.4919	69.0501
-0.301263	-431.188	-64.563	69.1019
-0.237825	-431.812	-64.6537	69.1531
-0.124402	-432.403	-64.7516	69.2033
-0.040076	-432.994	-64.8583	69.2571
0.0505601	-433.674	-64.9893	69.3132
0.165191	-434.345	-65.119	69.3663
0.288152	-435.06	-65.263	69.4215
0.375343	-435.794	-65.4029	69.4767
0.490466	-436.541	-65.5455	69.5326
0.582814	-437.236	-65.6704	69.5849
0.642641	-438.001	-65.802	69.6424
0.678661	-438.773	-65.9302	69.6997
0.695467	-439.475	-66.0442	69.7522
0.702611	-440.148	-66.1524	69.8023
0.697827	-440.859	-66.2622	69.8559
0.671229	-441.557	-66.3634	69.9088
0.627223	-442.282	-66.4569	69.9641
0.573933	-442.937	-66.5375	70.0141
0.46713	-443.595	-66.6165	70.0656
0.425141	-444.285	-66.6958	70.1195
0.331229	-444.955	-66.7786	70.1725
0.137019	-445.662	-66.8691	70.2305
0.0366617	-446.336	-66.9653	70.2839
-0.144423	-447.018	-67.0718	70.3415
