x	y	z	t
0.525681	450.209	73.6294	0.0506885
0.524379	449.535	73.5252	0.102823
0.522931	448.823	73.4137	0.157644
0.521779	448.08	73.2967	0.214695
0.52066	447.373	73.1852	0.268972
0.519033	446.666	73.0749	0.323255
0.517617	446.018	72.973	0.37354
0.515821	445.33	72.8657	0.42659
0.514568	444.616	72.7541	0.481486
0.51349	443.957	72.6508	0.532314
0.512515	443.276	72.544	0.584813
0.511425	442.548	72.4302	0.641132
0.510287	441.887	72.3266	0.692231
0.508893	441.158	72.2124	0.748891
0.507613	440.497	72.1093	0.79983
0.506581	439.796	71.9989	0.854292
0.506096	439.074	71.8863	0.910029
0.50574	438.345	71.7724	0.966204
0.505472	437.623	71.66	1.02164
0.503802	436.93	71.5504	1.07493
0.504804	436.231	71.4366	1.12845
0.507415	435.474	71.3112	1.18597
0.513228	434.801	71.1988	1.2377
0.519841	434.106	71.0823	1.29118
0.528976	433.431	70.9694	1.34329
0.544407	432.724	70.8536	1.39759
0.570843	431.996	70.7381	1.45335
0.593477	431.297	70.63	1.50712
0.616132	430.625	70.5297	1.55948
0.64334	429.965	70.4317	1.61127
0.680126	429.273	70.3279	1.66569
0.710733	428.607	70.2252	1.71812
0.76074	427.908	70.1154	1.77294
0.798304	427.249	70.0098	1.82492
0.834327	426.595	69.9026	1.87593
0.87796	425.872	69.7841	1.93179
0.926471	425.167	69.6637	1.98594
0.976192	424.42	69.5348	2.04294
1.02586	423.714	69.4055	2.09671
1.06207	422.99	69.2735	2.15183
1.09512	422.248	69.1358	2.20794
1.115	421.517	69.0057	2.26341
1.12753	420.772	68.8734	2.31996
1.12203	420.054	68.7545	2.37527
1.11239	419.328	68.6413	2.43084
1.07867	418.595	68.5342	2.48725
1.04525	417.889	68.4346	2.54185
0.980135	417.233	68.3441	2.59344
0.927992	416.537	68.2516	2.64821
0.859614	415.83	68.1541	2.70414
0.758133	415.147	68.0622	2.75903
0.68449	414.518	67.975	2.80985
0.592829	413.9	67.8883	2.86018
0.497418	413.252	67.7938	2.91268
0.380751	412.594	67.6949	2.96621
0.294709	411.953	67.5907	3.01796
0.163545	411.275	67.4748	3.07343
0.0809233	410.585	67.3492	3.12858
-0.0378146	409.89	67.2219	3.18422
-0.107735	409.182	67.0837	3.24016
-0.206903	408.473	66.9483	3.29574
-0.269906	407.78	66.8109	3.34934
-0.324344	407.085	66.6792	3.4029
-0.377275	406.37	66.5434	3.45757
-0.414116	405.64	66.4139	3.51353
-0.433379	404.957	66.2973	3.56631
-0.438389	404.304	66.1925	3.617
-0.426153	403.623	66.0888	3.67016
-0.387309	402.898	65.9835	3.72652
-0.343362	402.208	65.8911	3.78075
-0.265242	401.554	65.8115	3.83331
-0.195867	400.928	65.7417	3.88411
-0.132799	400.275	65.6783	3.93749
-0.0399652	399.599	65.6044	3.99315
0.0710454	398.96	65.5359	4.04715
0.18	398.368	65.4572	4.0979
0.258095	397.769	65.366	4.14828
0.373858	397.114	65.2532	4.20401
0.488983	396.489	65.134	4.25707
0.593569	395.887	65.0165	4.30762
0.708143	395.26	64.8892	4.35842
0.78266	394.6	64.7543	4.41011
0.860355	393.919	64.6167	4.46293
0.934454	393.174	64.4694	4.51997
0.978488	392.461	64.3398	4.57451
0.996456	391.748	64.2177	4.62899
1.00274	391.078	64.1133	4.68052
0.981743	390.361	64.0096	4.73572
0.947894	389.699	63.9227	4.7864
0.908004	389.026	63.8448	4.83896
0.856395	388.347	63.7664	4.8924
0.789049	387.716	63.6972	4.94307
0.69233	387.012	63.6218	4.9998
0.592939	386.307	63.5431	5.05697
0.490654	385.686	63.4656	5.10863
0.386153	385.072	63.3791	5.15975
0.236307	384.397	63.2738	5.21647
0.148819	383.746	63.1558	5.27002
-0.0148657	383.08	63.0281	5.32486
-0.0989129	382.411	62.8886	5.37837
-0.200805	381.738	62.7503	5.43253
-0.304782	381.018	62.5972	5.4895
-0.391877	380.276	62.4442	5.54714
-0.448946	379.574	62.3089	5.6016
-0.505866	378.864	62.1779	5.65665
-0.534344	378.203	62.0596	5.70796
-0.54673	377.486	61.9424	5.76381
-0.538625	376.783	61.8362	5.81852
-0.509128	376.098	61.7422	5.87216
-0.452288	375.441	61.6623	5.92424
-0.387636	374.813	61.5933	5.97474
-0.329524	374.138	61.5249	6.02906
-0.225108	373.466	61.4512	6.08386
-0.135832	372.849	61.3854	6.13526
-0.0570023	372.199	61.3149	6.19036
0.0330531	371.593	61.2392	6.24184
0.162761	370.944	61.1463	6.29761
0.287661	370.364	61.0504	6.34853
0.398134	369.748	60.9379	6.40092
0.527216	369.099	60.8141	6.45644
0.6228	368.494	60.6931	6.50667
0.705471	367.825	60.5521	6.56049
0.795223	367.167	60.4179	6.61283
0.861261	366.532	60.292	6.66286
0.925146	365.838	60.1632	6.71731
0.962275	365.116	60.0389	6.7734
0.978114	364.372	59.9232	6.83061
0.973207	363.652	59.8218	6.88588
0.937244	362.999	59.7387	6.93678
0.907372	362.292	59.6573	6.99273
0.814511	361.648	59.5831	7.0447
0.773728	360.975	59.509	7.09867
0.639115	360.283	59.4242	7.1552
0.554581	359.629	59.3432	7.2089
0.467416	359.008	59.2556	7.25989
0.357846	358.373	59.159	7.31277
0.216917	357.713	59.0504	7.36738
0.0936778	357.043	58.9352	7.42178
-0.0242627	356.413	58.8213	7.47307
-0.162206	355.755	58.6981	7.52608
-0.267761	355.092	58.5633	7.57893
-0.366001	354.411	58.4297	7.63259
-0.470219	353.718	58.2959	7.68656
-0.5394	353.034	58.1598	7.73961
-0.600458	352.332	58.0282	7.79423
-0.632913	351.622	57.8981	7.84843
-0.650166	350.944	57.7834	7.90079
-0.653814	350.264	57.6716	7.95384
-0.636351	349.554	57.563	8.00901
-0.596188	348.876	57.4689	8.0622
-0.537189	348.174	57.3804	8.11762
-0.470936	347.477	57.295	8.17294
-0.377464	346.847	57.2238	8.22433
-0.279861	346.222	57.1559	8.27613
-0.184376	345.607	57.0963	8.32812
-0.0775581	344.942	57.0201	8.38374
0.0620199	344.335	56.9458	8.43636
0.146107	343.712	56.8591	8.48943
0.250805	343.124	56.7644	8.53994
0.356975	342.511	56.6581	8.59163
0.485782	341.832	56.5359	8.64788
0.566241	341.214	56.4129	8.69902
0.691893	340.534	56.2791	8.75491
0.773975	339.902	56.1514	8.80523
0.8469	339.19	56.0081	8.86141
0.931696	338.483	55.8764	8.91624
0.978597	337.83	55.7595	8.96683
1.00839	337.11	55.6375	9.02252
1.02229	336.403	55.5237	9.07739
1.02257	335.722	55.4175	9.13005
0.994846	334.987	55.3082	9.1873
0.963643	334.296	55.2124	9.24151
0.922038	333.651	55.1251	9.29209
0.846391	332.994	55.0396	9.34477
0.771835	332.301	54.9565	9.4001
0.686915	331.636	54.8769	9.45302
0.59815	330.957	54.7976	9.50694
0.48301	330.268	54.7235	9.56308
0.377984	329.631	54.6497	9.61484
0.250492	328.963	54.5682	9.66923
0.135472	328.296	54.4755	9.72324
0.0143302	327.676	54.3802	9.77454
-0.084729	327.045	54.2732	9.82624
-0.225225	326.422	54.1592	9.87719
-0.311198	325.749	54.0257	9.93084
-0.405649	325.073	53.8932	9.9846
-0.522341	324.421	53.7623	10.0365
-0.595536	323.784	53.6333	10.0865
-0.660837	323.133	53.5046	10.1372
-0.720163	322.431	53.3656	10.1911
-0.753187	321.719	53.2355	10.2458
-0.771783	321.071	53.1223	10.2964
-0.776229	320.326	53.0013	10.3541
-0.763797	319.68	52.9038	10.4043
-0.734958	318.997	52.8077	10.4573
-0.680137	318.288	52.7182	10.5128
-0.620954	317.612	52.6358	10.566
-0.550619	316.971	52.5611	10.6167
-1.02782	316.261	52.4844	10.6726
-0.887687	315.669	52.4207	10.7287
-0.801068	315.028	52.3401	10.7826
-0.715549	314.442	52.2617	10.8326
-0.558545	313.762	52.1612	10.892
-0.460622	313.142	52.0575	10.9445
-0.29797	312.542	51.9499	10.9963
-0.202457	311.889	51.8228	11.0499
-0.0602175	311.295	51.7077	11.1
0.0711331	310.66	51.5857	11.1519
0.177967	310.029	51.4651	11.2026
0.261827	309.368	51.3405	11.2548
0.349981	308.71	51.221	11.3062
0.408975	308.058	51.1069	11.3568
0.454924	307.365	50.9882	11.4106
0.48648	306.69	50.8758	11.4625
0.501565	306.033	50.7668	11.5132
0.497105	305.321	50.6513	11.5686
0.485171	304.616	50.54	11.6233
0.437796	303.92	50.4343	11.6776
0.41028	303.25	50.34	11.7298
0.350501	302.611	50.2575	11.7802
0.2892	301.978	50.1833	11.8305
0.229263	301.328	50.1128	11.883
0.0998219	300.659	50.0418	11.9383
0.0100589	300.009	49.9798	11.9916
-0.091537	299.383	49.9106	12.0426
-0.202169	298.747	49.8325	12.0947
-0.356704	298.126	49.7473	12.1466
-0.44161	297.45	49.64	12.2023
-0.597049	296.791	49.5253	12.2568
-0.679642	296.088	49.3903	12.3129
-0.772671	295.428	49.2597	12.3658
-0.859011	294.803	49.1287	12.4158
-0.951603	294.171	48.9937	12.4659
-1.04371	293.46	48.8406	12.5214
-1.09245	292.76	48.7025	12.5752
-1.1436	292.082	48.5747	12.628
-1.15879	291.43	48.4631	12.6781
-1.15957	290.672	48.3441	12.7368
-1.13747	289.96	48.2467	12.7923
-1.10225	289.295	48.1637	12.8442
-1.02704	288.581	48.0846	12.9009
-0.962453	287.925	48.0117	12.954
-0.887528	287.264	47.9387	13.0073
-0.773462	286.647	47.8706	13.0585
-0.700898	285.985	47.7962	13.1138
-0.557805	285.335	47.7166	13.1699
-0.433519	284.758	47.6342	13.2206
-0.300198	284.112	47.5315	13.276
-0.120566	283.535	47.428	13.3263
-0.00689733	282.907	47.3083	13.3787
0.0923645	282.261	47.1746	13.4314
0.2306	281.599	47.0401	13.4858
0.331813	280.942	46.9066	13.5381
0.409612	280.24	46.7655	13.5929
0.498637	279.527	46.6317	13.649
0.560715	278.82	46.501	13.704
0.612314	278.105	46.3773	13.7595
0.636168	277.407	46.2645	13.8136
0.6403	276.68	46.1541	13.87
0.622602	276.03	46.0596	13.9206
0.594705	275.336	45.9618	13.9749
0.535286	274.647	45.8673	14.0292
0.498133	273.954	45.7774	14.0834
0.419271	273.32	45.6975	14.134
0.325584	272.648	45.6151	14.1882
0.224963	271.98	45.5412	14.2427
0.134455	271.348	45.4679	14.2939
-0.00365995	270.706	45.391	14.3467
-0.0913359	269.995	45.3027	14.4048
-0.20172	269.336	45.2128	14.4592
-0.285588	268.713	45.121	14.5115
-0.382523	268.101	45.0201	14.5625
-0.519864	267.412	44.8984	14.6193
-0.607503	266.782	44.7744	14.6701
-0.683354	266.132	44.647	14.7216
-0.774961	265.501	44.5203	14.7718
-0.844357	264.859	44.3931	14.8223
-0.901458	264.147	44.2577	14.8774
-0.956246	263.467	44.1284	14.93
-0.983881	262.786	44.0104	14.9827
-0.998273	262.139	43.903	15.0328
-1.00178	261.45	43.7935	15.0859
-0.985887	260.737	43.6844	15.1407
-0.959645	260.05	43.5828	15.1938
-0.920825	259.382	43.4889	15.2453
-0.869656	258.721	43.3998	15.2968
-0.788321	258.073	43.3156	15.3478
-0.727289	257.383	43.2317	15.4021
-0.654936	256.75	43.1545	15.4526
-0.5733	256.075	43.0711	15.5072
-0.452597	255.449	42.9948	15.5595
-0.366989	254.776	42.9114	15.614
-0.263917	254.167	42.8284	15.6642
-0.137684	253.49	42.7292	15.7206
-0.0377836	252.86	42.6305	15.7729
0.0616998	252.232	42.5262	15.825
0.225703	251.575	42.4142	15.88
0.325344	250.896	42.2933	15.9351
0.474093	250.241	42.1754	15.9886
0.575124	249.612	42.0602	16.0394
0.666626	248.926	41.9325	16.0943
0.757241	248.248	41.8115	16.1476
0.806726	247.594	41.6966	16.1986
0.852206	246.931	41.5829	16.2502
0.883794	246.204	41.4603	16.3067
0.900749	245.556	41.3531	16.3572
0.903674	244.896	41.2466	16.4085
0.890531	244.181	41.1359	16.4643
0.861566	243.504	41.0359	16.5177
0.821929	242.797	40.9369	16.5734
0.740689	242.098	40.8423	16.629
0.694757	241.452	40.7638	16.6805
0.619053	240.766	40.6789	16.7358
0.525095	240.095	40.6026	16.7908
0.41222	239.439	40.5227	16.8453
0.281107	238.843	40.4495	16.8959
0.112438	238.241	40.3712	16.9475
0.0180738	237.584	40.2771	17.0027
-0.087569	236.982	40.1815	17.0534
-0.185342	236.349	40.0719	17.1064
-0.278161	235.731	39.9571	17.1572
-0.383082	235.083	39.8319	17.2092
-0.494904	234.432	39.6945	17.261
-0.592482	233.722	39.5511	17.3177
-0.671592	233.032	39.4076	17.3719
-0.733657	232.329	39.2745	17.4264
-0.781623	231.671	39.1551	17.4775
-0.805002	230.98	39.0358	17.5308
-0.821908	230.23	38.9153	17.5889
-0.82449	229.502	38.8036	17.6456
-0.801265	228.811	38.7035	17.6993
-0.778508	228.132	38.616	17.7525
-0.730671	227.436	38.5284	17.8077
-0.70708	226.745	38.4499	17.8632
-0.641945	226.094	38.3752	17.9155
-0.544172	225.425	38.299	17.9693
-0.473221	224.727	38.2215	18.0258
-0.339115	224.085	38.1434	18.0796
-0.26259	223.414	38.0558	18.1347
-0.152256	222.713	37.9525	18.1924
-0.0602116	222.011	37.838	18.2497
0.0370137	221.372	37.7217	18.3026
0.145193	220.747	37.6016	18.354
0.234845	220.124	37.4765	18.4044
0.331527	219.454	37.3428	18.4578
0.452972	218.755	37.1988	18.5131
0.540039	218.079	37.0692	18.5662
0.621611	217.442	36.95	18.6163
0.687112	216.707	36.8191	18.6736
0.724344	216.004	36.7014	18.7282
0.75074	215.281	36.5859	18.7845
0.760466	214.639	36.4875	18.8347
0.748169	213.949	36.3846	18.889
0.740443	213.25	36.2868	18.9443
0.710386	212.574	36.194	18.9975
0.660235	211.899	36.1073	19.0518
0.614512	211.243	36.0223	19.1046
0.530704	210.615	35.9434	19.1554
0.422383	209.938	35.8586	19.2108
0.334019	209.316	35.7883	19.2618
0.228505	208.662	35.7071	19.316
0.10139	208.021	35.6247	19.3695
-0.0160375	207.413	35.5432	19.4211
-0.0834002	206.727	35.4418	19.4777
-0.203315	206.126	35.3447	19.5279
-0.313942	205.505	35.2372	19.5795
-0.41739	204.894	35.1196	19.6319
-0.511343	204.261	34.9943	19.6842
-0.639125	203.625	34.8631	19.7358
-0.727329	202.975	34.7289	19.7874
-0.819744	202.312	34.5966	19.8394
-0.859834	201.648	34.4702	19.8909
-0.910365	200.95	34.342	19.945
-0.945163	200.241	34.2209	19.9999
-0.960958	199.503	34.1003	20.0566
-0.963409	198.856	34.0055	20.1067
-0.950506	198.202	33.9164	20.1577
-0.918336	197.495	33.8271	20.2128
-0.853301	196.825	33.7443	20.2652
-0.801072	196.164	33.6645	20.317
-0.703319	195.515	33.5873	20.3687
-0.612455	194.892	33.5153	20.4188
-0.509782	194.251	33.4439	20.4721
-0.382039	193.601	33.3605	20.5258
-0.252337	192.938	33.2662	20.5804
-0.178658	192.231	33.1582	20.6385
-0.0606713	191.568	33.0442	20.694
0.0439538	190.966	32.9345	20.7442
0.184339	190.256	32.7976	20.8031
0.269442	189.56	32.6619	20.8591
0.37537	188.909	32.5248	20.9117
0.452902	188.261	32.3947	20.963
0.541601	187.564	32.2612	21.0182
0.601176	186.907	32.1404	21.0692
0.641941	186.252	32.0285	21.1202
0.664476	185.545	31.9162	21.1755
0.667347	184.811	31.808	21.2328
0.660994	184.164	31.7164	21.2835
0.638524	183.521	31.6307	21.3341
0.596108	182.884	31.5501	21.3848
0.524824	182.211	31.4658	21.4393
0.475528	181.546	31.3854	21.4934
0.38956	180.881	31.2983	21.5481
0.324975	180.248	31.216	21.5996
0.246972	179.584	31.1354	21.655
0.091666	178.965	31.0564	21.709
-0.00309891	178.326	30.9707	21.7638
-0.131937	177.735	30.8823	21.8149
-0.290013	177.082	30.7771	21.8715
-0.407697	176.493	30.6701	21.9225
-0.535782	175.908	30.5568	21.9738
-0.684507	175.262	30.4256	22.0284
-0.777495	174.588	30.2781	22.0832
-0.854849	173.884	30.1319	22.1393
-0.943509	173.237	29.9994	22.191
-0.995056	172.526	29.8592	22.2462
-1.03296	171.807	29.7301	22.3022
-1.04936	171.149	29.6215	22.3532
-1.04185	170.392	29.5068	22.412
-1.02211	169.713	29.4155	22.465
-0.95738	168.994	29.324	22.5215
-0.901574	168.306	29.25	22.5764
-0.840241	167.652	29.1786	22.6286
-0.751952	166.941	29.1043	22.6858
-0.634869	166.258	29.0271	22.7422
-0.555843	165.646	28.962	22.7941
-0.416265	165.038	28.8846	22.8468
-0.273123	164.409	28.7921	22.9002
-0.203265	163.808	28.694	22.951
-0.100497	163.208	28.5861	23.0018
-0.0172297	162.54	28.4552	23.0578
0.139598	161.954	28.3351	23.1079
0.281322	161.241	28.184	23.166
0.367673	160.59	28.0498	23.2174
0.495777	159.88	27.9064	23.2735
0.571934	159.223	27.7846	23.3251
0.648031	158.564	27.6689	23.3767
0.704787	157.838	27.5475	23.4331
0.734396	157.145	27.4361	23.4868
0.74884	156.481	27.3336	23.5384
0.742479	155.761	27.227	23.5947
0.717141	155.115	27.1342	23.6451
0.661605	154.424	27.0379	23.6992
0.636503	153.778	26.9539	23.7502
0.536094	153.162	26.8803	23.8003
0.413416	152.497	26.8088	23.8557
0.330189	151.866	26.7406	23.9068
0.221637	151.198	26.6675	23.9613
0.119646	150.554	26.6027	24.0156
-0.065141	149.921	26.5277	24.0717
-0.153386	149.294	26.4461	24.1259
-0.295751	148.652	26.3471	24.1809
-0.445377	148.05	26.2387	24.234
-0.563085	147.395	26.1149	24.2887
-0.666854	146.75	25.9866	24.3424
-0.776966	146.114	25.8484	24.395
-0.89018	145.447	25.7098	24.4489
-0.979845	144.813	25.5791	24.499
-1.04942	144.13	25.4444	24.5526
-1.09076	143.466	25.3154	24.6047
-1.12583	142.78	25.1972	24.6584
-1.13831	142.055	25.076	24.7149
-1.12937	141.343	24.9665	24.7706
-1.10644	140.676	24.8716	24.8225
-1.06043	139.961	24.7775	24.8785
-0.997735	139.31	24.6971	24.9304
-0.933392	138.624	24.6191	24.9849
-0.861326	137.97	24.5425	25.0373
-0.771801	137.351	24.4724	25.0877
-0.657627	136.736	24.4034	25.1387
-0.539498	136.078	24.3317	25.1942
-0.418335	135.446	24.25	25.2471
-0.30351	134.841	24.1616	25.298
-0.147012	134.223	24.0582	25.3503
-0.0149403	133.571	23.9353	25.4061
0.148918	132.923	23.8088	25.4609
0.258932	132.271	23.67	25.5139
0.368692	131.645	23.54	25.5643
0.453311	130.999	23.4085	25.6154
0.536153	130.361	23.2814	25.6657
0.615078	129.703	23.1568	25.7176
0.678942	129.037	23.0363	25.7693
0.722506	128.344	22.9179	25.8228
0.75355	127.67	22.8075	25.8754
0.76157	127.023	22.707	25.9261
0.751172	126.341	22.6062	25.9797
0.712801	125.636	22.5084	26.0351
0.667425	124.988	22.4226	26.0863
0.609616	124.328	22.3383	26.1389
0.546465	123.638	22.2583	26.1944
0.412752	122.963	22.18	26.2501
0.289787	122.3	22.1121	26.3051
0.162344	121.698	22.0464	26.3559
0.0196532	121.049	21.9697	26.4108
-0.0980784	120.44	21.8938	26.4625
-0.201299	119.794	21.8036	26.5175
-0.309314	119.19	21.7101	26.5683
-0.479243	118.571	21.604	26.6218
-0.560145	117.923	21.4817	26.6754
-0.722841	117.3	21.3589	26.7296
-0.85707	116.64	21.219	26.7841
-0.954414	115.995	21.0849	26.8359
-1.04816	115.306	20.9457	26.8909
-1.10867	114.672	20.8178	26.941
-1.14809	113.99	20.6829	26.9945
-1.17696	113.269	20.5547	27.051
-1.19583	112.555	20.432	27.1071
-1.19834	111.886	20.3224	27.1605
-1.17675	111.25	20.2272	27.2115
-1.13838	110.602	20.1428	27.2638
-1.07955	109.918	20.0585	27.3188
-1.00636	109.222	19.9842	27.3757
-0.93904	108.539	19.9083	27.4314
-0.8436	107.873	19.8414	27.4869
-0.75238	107.265	19.7758	27.5385
-0.645698	106.645	19.7062	27.5909
-0.490835	106.047	19.633	27.6432
-0.403584	105.422	19.5449	27.6964
-0.25558	104.757	19.4365	27.7538
-0.159501	104.103	19.3118	27.81
0.000974566	103.48	19.1808	27.8646
0.135151	102.796	19.0403	27.9205
0.233852	102.17	18.9086	27.9709
0.349589	101.478	18.7609	28.026
0.472234	100.773	18.622	28.0819
0.532818	100.109	18.4965	28.1334
0.598604	99.4467	18.3796	28.1846
0.625761	98.7391	18.2654	28.2394
0.642627	98.0203	18.1547	28.2952
0.637486	97.3214	18.0522	28.3496
0.611345	96.598	17.9544	28.4058
0.571844	95.8771	17.8595	28.4622
0.505112	95.156	17.7732	28.5189
0.421537	94.475	17.6921	28.5737
0.334995	93.7862	17.6175	28.629
0.212126	93.1116	17.5419	28.6839
0.120781	92.4444	17.4717	28.7392
0.00325385	91.8168	17.3975	28.7918
-0.174167	91.2706	17.3293	28.8426
-0.303581	90.6561	17.2386	28.8956
-0.363138	90.008	17.1297	28.9484
-0.487094	89.4168	17.0194	28.9991
-0.633987	88.8002	16.8976	29.0522
-0.69508	88.1007	16.7498	29.1089
-0.813342	87.4517	16.6123	29.1625
-0.901645	86.7794	16.4635	29.2168
-1.00186	86.0767	16.3207	29.273
-1.05974	85.4016	16.1849	29.3264
-1.10648	84.7309	16.0655	29.3793
-1.11932	84.0808	15.9594	29.4302
-1.11414	83.3615	15.8515	29.4869
-1.0912	82.7182	15.7651	29.5385
-1.03561	82.0452	15.6825	29.5923
-0.964279	81.4042	15.6096	29.6446
-0.879911	80.7555	15.5467	29.6986
-0.758159	80.1188	15.4803	29.7524
-0.658709	79.4947	15.4217	29.8064
-0.449059	78.8803	15.3606	29.8649
-0.347453	78.3145	15.2942	29.9153
-0.16991	77.781	15.2209	29.9657
-0.0137028	77.2401	15.1349	30.0158
0.14807	76.6826	15.034	30.0684
0.374824	76.0889	14.9173	30.123
0.482573	75.4614	14.782	30.1751
0.627888	74.7874	14.6425	30.2304
0.748493	74.1425	14.5101	30.2816
0.834649	73.4455	14.3708	30.3359
0.898352	72.7339	14.2415	30.3915
0.959758	72.0188	14.1193	30.4472
0.998651	71.3672	14.0157	30.4977
1.02175	70.6628	13.9075	30.5523
1.02439	70.002	13.81	30.6037
1.01	69.2783	13.7093	30.6604
0.963589	68.6234	13.6231	30.712
0.909323	67.9696	13.5398	30.7635
0.84828	67.3223	13.4604	30.8147
0.790275	66.611	13.3791	30.8713
0.691159	65.931	13.3046	30.9265
0.591546	65.3245	13.2366	30.9768
0.492365	64.7058	13.1652	31.0274
0.374187	64.0455	13.083	31.0815
0.243732	63.4059	12.9984	31.1355
0.137241	62.773	12.9002	31.1884
0.0534025	62.1588	12.795	31.2389
-0.0759793	61.5284	12.6762	31.2918
-0.163469	60.8676	12.5417	31.3456
-0.273374	60.2386	12.413	31.3972
-0.409662	59.5511	12.2727	31.4536
-0.495228	58.8981	12.1326	31.5065
-0.547748	58.2562	12.0047	31.5571
-0.606191	57.534	11.8698	31.6137
-0.654374	56.8472	11.7451	31.6675
-0.694072	56.1649	11.6323	31.721
-0.714765	55.4935	11.5271	31.7738
-0.725752	54.7797	11.4198	31.8298
-0.714702	54.1099	11.3243	31.8826
-0.669525	53.4339	11.236	31.9364
-0.624369	52.7867	11.1533	31.9883
-0.553293	52.1216	11.0703	32.0419
-0.477129	51.4854	10.9932	32.0934
-0.392206	50.86	10.918	32.1452
-0.329916	50.2198	10.8453	32.1979
-0.239833	49.5953	10.7688	32.2502
-0.119605	48.9658	10.6903	32.3034
-0.0243256	48.3025	10.6055	32.3591
0.10586	47.6813	10.5171	32.4119
0.177035	47.0377	10.4197	32.4651
0.243163	46.368	10.3111	32.5208
0.354567	45.7496	10.2057	32.5724
0.453505	45.1425	10.0961	32.6225
0.547273	44.4957	9.97674	32.6754
0.65549	43.8577	9.85103	32.7264
0.725064	43.176	9.7229	32.7801
0.81819	42.4925	9.59472	32.8338
0.884759	41.7929	9.46383	32.8874
0.942609	41.1377	9.34755	32.9379
0.980208	40.4511	9.23165	32.9905
1.00689	39.7661	9.12021	33.0439
1.01735	39.0327	9.00403	33.1005
1.01184	38.3141	8.89344	33.1557
0.988687	37.6423	8.79222	33.2077
0.969169	36.9367	8.68695	33.2627
0.924298	36.2824	8.59004	33.3139
0.892113	35.614	8.49374	33.366
0.836935	34.9657	8.40346	33.417
0.767683	34.3349	8.32044	33.467
0.672947	33.669	8.235	33.5207
0.594733	33.032	8.15548	33.5724
0.480357	32.3648	8.07455	33.627
0.382149	31.6981	7.98803	33.6808
0.275433	31.047	7.90151	33.734
0.179647	30.4359	7.8165	33.7847
0.10209	29.7801	7.72267	33.8393
-0.0829274	29.1428	7.62317	33.8942
-0.203755	28.4839	7.51019	33.9495
-0.28213	27.8616	7.39559	34.0006
-0.408596	27.2251	7.27291	34.0536
-0.502109	26.5586	7.13526	34.108
-0.566558	25.8969	7.00246	34.1605
-0.651635	25.1907	6.86058	34.2167
-0.697248	24.5239	6.73521	34.2693
-0.750321	23.83	6.61191	34.3239
-0.769539	23.1365	6.49277	34.3782
-0.779234	22.4197	6.37608	34.4343
-0.78074	21.7319	6.26804	34.4882
-0.7673	21.0625	6.16808	34.5406
-0.735363	20.4083	6.07624	34.5921
-0.716988	19.7228	5.98901	34.6461
-0.643799	19.0379	5.90375	34.7013
-0.555991	18.4172	5.83097	34.7521
-0.502336	17.7807	5.7565	34.8037
-0.384145	17.1711	5.6897	34.8564
-0.272281	16.5203	5.60806	34.9113
-0.188808	15.862	5.52367	34.9668
-0.118549	15.229	5.43322	35.0203
0.0497101	14.625	5.33979	35.0742
0.155444	14.0504	5.24236	35.1249
0.225829	13.4162	5.12369	35.1783
0.341017	12.794	5.00187	35.2312
0.428547	12.096	4.85886	35.2872
0.547951	11.4058	4.72088	35.3424
0.68578	10.7382	4.5854	35.3959
0.769636	9.9971	4.43871	35.4535
0.842449	9.27147	4.30513	35.5098
0.879458	8.59179	4.1911	35.5623
0.913882	7.86083	4.07441	35.6187
0.927331	7.14489	3.96381	35.6742
0.920096	6.46945	3.86265	35.7264
0.903736	5.79653	3.76898	35.7785
0.880584	5.13806	3.67966	35.8296
0.813004	4.46124	3.58996	35.883
0.748664	3.72646	3.49777	35.9409
0.697135	3.0699	3.41638	35.9927
0.592374	2.41071	3.33555	36.0455
0.505531	1.76208	3.2624	36.0985
0.402847	1.10114	3.18198	36.1525
0.291854	0.496318	3.10804	36.2031
0.119261	-0.163856	3.0228	36.2594
-0.00210464	-0.798665	2.93163	36.312
-0.1076	-1.41311	2.83598	36.3631
-0.216013	-2.01822	2.7327	36.4144
-0.30973	-2.67559	2.60865	36.4706
-0.4517	-3.32808	2.48024	36.5253
-0.540035	-3.94322	2.35177	36.5758
-0.637007	-4.56753	2.22012	36.6265
-0.715782	-5.25195	2.07467	36.6816
-0.785174	-5.9243	1.94269	36.735
-0.840363	-6.58979	1.81399	36.7873
-0.87873	-7.23916	1.69939	36.8385
-0.900196	-7.89778	1.59101	36.8898
-0.906039	-8.55613	1.48781	36.942
-0.896511	-9.23046	1.38718	36.9952
-0.882377	-9.9424	1.29044	37.0513
-0.812153	-10.6106	1.20561	37.1052
-0.778529	-11.2607	1.13429	37.1577
-0.707607	-11.9013	1.06206	37.2105
-0.621549	-12.5617	0.986358	37.2648
-0.56065	-13.2295	0.914435	37.32
-0.504903	-13.8731	0.839634	37.3733
-0.40771	-14.4715	0.768477	37.4248
-0.333059	-15.0695	0.690768	37.4763
-0.262028	-15.7096	0.595636	37.5313
-0.0904507	-16.3332	0.487983	37.5878
0.0621381	-16.9314	0.377401	37.641
0.30009	-17.5046	0.263634	37.6949
0.458499	-18.0859	0.14563	37.7461
0.530625	-18.752	0.00545275	37.8005
0.675224	-19.4499	-0.132818	37.8568
0.747604	-20.1158	-0.265058	37.9087
0.818685	-20.7591	-0.383058	37.9588
0.86474	-21.4496	-0.501135	38.0125
0.907453	-22.15	-0.615215	38.0669
0.930074	-22.8332	-0.723263	38.1193
0.931497	-23.588	-0.836228	38.1776
0.92218	-24.2809	-0.933548	38.2315
0.864055	-24.9469	-1.02071	38.284
0.824621	-25.6474	-1.10296	38.3384
0.76775	-26.284	-1.17683	38.3887
0.654793	-26.9875	-1.26006	38.4454
0.578887	-27.658	-1.33281	38.5
0.452672	-28.293	-1.40732	38.5529
0.332359	-28.9428	-1.48749	38.6063
0.23102	-29.5823	-1.57074	38.659
0.131698	-30.2108	-1.66555	38.7104
0.0483725	-30.8417	-1.76768	38.7623
-0.121127	-31.4628	-1.87596	38.8151
-0.191668	-32.1374	-2.00159	38.8694
-0.304533	-32.7734	-2.12433	38.9206
-0.430467	-33.4764	-2.26032	38.977
-0.497044	-34.2076	-2.40727	39.0345
-0.60312	-34.9033	-2.5446	39.0897
-0.676631	-35.5433	-2.66396	39.1398
-0.723846	-36.2019	-2.78063	39.1911
-0.768753	-36.8932	-2.89711	39.2455
-0.795733	-37.6024	-3.01008	39.3009
-0.806519	-38.3185	-3.12125	39.357
-0.803884	-39.0027	-3.22572	39.4105
-0.767489	-39.6589	-3.32289	39.4619
-0.733717	-40.2954	-3.41345	39.5125
-0.67624	-40.9384	-3.50212	39.564
-0.639859	-41.6579	-3.59603	39.6212
-0.544888	-42.3186	-3.68035	39.6752
-0.501726	-43.0087	-3.76181	39.7308
-0.398934	-43.643	-3.83788	39.7844
-0.364711	-44.3011	-3.91518	39.8381
-0.247263	-44.9423	-3.99743	39.893
-0.15406	-45.541	-4.08125	39.9441
0.00743106	-46.1562	-4.17695	39.9993
0.0926585	-46.7958	-4.28835	40.0535
0.207615	-47.4395	-4.41259	40.11
0.297009	-48.0896	-4.54049	40.1639
0.399783	-48.7542	-4.68137	40.2188
0.475825	-49.3951	-4.81386	40.2708
0.542146	-50.0372	-4.94245	40.3221
0.619196	-50.7149	-5.07027	40.3761
0.692686	-51.4411	-5.19876	40.4325
0.725497	-52.0918	-5.30512	40.4829
0.744087	-52.7599	-5.41069	40.5346
0.745891	-53.4782	-5.51834	40.5903
0.738922	-54.1398	-5.61248	40.642
0.707953	-54.8624	-5.71175	40.6979
0.656324	-55.5201	-5.79489	40.7495
0.590644	-56.1982	-5.88218	40.8032
0.498835	-56.8719	-5.96692	40.8576
0.40816	-57.5419	-6.04537	40.9124
0.318881	-58.1671	-6.12034	40.9633
0.200845	-58.7816	-6.19298	41.0141
0.0515153	-59.4025	-6.26853	41.0659
-0.0438537	-60.029	-6.3507	41.1184
-0.159494	-60.6493	-6.44321	41.1707
-0.321076	-61.27	-6.54608	41.2237
-0.476338	-61.9002	-6.65867	41.2764
-0.543392	-62.5378	-6.78685	41.3287
-0.674739	-63.1844	-6.91894	41.3826
-0.782155	-63.8195	-7.05219	41.4345
-0.864498	-64.4916	-7.19124	41.4881
-0.916297	-65.2372	-7.34364	41.5466
-0.969193	-65.9332	-7.4799	41.6017
-1.0128	-66.5717	-7.59344	41.6522
-1.0356	-67.2493	-7.70643	41.7057
-1.035	-67.9515	-7.81644	41.7608
-1.01443	-68.6521	-7.91856	41.8164
-0.998683	-69.3509	-8.00968	41.8715
-0.92425	-70.0257	-8.0948	41.9255
-0.856078	-70.718	-8.17395	41.9814
-0.713281	-71.3941	-8.25295	42.0377
-0.674007	-72.0575	-8.32305	42.092
-0.529214	-72.633	-8.38573	42.1435
-0.381011	-73.1842	-8.44746	42.1947
-0.226136	-73.7545	-8.51798	42.2453
-0.0870094	-74.3062	-8.59554	42.2957
0.0020936	-74.9385	-8.69858	42.3511
0.170133	-75.5532	-8.81292	42.4068
0.290441	-76.1245	-8.92939	42.4583
0.392982	-76.7406	-9.06578	42.512
0.492117	-77.4214	-9.20677	42.5677
0.60447	-78.0562	-9.34616	42.6205
0.67206	-78.7394	-9.47955	42.6746
0.726126	-79.3819	-9.5983	42.7255
0.772096	-80.0207	-9.7067	42.776
0.800204	-80.7025	-9.81281	42.8296
0.813098	-81.3669	-9.91146	42.8817
0.806557	-82.0813	-10.0133	42.9382
0.800019	-82.7908	-10.1072	42.9936
0.743419	-83.491	-10.1982	43.0488
0.700278	-84.1413	-10.2741	43.1002
0.641574	-84.7745	-10.3488	43.1507
0.554465	-85.4496	-10.4286	43.2056
0.416354	-86.1135	-10.5	43.2609
0.290246	-86.8057	-10.5811	43.3177
0.181264	-87.4877	-10.6598	43.3744
0.0840653	-88.1179	-10.7461	43.4259
-0.0683471	-88.7621	-10.8439	43.481
-0.172394	-89.4255	-10.9573	43.5361
-0.297556	-90.0726	-11.0809	43.5905
-0.41663	-90.7005	-11.2049	43.6421
-0.539231	-91.3822	-11.3419	43.6976
-0.615093	-92.0764	-11.4889	43.7533
-0.685037	-92.7166	-11.6188	43.8044
-0.769104	-93.3593	-11.7444	43.855
-0.844155	-94.091	-11.8791	43.9123
-0.884094	-94.7498	-11.9921	43.9637
-0.902616	-95.4171	-12.1007	44.0157
-0.90416	-96.0682	-12.2035	44.0665
-0.888248	-96.7132	-12.3005	44.1169
-0.854761	-97.3706	-12.3943	44.1677
-0.793611	-98.0471	-12.4839	44.2206
-0.728546	-98.7419	-12.5735	44.2754
-0.653119	-99.422	-12.6564	44.3291
-1.07605	-100.075	-12.7227	44.3805
-0.932085	-100.683	-12.7893	44.4366
-0.803748	-101.296	-12.8529	44.491
-0.722649	-101.895	-12.9276	44.5425
-0.603831	-102.495	-13.0138	44.5958
-0.503589	-103.092	-13.1122	44.6474
-0.355864	-103.714	-13.2308	44.7043
-0.203644	-104.307	-13.3488	44.7574
-0.0590265	-104.886	-13.4723	44.8098
0.0303823	-105.542	-13.602	44.8642
0.136953	-106.201	-13.7302	44.9178
0.196981	-106.855	-13.8557	44.9697
0.282103	-107.541	-13.9766	45.0239
0.33127	-108.225	-14.0921	45.078
0.361875	-108.943	-14.2087	45.1344
0.379687	-109.624	-14.3152	45.1877
0.386836	-110.296	-14.416	45.2405
0.364069	-110.939	-14.5099	45.2913
0.317952	-111.647	-14.6105	45.3474
0.296343	-112.371	-14.707	45.4046
0.189186	-113.053	-14.7906	45.4597
0.127648	-113.752	-14.8778	45.5163
0.0244128	-114.402	-14.9523	45.5701
-0.0922555	-115.061	-15.0331	45.6246
-0.24708	-115.709	-15.1144	45.679
-0.376623	-116.392	-15.2039	45.7359
-0.509783	-117.042	-15.296	45.7909
-0.670327	-117.701	-15.4004	45.8461
-0.767413	-118.339	-15.5084	45.8992
-0.818657	-118.999	-15.6323	45.9529
-0.922585	-119.657	-15.7591	46.0063
-1.00867	-120.335	-15.8967	46.0608
-1.09014	-120.973	-16.0243	46.1113
-1.14353	-121.63	-16.1512	46.1632
-1.2072	-122.274	-16.2721	46.2134
-1.25275	-123.019	-16.405	46.2711
-1.2751	-123.709	-16.5182	46.3249
-1.2839	-124.377	-16.6257	46.3772
-1.28438	-125.023	-16.7245	46.428
-1.27052	-125.68	-16.8206	46.4795
-1.22868	-126.369	-16.9155	46.5337
-1.15496	-127.068	-17.0102	46.5894
-1.08488	-127.738	-17.0933	46.644
-0.961104	-128.389	-17.1739	46.6987
-0.860763	-129.067	-17.252	46.7549
-0.71943	-129.695	-17.3273	46.8079
-0.650466	-130.338	-17.4033	46.862
-0.529279	-130.976	-17.489	46.9171
-0.432764	-131.588	-17.5797	46.9722
-0.264713	-132.228	-17.688	47.0296
-0.192698	-132.861	-17.8094	47.0836
-0.0387345	-133.435	-17.9247	47.1341
0.0666125	-134.032	-18.0472	47.1843
0.20219	-134.685	-18.1785	47.2379
0.30792	-135.366	-18.3156	47.2924
0.392583	-136.056	-18.4426	47.3468
0.443651	-136.713	-18.5579	47.3986
0.475648	-137.352	-18.663	47.4489
0.502193	-138.016	-18.7659	47.501
0.518061	-138.732	-18.8745	47.557
0.510212	-139.4	-18.9745	47.6097
0.490095	-140.037	-19.0669	47.66
0.459061	-140.683	-19.156	47.7114
0.364298	-141.393	-19.254	47.7685
0.316002	-142.092	-19.3447	47.8241
0.213621	-142.72	-19.4239	47.8755
0.144847	-143.328	-19.497	47.9255
0.021905	-143.97	-19.5734	47.9801
-0.0519584	-144.655	-19.6527	48.0366
-0.171728	-145.275	-19.7298	48.0892
-0.256715	-145.874	-19.8082	48.1402
-0.333646	-146.479	-19.895	48.1917
-0.464414	-147.072	-19.9903	48.2446
-0.647259	-147.658	-20.0958	48.2982
-0.769363	-148.287	-20.2224	48.3522
-0.875172	-148.903	-20.3488	48.4027
-0.957684	-149.541	-20.4812	48.4537
-1.02499	-150.211	-20.6184	48.507
-1.13803	-150.838	-20.746	48.5575
-1.1863	-151.585	-20.8905	48.6155
-1.2515	-152.32	-21.0221	48.6729
-1.28535	-153.015	-21.137	48.7269
-1.30104	-153.696	-21.244	48.78
-1.30538	-154.396	-21.3479	48.8347
-1.2926	-155.131	-21.4504	48.8919
-1.25698	-155.827	-21.5444	48.9467
-1.20399	-156.495	-21.6253	49.0006
-1.13097	-157.118	-21.7011	49.0513
-1.06669	-157.749	-21.7786	49.1027
-0.976849	-158.406	-21.8592	49.156
-0.836825	-159.023	-21.9336	49.2084
-0.711118	-159.61	-22.0048	49.2595
-0.544899	-160.158	-22.0742	49.3099
-0.39287	-160.714	-22.1517	49.3602
-0.310004	-161.385	-22.2542	49.4167
-0.175483	-161.989	-22.356	49.4691
-0.0487741	-162.66	-22.4769	49.5275
0.0576838	-163.246	-22.59	49.5778
0.21457	-163.842	-22.7097	49.6296
0.299123	-164.554	-22.8548	49.687
0.406784	-165.234	-22.993	49.7416
0.492113	-165.915	-23.1219	49.7958
0.567253	-166.644	-23.2556	49.8533
0.632683	-167.347	-23.3753	49.9082
0.665113	-168.033	-23.487	49.9618
0.690582	-168.71	-23.5927	50.0147
0.693017	-169.419	-23.7003	50.0704
0.686608	-170.118	-23.8	50.1258
0.671714	-170.767	-23.8893	50.1771
0.628245	-171.446	-23.9784	50.2313
0.533857	-172.069	-24.0601	50.2825
0.508736	-172.699	-24.1413	50.3331
0.418128	-173.342	-24.2213	50.3867
0.345621	-173.972	-24.2975	50.4378
0.203747	-174.602	-24.3678	50.492
0.148874	-175.236	-24.4446	50.5441
-0.000564236	-175.853	-24.5235	50.5983
-0.0921977	-176.519	-24.6156	50.6556
-0.281294	-177.095	-24.7032	50.7087
-0.422364	-177.648	-24.7935	50.76
-0.564759	-178.195	-24.8914	50.811
-0.654518	-178.818	-25.0154	50.8662
-0.796218	-179.418	-25.1372	50.9167
-0.875731	-180.093	-25.2729	50.9707
-0.957606	-180.796	-25.4196	51.0265
-1.07592	-181.496	-25.5632	51.0824
-1.13855	-182.175	-25.6938	51.1356
-1.18741	-182.888	-25.8243	51.1908
-1.22515	-183.604	-25.9523	51.246
-1.24183	-184.281	-26.068	51.298
-1.24207	-184.982	-26.1808	51.3521
-1.22985	-185.673	-26.2836	51.406
-1.20685	-186.386	-26.3774	51.4619
-1.15635	-187.079	-26.4632	51.5161
-1.08219	-187.786	-26.5409	51.5724
-0.995386	-188.429	-26.6117	51.6251
-0.927429	-189.045	-26.6762	51.6757
-0.824426	-189.65	-26.7383	51.7272
-0.732548	-190.31	-26.8053	51.7825
-0.545313	-190.891	-26.8728	51.8362
-0.371633	-191.508	-26.956	51.892
-0.227651	-192.093	-27.0485	51.9468
-0.140104	-192.671	-27.1548	51.9969
-0.100555	-193.292	-27.2773	52.048
0.0233497	-193.938	-27.4177	52.1019
0.125178	-194.577	-27.5546	52.1553
0.287398	-195.248	-27.6987	52.2113
0.350855	-195.893	-27.8422	52.2631
0.43083	-196.525	-27.9699	52.3133
0.505617	-197.167	-28.0905	52.3637
0.543337	-197.832	-28.2066	52.4161
0.565108	-198.511	-28.3171	52.4692
0.571717	-199.215	-28.4241	52.5249
0.55533	-199.888	-28.5189	52.5783
0.547408	-200.568	-28.6053	52.6321
0.510552	-201.194	-28.6801	52.6825
0.417112	-201.81	-28.7477	52.7336
0.286381	-202.425	-28.8102	52.7859
0.180387	-203.036	-28.87	52.8367
0.0420714	-203.677	-28.9363	52.891
-0.07223	-204.306	-28.9973	52.9458
-0.275138	-204.86	-29.0593	53
-0.34933	-205.494	-29.1443	53.0553
-0.54501	-206.053	-29.2328	53.1086
-0.714993	-206.59	-29.3307	53.1611
-0.765017	-207.19	-29.4481	53.2115
-0.812846	-207.818	-29.584	53.2635
-0.91798	-208.42	-29.7136	53.3144
-1.05907	-209.049	-29.8488	53.3682
-1.17538	-209.708	-29.9875	53.422
-1.27401	-210.38	-30.1293	53.4752
-1.338	-211.049	-30.2571	53.5275
-1.38962	-211.752	-30.3826	53.582
-1.41224	-212.462	-30.504	53.6372
-1.41367	-213.163	-30.6179	53.6918
-1.38508	-213.811	-30.7163	53.7426
-1.3438	-214.516	-30.8197	53.7976
-1.25429	-215.169	-30.9094	53.8496
-1.19403	-215.828	-30.9906	53.9023
-1.09265	-216.495	-31.0707	53.9557
-0.943278	-217.18	-31.1407	54.0128
-0.874709	-217.835	-31.2076	54.0661
-0.671323	-218.421	-31.2631	54.1188
-0.53381	-219.077	-31.3276	54.1756
-0.390966	-219.739	-31.4068	54.2332
-0.26746	-220.335	-31.4926	54.2849
-0.105818	-220.896	-31.5861	54.3362
0.0801928	-221.51	-31.6966	54.3921
0.194491	-222.087	-31.8085	54.4424
0.378036	-222.661	-31.9273	54.4925
0.455823	-223.288	-32.0664	54.5428
0.551956	-223.938	-32.2044	54.5949
0.645229	-224.642	-32.3488	54.651
0.716283	-225.287	-32.4796	54.7017
0.757409	-225.996	-32.6159	54.7574
0.792488	-226.685	-32.7361	54.8115
0.803245	-227.332	-32.8436	54.8625
0.792034	-228.028	-32.9503	54.9173
0.740737	-228.666	-33.041	54.9683
0.700219	-229.391	-33.1338	55.0257
0.600425	-230.017	-33.2071	55.0768
0.523468	-230.675	-33.278	55.13
0.34152	-231.243	-33.3326	55.1808
0.194074	-231.832	-33.3808	55.2333
0.0359983	-232.449	-33.4412	55.2874
-0.0423698	-233.118	-33.51	55.343
-0.0926763	-233.714	-33.5824	55.393
-0.212622	-234.281	-33.6669	55.4484
-0.326124	-234.875	-33.768	55.5005
-0.439794	-235.44	-33.8771	55.5508
-0.552318	-236	-33.9927	55.6019
-0.64347	-236.574	-34.1216	55.6531
-0.744373	-237.183	-34.2504	55.7053
-0.82728	-237.788	-34.3761	55.7556
-0.879217	-238.466	-34.5085	55.8099
-0.939432	-239.15	-34.6408	55.865
-0.99692	-239.8	-34.7551	55.9167
-1.03601	-240.461	-34.865	55.9696
-1.06154	-241.091	-34.9646	56.0199
-1.07499	-241.792	-35.0727	56.0752
-1.0604	-242.496	-35.1767	56.1304
-1.03427	-243.226	-35.2765	56.1873
-1.007	-243.865	-35.3602	56.2377
-0.912751	-244.591	-35.4509	56.2961
-0.832019	-245.286	-35.5373	56.3514
-0.751255	-245.961	-35.6113	56.4053
-0.654458	-246.598	-35.6828	56.4574
-0.549112	-247.273	-35.7605	56.5127
-0.497085	-247.896	-35.8291	56.5642
-0.371757	-248.492	-35.9049	56.6153
-0.296465	-249.164	-36.0037	56.6705
-0.122333	-249.78	-36.106	56.7252
-0.0115846	-250.403	-36.2203	56.7782
0.153237	-251.016	-36.3411	56.8309
0.244577	-251.742	-36.4902	56.8889
0.415041	-252.372	-36.6208	56.9413
0.546935	-253.048	-36.763	56.9953
0.616507	-253.698	-36.8904	57.0462
0.690589	-254.389	-37.0176	57.0998
0.775722	-255.102	-37.142	57.1551
0.806672	-255.776	-37.2512	57.2071
0.824259	-256.479	-37.3606	57.2616
0.829338	-257.162	-37.4633	57.3146
0.820551	-257.835	-37.5629	57.3666
0.800115	-258.485	-37.656	57.4175
0.762648	-259.159	-37.7502	57.4702
0.730339	-259.821	-37.84	57.5224
0.635897	-260.452	-37.9189	57.5741
0.583739	-261.091	-37.9986	57.6247
0.480577	-261.761	-38.0798	57.6791
0.371031	-262.386	-38.1519	57.7305
0.286542	-263.036	-38.2238	57.7841
0.19239	-263.622	-38.2939	57.8346
0.0454186	-264.213	-38.3704	57.8869
-0.0891473	-264.775	-38.4518	57.9369
-0.260019	-265.323	-38.5387	57.9892
-0.474911	-265.832	-38.6295	58.0418
-0.536519	-266.467	-38.7515	58.0954
-0.659993	-267.096	-38.874	58.1495
-0.807152	-267.69	-38.9949	58.2005
-0.867613	-268.352	-39.1285	58.2533
-0.942855	-268.985	-39.2636	58.3045
-1.00359	-269.639	-39.3936	58.3562
-1.05236	-270.328	-39.5245	58.4105
-1.0699	-271.019	-39.651	58.4641
-1.08099	-271.682	-39.763	58.5157
-1.08453	-272.383	-39.877	58.5707
-1.0774	-273.085	-39.9858	58.626
-1.04639	-273.73	-40.0799	58.6762
-0.99668	-274.478	-40.1803	58.7339
-0.937064	-275.179	-40.2699	58.7886
-0.848253	-275.878	-40.3545	58.8437
-0.763157	-276.501	-40.4174	58.894
-0.650373	-277.164	-40.4904	58.9481
-0.58053	-277.807	-40.5604	59.0001
-0.460875	-278.418	-40.6286	59.051
-0.341632	-279.055	-40.7053	59.1048
-0.165176	-279.633	-40.7893	59.1573
-0.110262	-280.293	-40.8998	59.2111
0.00419575	-280.949	-41.026	59.2659
0.165606	-281.536	-41.1482	59.3159
0.280678	-282.215	-41.2924	59.3712
0.426623	-282.928	-41.4543	59.4294
0.533372	-283.61	-41.5993	59.4829
0.624073	-284.363	-41.7554	59.5407
0.711525	-285.062	-41.8907	59.5941
0.751521	-285.722	-42.005	59.6444
0.799388	-286.484	-42.1274	59.7025
0.81498	-287.181	-42.2331	59.7555
0.805094	-287.887	-42.3355	59.8095
0.790526	-288.586	-42.4319	59.8637
0.75492	-289.257	-42.5151	59.9158
0.674329	-289.981	-42.6044	59.9722
0.583723	-290.653	-42.6759	60.025
0.52108	-291.349	-42.7544	60.0797
0.422944	-291.983	-42.8214	60.1308
0.36557	-292.659	-42.8947	60.184
0.309494	-293.366	-42.9699	60.2395
0.191872	-294.035	-43.0479	60.2946
0.0164087	-294.642	-43.1325	60.3494
-0.136473	-295.225	-43.2242	60.4004
-0.241873	-295.83	-43.3295	60.4518
-0.280945	-296.498	-43.4576	60.5052
-0.437375	-297.161	-43.588	60.5599
-0.468784	-297.886	-43.7424	60.6168
-0.583718	-298.604	-43.8946	60.6741
-0.664829	-299.293	-44.0506	60.7283
-0.778538	-299.979	-44.1927	60.7818
-0.811572	-300.662	-44.3269	60.8341
-0.837022	-301.388	-44.461	60.8895
-0.852779	-302.102	-44.5829	60.9439
-0.843786	-302.78	-44.6907	60.996
-0.833714	-303.435	-44.787	61.0462
-0.783446	-304.084	-44.8734	61.0964
-0.744407	-304.74	-44.9536	61.1473
-0.678749	-305.408	-45.0295	61.1997
-0.589032	-306.123	-45.0994	61.2554
-0.496658	-306.824	-45.1716	61.3106
-0.357847	-307.53	-45.2376	61.3677
-0.257344	-308.152	-45.3015	61.4192
-0.135116	-308.802	-45.3781	61.4729
-0.0192493	-309.438	-45.4652	61.5274
0.141749	-310.026	-45.5615	61.5778
0.274541	-310.729	-45.6906	61.6347
0.405069	-311.342	-45.8206	61.6871
0.568868	-311.993	-45.9569	61.7406
0.718251	-312.674	-46.1002	61.7946
0.81947	-313.344	-46.2462	61.8456
0.900176	-314.043	-46.3842	61.8987
0.985589	-314.738	-46.5129	61.9513
1.04495	-315.471	-46.6394	62.0067
1.08572	-316.189	-46.7529	62.0607
1.10448	-316.885	-46.8584	62.113
1.10757	-317.598	-46.9619	62.1674
1.09364	-318.255	-47.0539	62.2179
1.06531	-318.949	-47.1468	62.2708
1.00978	-319.658	-47.2334	62.3253
0.93171	-320.305	-47.3095	62.3759
0.817141	-321.01	-47.3923	62.4315
0.77857	-321.672	-47.4671	62.4834
0.70316	-322.307	-47.5382	62.5334
0.535436	-322.937	-47.6065	62.5868
0.441154	-323.621	-47.6918	62.6417
0.355837	-324.253	-47.7738	62.693
0.18469	-324.795	-47.8514	62.7458
0.0610615	-325.39	-47.9497	62.7959
-0.17912	-325.914	-48.0476	62.8481
-0.331534	-326.544	-48.1709	62.9024
-0.392815	-327.212	-48.3164	62.9556
-0.504342	-327.857	-48.4561	63.0098
-0.624241	-328.526	-48.6005	63.0633
-0.723853	-329.189	-48.7474	63.1158
-0.788643	-329.865	-48.8837	63.1678
-0.842555	-330.515	-49.0075	63.2182
-0.891496	-331.169	-49.1229	63.2683
-0.910298	-331.843	-49.2344	63.3197
-0.912927	-332.532	-49.3432	63.372
-0.898584	-333.211	-49.4433	63.4236
-0.85975	-333.909	-49.5331	63.4768
-0.811551	-334.631	-49.6219	63.5322
-0.749377	-335.329	-49.7026	63.5853
-1.10453	-335.988	-49.7647	63.6358
-0.97714	-336.561	-49.8209	63.6861
-0.833095	-337.227	-49.8924	63.7419
-0.719903	-337.823	-49.9562	63.7942
-0.635128	-338.447	-50.0248	63.8456
-0.534487	-339.125	-50.1148	63.9003
-0.440977	-339.834	-50.221	63.9569
-0.346141	-340.448	-50.3229	64.0076
-0.226902	-341.086	-50.4396	64.0602
-0.0522416	-341.723	-50.5634	64.1135
0.0603387	-342.481	-50.716	64.1729
0.189714	-343.19	-50.8657	64.2282
0.305248	-343.878	-51.0053	64.2813
0.395449	-344.565	-51.1423	64.3337
0.488954	-345.238	-51.2729	64.3844
0.551157	-345.987	-51.41	64.4407
0.590302	-346.689	-51.5285	64.4934
0.609277	-347.367	-51.6374	64.5445
0.617463	-348.071	-51.7452	64.5974
0.592886	-348.831	-51.8569	64.6546
0.537644	-349.502	-51.9441	64.7059
0.464731	-350.166	-52.0252	64.7565
0.389385	-350.85	-52.1041	64.8097
0.280104	-351.534	-52.1786	64.8631
0.190318	-352.243	-52.2493	64.9189
0.0429596	-352.947	-52.3199	64.9763
-0.133114	-353.582	-52.3913	65.0304
-0.246713	-354.231	-52.4726	65.0846
-0.420352	-354.828	-52.557	65.1379
-0.496078	-355.451	-52.6597	65.1885
-0.61889	-356.062	-52.773	65.2419
-0.714902	-356.684	-52.8965	65.2934
-0.782818	-357.315	-53.0273	65.3446
-0.825483	-358.069	-53.1892	65.4031
-0.962596	-358.715	-53.3292	65.4554
-1.04947	-359.359	-53.4743	65.5067
-1.09811	-360.024	-53.6094	65.5581
-1.1186	-360.699	-53.7392	65.6097
-1.14658	-361.4	-53.865	65.6631
-1.153	-362.091	-53.981	65.7158
-1.15551	-362.765	-54.0883	65.768
-1.12785	-363.424	-54.1843	65.819
-1.0963	-364.073	-54.27	65.8692
-1.03226	-364.79	-54.3597	65.9245
-0.996096	-365.498	-54.438	65.9795
-0.87915	-366.151	-54.5092	66.0327
-0.868388	-366.867	-54.5818	66.0885
-0.683516	-367.455	-54.64	66.1404
-0.626089	-368.097	-54.708	66.192
-0.473378	-368.623	-54.7622	66.2437
-0.423151	-369.302	-54.848	66.2998
-0.28535	-369.849	-54.9286	66.3529
-0.01962	-370.282	-55.0051	66.4061
0.0664683	-370.926	-55.1286	66.4579
0.239604	-371.615	-55.2638	66.5137
0.379328	-372.291	-55.409	66.5679
0.470521	-372.989	-55.554	66.6218
0.560606	-373.676	-55.6958	66.6745
0.683072	-374.356	-55.8319	66.7262
0.769239	-375.038	-55.9651	66.7775
0.822757	-375.742	-56.0889	66.8305
0.863142	-376.441	-56.206	66.8829
0.880191	-377.167	-56.324	66.9372
0.875323	-377.915	-56.4415	66.9932
0.844314	-378.625	-56.5486	67.0466
0.810798	-379.312	-56.6399	67.0982
0.724681	-379.972	-56.721	67.1489
0.621301	-380.736	-56.8056	67.2074
0.544318	-381.462	-56.8867	67.2633
0.443829	-382.165	-56.9546	67.319
0.336112	-382.818	-57.0227	67.3712
0.224536	-383.431	-57.0899	67.4213
0.0772632	-384.066	-57.1689	67.4737
0.0217701	-384.743	-57.2666	67.5275
-0.104834	-385.401	-57.3762	67.5819
-0.266903	-386.024	-57.4915	67.6363
-0.364433	-386.669	-57.6215	67.6894
-0.446429	-387.342	-57.7572	67.7422
-0.619683	-387.989	-57.8932	67.7954
-0.712834	-388.653	-58.0423	67.8479
-0.804553	-389.324	-58.1827	67.9002
-0.883629	-390.016	-58.3211	67.9536
-0.920289	-390.688	-58.4482	68.0051
-0.932346	-391.424	-58.577	68.0616
-0.940421	-392.087	-58.6843	68.1126
-0.925105	-392.763	-58.785	68.1651
-0.887676	-393.42	-58.8757	68.2154
-0.835216	-394.091	-58.9549	68.2677
-0.76919	-394.809	-59.0404	68.3242
-0.660299	-395.466	-59.1052	68.3777
-0.454807	-396.141	-59.1764	68.4355
-0.359765	-396.813	-59.2414	68.49
-0.276247	-397.437	-59.3078	68.5418
-0.176581	-398.062	-59.3796	68.5937
-0.033422	-398.613	-59.452	68.6467
0.0598469	-399.207	-59.5448	68.6981
0.118116	-399.858	-59.6607	68.7504
0.317845	-400.399	-59.769	68.8037
0.373817	-401.032	-59.9	68.8538
0.431201	-401.716	-60.053	68.9079
0.61867	-402.34	-60.1915	68.9596
0.703261	-403.055	-60.3413	69.0142
0.784687	-403.782	-60.4938	69.0694
0.843518	-404.451	-60.623	69.1201
0.896056	-405.203	-60.7561	69.1766
0.913944	-405.91	-60.8731	69.23
0.90822	-406.652	-60.9847	69.2859
0.896637	-407.382	-61.0822	69.3415
0.829209	-408.054	-61.1648	69.3935
0.787529	-408.745	-61.2453	69.4469
0.720765	-409.49	-61.3227	69.5046
0.624621	-410.193	-61.3895	69.5601
0.440113	-410.835	-61.4504	69.613
0.28567	-411.485	-61.5142	69.6672
0.187592	-412.181	-61.584	69.724
0.0388595	-412.885	-61.6674	69.7807
-0.176198	-413.549	-61.7665	69.8372
-0.283437	-414.191	-61.88	69.8894
-0.458315	-414.759	-61.9922	69.9398
-0.617959	-415.424	-62.1294	69.9952
-0.721542	-416.083	-62.2733	70.0473
-0.878345	-416.74	-62.4297	70.1005
-1.04047	-417.378	-62.5731	70.153
-1.09492	-418.115	-62.7331	70.2098
-1.17102	-418.785	-62.8665	70.2616
-1.22009	-419.471	-62.9917	70.3138
-1.23936	-420.169	-63.1061	70.3671
-1.24619	-420.868	-63.2112	70.4209
-1.2497	-421.538	-63.3025	70.4727
-1.1947	-422.193	-63.3823	70.5238
-1.1172	-422.923	-63.459	70.5804
-1.08639	-423.587	-63.5244	70.6317
-0.99871	-424.288	-63.5929	70.6875
-0.830742	-424.885	-63.6366	70.7389
-0.745425	-425.524	-63.6985	70.791
-0.611721	-426.119	-63.7595	70.8426
-0.536246	-426.755	-63.8363	70.8946
-0.43489	-427.295	-63.9101	70.9458
-0.304472	-427.846	-64.0003	70.9996
-0.214669	-428.475	-64.118	71.0524
-0.142724	-429.109	-64.2458	71.1034
-0.0382087	-429.715	-64.3758	71.1535
0.129596	-430.32	-64.5097	71.2039
0.25183	-430.994	-64.6631	71.2586
0.317741	-431.721	-64.814	71.315
0.401178	-432.401	-64.9532	71.3673
0.457068	-433.06	-65.0818	71.4174
0.527518	-433.756	-65.2113	71.47
0.56842	-434.46	-65.3287	71.5232
0.579103	-435.214	-65.4446	71.5795
0.567564	-435.899	-65.542	71.6306
0.535884	-436.625	-65.6392	71.6852
0.507501	-437.384	-65.7327	71.7423
0.452689	-438.047	-65.8126	71.7931
0.378229	-438.721	-65.8922	71.8444
0.291062	-439.371	-65.9674	71.8946
0.18613	-440.08	-66.0456	71.9495
0.0586314	-440.738	-66.1229	72.0017
-0.042593	-441.431	-66.2099	72.0557
-0.144205	-442.169	-66.3072	72.1128
-0.257629	-442.883	-66.4129	72.1685
-0.390567	-443.567	-66.5239	72.2229
-0.48792	-444.218	-66.6349	72.2738
-0.567147	-444.941	-66.7626	72.3295
-0.681728	-445.586	-66.8717	72.3799
-0.770114	-446.241	-66.9796	72.431
-0.856166	-446.888	-67.0852	72.482
-0.914634	-447.563	-67.1948	72.5343
-1.00521	-448.25	-67.3056	72.5877
-1.08873	-448.924	-67.4144	72.6401
-1.1557	-449.594	-67.5206	72.6915
-1.23037	-450.276	-67.6271	72.7442
-1.28488	-450.964	-67.7333	72.7969
-1.33909	-451.688	-67.8433	72.852
-1.36954	-452.351	-67.9431	72.9021
-1.3941	-453.01	-68.0415	72.9521
-1.41323	-453.741	-68.1498	73.0075
-1.42516	-454.419	-68.2488	73.0595
-1.42926	-455.091	-68.3476	73.1102
-1.43595	-455.761	-68.4458	73.1615
-1.398	-456.465	-68.5491	73.2151
-1.40524	-457.141	-68.6472	73.2668
-1.37853	-457.818	-68.7453	73.3182
-1.35085	-458.533	-68.8477	73.3727
-1.3276	-459.243	-68.9515	73.4272
-1.29269	-459.899	-69.0485	73.4781
-1.25795	-460.553	-69.1471	73.5284
-1.21963	-461.224	-69.2494	73.5799
-1.1281	-461.923	-69.3564	73.6343
-1.07436	-462.645	-69.4656	73.6901
-1.0313	-463.3	-69.5645	73.7414
-0.944244	-463.964	-69.6651	73.793
-0.913276	-464.649	-69.7698	73.8456
-0.862153	-465.366	-69.8796	73.9011
-0.810313	-466.094	-69.9917	73.957
-0.758855	-466.84	-70.1061	74.0138
-0.706395	-467.535	-70.2116	74.0666
-0.657523	-468.199	-70.3133	74.1168
-0.601981	-468.862	-70.4146	74.1668
-0.553567	-469.598	-70.5274	74.2226
-0.504844	-470.285	-70.6336	74.275
-0.46588	-471.035	-70.7492	74.3319
-0.429038	-471.696	-70.8505	74.3823
-0.391222	-472.376	-70.9548	74.4339
-0.356969	-473.055	-71.0593	74.4859
-0.311585	-473.773	-71.1723	74.541
-0.278297	-474.51	-71.2903	74.5971
-0.250204	-475.199	-71.4024	74.6499
-0.228075	-475.925	-71.5195	74.7052
-0.220208	-476.579	-71.6245	74.7555
-0.201658	-477.309	-71.7407	74.8113
-0.197856	-478.039	-71.8566	74.8671
-0.18766	-478.741	-71.9677	74.9212
-0.166137	-479.471	-72.0838	74.9774
-0.141286	-480.125	-72.1849	75.0276
-0.118297	-480.818	-72.289	75.0803
-0.100013	-481.519	-72.3959	75.1334
-0.0920041	-482.171	-72.4973	75.1838
-0.0902786	-482.86	-72.6084	75.2367
-0.093053	-483.589	-72.7308	75.2927
-0.0864968	-484.332	-72.8564	75.3497
-0.0725873	-485.05	-72.9723	75.4044
-0.0588553	-485.736	-73.0807	75.4565
-0.0383383	-486.471	-73.196	75.5128
-0.0225335	-487.149	-73.3015	75.5643
-0.0141901	-487.813	-73.4057	75.6145
-0.00162031	-488.505	-73.5166	75.6673
0.014612	-489.242	-73.6338	75.7242
0.01566	-489.915	-73.7393	75.7752
0.0139292	-490.627	-73.8511	75.8293
0.0135391	-491.382	-73.9694	75.8864
0.0765327	-492.044	-74.0725	75.9385
0.0785479	-492.727	-74.1796	75.9901
0.10843	-493.384	-74.2811	76.0407
0.109817	-494.059	-74.3872	76.0916
0.134	-494.768	-74.4971	76.1461
0.151618	-495.433	-74.5982	76.1971
0.168103	-496.137	-74.7057	76.2506
0.176164	-496.855	-74.8173	76.3049
0.189915	-497.617	-74.9355	76.3628
0.1964	-498.289	-75.0417	76.414
0.204564	-498.968	-75.1488	76.4651
0.212132	-499.771	-75.2762	76.5254
0.218334	-500.538	-75.3991	76.583
0.223328	-501.228	-75.511	76.6354
0.22703	-501.949	-75.6288	76.6899
0.22907	-502.659	-75.7435	76.7436
0.230361	-503.336	-75.852	76.7946
0.230955	-504.049	-75.9654	76.8485
0.230516	-504.778	-76.0813	76.9038
0.229636	-505.505	-76.196	76.9585
0.229318	-506.235	-76.3117	77.0136
0.229339	-506.921	-76.4197	77.0648
0.228786	-507.592	-76.5247	77.1153
0.227635	-508.328	-76.6396	77.1703
0.225979	-509.096	-76.7589	77.2279
0.223202	-509.792	-76.8666	77.2797
0.220338	-510.492	-76.9756	77.3314
0.217619	-511.225	-77.0891	77.3861
0.214435	-511.95	-77.2014	77.4401
0.211888	-512.664	-77.3113	77.4933
0.20801	-513.409	-77.4262	77.5481
0.199764	-514.157	-77.5403	77.6035
