x	y	z	t
0.512049	449.958	73.4357	0.0577603
0.511717	449.236	73.3214	0.111639
0.511591	448.508	73.2062	0.165772
0.51168	447.749	73.0862	0.222084
0.511721	447.024	72.9718	0.275837
0.512017	446.335	72.8631	0.327087
0.512258	445.644	72.7545	0.378558
0.512607	444.898	72.6373	0.433853
0.512697	444.176	72.5238	0.487484
0.512426	443.495	72.4173	0.538323
0.512097	442.766	72.3043	0.592812
0.511726	442.088	72.2003	0.643354
0.5106	441.411	72.0963	0.69392
0.508496	440.68	71.9844	0.7486
0.505992	439.971	71.8757	0.801964
0.503009	439.197	71.7583	0.859698
0.501467	438.461	71.6464	0.914837
0.500088	437.736	71.5339	0.969751
0.496637	437.037	71.4247	1.02248
0.493137	436.325	71.312	1.07588
0.487249	435.572	71.1919	1.13251
0.488887	434.859	71.0787	1.18615
0.491938	434.15	70.9685	1.23978
0.502323	433.462	70.8654	1.29205
0.51866	432.77	70.7661	1.34482
0.534785	432.104	70.6712	1.39518
0.555914	431.399	70.5708	1.44874
0.590067	430.7	70.4722	1.50191
0.616083	430.046	70.3808	1.5521
0.629938	429.309	70.278	1.60807
0.675791	428.617	70.1775	1.66103
0.689184	427.919	70.0724	1.7143
0.717116	427.215	69.9615	1.76806
0.754411	426.533	69.8531	1.81958
0.797783	425.791	69.7299	1.87538
0.848941	424.994	69.5948	1.93465
0.891766	424.237	69.4655	1.99061
0.925797	423.547	69.3436	2.04187
0.95895	422.799	69.205	2.09676
0.997503	422.016	69.0593	2.15397
1.02166	421.315	68.9296	2.20519
1.04077	420.571	68.7961	2.25996
1.05261	419.829	68.6636	2.31454
1.04619	419.072	68.5372	2.37033
1.01864	418.308	68.4166	2.42672
0.982582	417.586	68.3102	2.48026
0.918088	416.88	68.2116	2.53306
0.857521	416.144	68.1196	2.58819
0.768853	415.41	68.0333	2.64354
0.69428	414.715	67.9499	2.69636
0.601872	414.029	67.8672	2.74885
0.4832	413.284	67.7775	2.80665
0.386189	412.576	67.6837	2.86111
0.267126	411.901	67.5897	2.91385
0.168079	411.194	67.4784	2.96904
0.0305096	410.509	67.3628	3.02327
-0.0588701	409.799	67.2315	3.07825
-0.179103	409.086	67.0913	3.13366
-0.255338	408.418	66.9563	3.18431
-0.335946	407.719	66.8134	3.23746
-0.426188	407.001	66.6644	3.29182
-0.478021	406.25	66.5035	3.34787
-0.527994	405.52	66.3575	3.4024
-0.546058	404.835	66.2256	3.45383
-0.545026	404.147	66.1017	3.50577
-0.530896	403.437	65.9875	3.55943
-0.485943	402.742	65.8863	3.61239
-0.43616	402.047	65.8014	3.66565
-0.369128	401.398	65.7292	3.71625
-0.265092	400.711	65.6567	3.77018
-0.184719	400.016	65.5931	3.82528
-0.10011	399.35	65.5267	3.87851
0.0444466	398.709	65.4599	3.93161
0.154226	398.078	65.3894	3.98444
0.24438	397.432	65.2957	4.03727
0.417548	396.799	65.1931	4.09103
0.494298	396.144	65.0725	4.14449
0.600487	395.459	64.9393	4.19944
0.715342	394.823	64.8083	4.24965
0.82252	394.163	64.6702	4.30059
0.942418	393.408	64.5108	4.35772
1.03895	392.637	64.3539	4.41496
1.0944	391.882	64.2099	4.47068
1.13849	391.153	64.074	4.52439
1.15939	390.396	63.9449	4.5804
1.16281	389.628	63.8209	4.63715
1.14474	388.911	63.7126	4.69052
1.09187	388.204	63.613	4.74366
1.03529	387.508	63.5252	4.79639
0.962465	386.776	63.4356	4.85176
0.849912	386.06	63.3601	4.90686
0.71757	385.354	63.2847	4.96268
0.607715	384.635	63.2157	5.01979
0.462361	383.955	63.1486	5.07428
0.337857	383.276	63.0687	5.12837
0.195521	382.627	62.9836	5.18128
0.016684	382.026	62.8913	5.23138
-0.118286	381.383	62.7786	5.28322
-0.229357	380.733	62.6452	5.33483
-0.330061	380.041	62.5035	5.38828
-0.471114	379.342	62.3591	5.44305
-0.568599	378.646	62.2087	5.49654
-0.651422	377.964	62.0681	5.54841
-0.727318	377.292	61.9304	5.5987
-0.79619	376.582	61.7905	5.65182
-0.832129	375.889	61.6572	5.70369
-0.850998	375.213	61.5285	5.75451
-0.847635	374.53	61.4137	5.80596
-0.820985	373.828	61.3083	5.8592
-0.762834	373.131	61.2228	5.91234
-0.690929	372.475	61.1474	5.96314
-0.60427	371.77	61.0789	6.0187
-0.474795	371.082	61.0055	6.07322
-0.388321	370.447	60.9463	6.12455
-0.290215	369.809	60.8781	6.17609
-0.128128	369.162	60.8046	6.23113
-0.0213347	368.49	60.7229	6.28713
0.0929226	367.845	60.6285	6.33999
0.233464	367.236	60.5269	6.39059
0.361345	366.603	60.4097	6.44235
0.463595	365.904	60.2647	6.49813
0.599119	365.212	60.1193	6.55281
0.69617	364.504	59.9608	6.60684
0.784375	363.801	59.813	6.65965
0.865725	363.088	59.6693	6.71296
0.908984	362.396	59.5373	6.76479
0.929875	361.718	59.4159	6.81541
0.931648	360.968	59.2957	6.87125
0.905039	360.228	59.1895	6.92636
0.862359	359.535	59.1015	6.97822
0.793217	358.831	59.0199	7.03131
0.682737	358.126	58.9443	7.08504
0.587842	357.416	58.8789	7.13941
0.441421	356.735	58.8103	7.19278
0.335467	356.095	58.7445	7.24329
0.206559	355.453	58.6712	7.29468
0.103339	354.744	58.5795	7.35044
-0.0610475	354.087	58.4796	7.40348
-0.169938	353.453	58.374	7.4541
-0.257422	352.807	58.2499	7.50526
-0.377718	352.112	58.1135	7.56069
-0.508842	351.447	57.9739	7.61265
-0.593378	350.761	57.8168	7.66528
-0.673563	350.097	57.6692	7.71622
-0.747189	349.414	57.5223	7.76862
-0.79548	348.718	57.3787	7.82162
-0.829751	348.053	57.2483	7.87165
-0.826901	347.368	57.128	7.9236
-0.797737	346.687	57.0186	7.97532
-0.744853	346.016	56.9258	8.0266
-0.685658	345.314	56.8399	8.08007
-0.583683	344.627	56.7674	8.13321
-0.504988	343.943	56.7108	8.1864
-0.423849	343.306	56.6562	8.23669
-0.324991	342.608	56.5909	8.29258
-0.196639	341.982	56.5332	8.34379
-0.131352	341.327	56.4695	8.39656
-0.0390381	340.7	56.3875	8.44803
0.062731	340.066	56.2882	8.5
0.174285	339.392	56.1572	8.55595
0.295863	338.751	56.0202	8.60817
0.462465	338.094	55.8706	8.66156
0.553205	337.382	55.697	8.71741
0.691369	336.655	55.5332	8.77427
0.767505	335.94	55.3705	8.8293
0.832602	335.282	55.2353	8.87959
0.898346	334.543	55.0955	8.93602
0.920776	333.867	54.9813	8.98719
0.924097	333.147	54.8717	9.0421
0.900172	332.439	54.778	9.09558
0.855152	331.755	54.6951	9.14741
0.796467	331.057	54.6165	9.20046
0.72128	330.384	54.5465	9.25193
0.635965	329.734	54.4843	9.30215
0.503125	329.055	54.4212	9.35502
0.408464	328.31	54.3553	9.41243
0.263868	327.616	54.2901	9.46727
0.138667	326.964	54.2177	9.51929
0.0225305	326.312	54.1378	9.57126
-0.137633	325.679	54.0498	9.62261
-0.22091	324.962	53.936	9.67831
-0.341541	324.32	53.8211	9.72918
-0.465001	323.666	53.6932	9.78092
-0.573768	323	53.5534	9.83255
-0.692565	322.298	53.3917	9.88643
-0.768708	321.577	53.2311	9.94086
-0.844995	320.915	53.0806	9.99114
-0.92713	320.2	52.9271	10.0456
-0.968541	319.535	52.7843	10.096
-0.990003	318.849	52.6581	10.1477
-0.991968	318.143	52.5434	10.2014
-0.972971	317.45	52.4423	10.2546
-0.928908	316.796	52.3603	10.3052
-0.878398	316.108	52.2948	10.3587
-0.767709	315.433	52.2344	10.412
-0.674838	314.805	52.1853	10.4623
-0.573205	314.141	52.1309	10.5159
-0.492016	313.466	52.0795	10.5713
-0.324873	312.817	52.023	10.6267
-0.207134	312.187	51.9523	10.679
-0.0749759	311.547	51.8655	10.7331
0.0900335	310.941	51.7703	10.7848
0.248656	310.356	51.6616	10.8353
0.350858	309.674	51.5177	10.8913
0.52443	309.021	51.3759	10.9446
0.61757	308.331	51.2125	10.9989
0.752865	307.619	51.0532	11.0547
0.837943	306.915	50.8902	11.109
0.926109	306.203	50.7432	11.163
0.982008	305.481	50.6002	11.2183
1.02137	304.763	50.4759	11.2728
1.03569	304.022	50.3577	11.3292
1.02176	303.279	50.2487	11.3859
0.990747	302.571	50.1589	11.4404
0.928163	301.909	50.082	11.4914
0.818518	301.245	50.0124	11.5439
0.753186	300.555	49.9514	11.5975
0.646928	299.85	49.8829	11.6525
0.486502	299.182	49.8188	11.7057
0.372901	298.542	49.7592	11.757
0.234146	297.93	49.6865	11.8071
0.130479	297.284	49.5966	11.8589
-0.0135698	296.608	49.4872	11.9136
-0.173251	295.956	49.3691	11.9661
-0.270992	295.269	49.2316	12.0202
-0.368111	294.612	49.0975	12.0713
-0.469795	293.939	48.9556	12.1235
-0.60163	293.253	48.8059	12.1763
-0.68029	292.543	48.6427	12.2296
-0.744557	291.867	48.496	12.2803
-0.808627	291.094	48.3348	12.338
-0.839663	290.313	48.1888	12.3961
-0.839784	289.598	48.0609	12.4493
-0.820984	288.875	47.944	12.5035
-0.779748	288.157	47.8416	12.5576
-0.727167	287.437	47.7517	12.6119
-0.62941	286.673	47.6716	12.6703
-0.50357	285.966	47.5998	12.7256
-0.412085	285.298	47.5464	12.7787
-0.270178	284.606	47.4826	12.835
-0.144968	283.951	47.4313	12.8894
0.0121663	283.303	47.3633	12.9439
0.12994	282.704	47.2907	12.9948
0.248153	282.12	47.2047	13.0453
0.351598	281.523	47.1038	13.0955
0.493	280.877	46.9777	13.1501
0.62603	280.249	46.8489	13.2016
0.780019	279.592	46.7108	13.2543
0.882091	278.942	46.5719	13.305
0.959551	278.214	46.4177	13.3606
1.02503	277.524	46.2828	13.4126
1.0893	276.83	46.1557	13.4648
1.12253	276.087	46.0265	13.5208
1.1344	275.356	45.9076	13.576
1.12798	274.642	45.7965	13.6301
1.09138	273.916	45.6894	13.6849
1.04168	273.258	45.5991	13.7352
0.981767	272.57	45.5161	13.7885
0.896293	271.886	45.4369	13.8422
0.8119	271.247	45.3695	13.8928
0.695124	270.607	45.3059	13.9438
0.567307	269.929	45.2434	13.9992
0.446872	269.287	45.1757	14.0519
0.240831	268.671	45.106	14.1056
0.106669	268.009	45.0241	14.161
-0.0318112	267.396	44.933	14.2115
-0.15617	266.753	44.8262	14.2629
-0.311597	266.084	44.7044	14.3163
-0.409475	265.375	44.5625	14.3723
-0.567284	264.694	44.4221	14.4258
-0.65452	263.963	44.2597	14.4812
-0.738773	263.244	44.1044	14.5356
-0.830776	262.578	43.9588	14.5862
-0.878112	261.906	43.8158	14.6367
-0.92968	261.199	43.6705	14.6896
-0.95349	260.501	43.5431	14.7417
-0.957727	259.805	43.4257	14.7938
-0.940722	259.128	43.324	14.8448
-0.899306	258.445	43.2317	14.8964
-0.844772	257.705	43.1448	14.9529
-0.747047	257.031	43.0701	15.0048
-0.695848	256.383	43.0016	15.0549
-0.594565	255.72	42.9399	15.1078
-0.477014	255.096	42.8778	15.1579
-0.371659	254.455	42.81	15.2093
-0.204291	253.782	42.7294	15.2652
-0.0904567	253.168	42.6468	15.3156
0.0254344	252.545	42.5477	15.3686
0.16354	251.916	42.4363	15.4217
0.338813	251.267	42.3115	15.4758
0.468419	250.598	42.166	15.5297
0.581104	249.947	42.024	15.5812
0.689941	249.297	41.8807	15.6316
0.79947	248.567	41.7264	15.6874
0.86291	247.866	41.5753	15.74
0.907436	247.132	41.4328	15.7953
0.91925	246.387	41.2946	15.8511
0.911769	245.653	41.1708	15.9063
0.885873	244.965	41.0642	15.9582
0.833161	244.248	40.9622	16.0129
0.754785	243.545	40.8714	16.0673
0.673341	242.853	40.7974	16.1213
0.583715	242.193	40.7295	16.1731
0.430497	241.506	40.6692	16.2289
0.296539	240.836	40.6045	16.2839
0.157672	240.196	40.5403	16.3376
0.0300464	239.574	40.4795	16.3911
-0.125724	238.946	40.4016	16.4453
-0.272887	238.292	40.3074	16.5014
-0.453409	237.661	40.2002	16.5563
-0.575677	237.03	40.0738	16.6099
-0.738311	236.355	39.9356	16.6659
-0.866278	235.689	39.7869	16.7188
-0.977173	235.016	39.6438	16.7711
-1.07748	234.338	39.5015	16.8235
-1.18018	233.676	39.367	16.8741
-1.23685	233.012	39.2411	16.9243
-1.28611	232.28	39.1108	16.9788
-1.3021	231.57	38.9957	17.0317
-1.29477	230.843	38.8859	17.0856
-1.26769	230.11	38.7859	17.1411
-1.20416	229.414	38.698	17.1941
-1.12904	228.703	38.6195	17.2487
-1.0376	228.069	38.5509	17.2987
-0.947051	227.433	38.4846	17.349
-0.809436	226.742	38.4114	17.405
-0.73376	226.12	38.3449	17.4551
-0.583151	225.462	38.2764	17.5095
-0.452885	224.849	38.2037	17.5604
-0.293605	224.191	38.1155	17.6157
-0.104747	223.585	38.0207	17.6681
0.0391185	222.942	37.9048	17.7223
0.213892	222.226	37.7662	17.7801
0.393391	221.534	37.629	17.8353
0.510298	220.853	37.484	17.8884
0.631809	220.197	37.3498	17.9391
0.73072	219.516	37.2136	17.991
0.831214	218.797	37.0747	18.045
0.88928	218.047	36.9321	18.1014
0.929763	217.379	36.813	18.1515
0.949846	216.702	36.6994	18.2021
0.95788	216.003	36.5871	18.2544
0.941629	215.277	36.477	18.3092
0.900524	214.557	36.3725	18.3639
0.843401	213.851	36.2764	18.4179
0.772339	213.176	36.1946	18.4696
0.678052	212.454	36.1065	18.5256
0.588037	211.757	36.0331	18.5804
0.482828	211.064	35.9582	18.6351
0.370467	210.389	35.8962	18.6891
0.250295	209.712	35.8252	18.7432
0.113056	209.095	35.7601	18.7945
-0.0203943	208.472	35.6872	18.8454
-0.198521	207.869	35.6062	18.8985
-0.326831	207.229	35.509	18.9527
-0.456033	206.609	35.4008	19.0041
-0.588003	205.945	35.2758	19.058
-0.688891	205.317	35.1504	19.1081
-0.75873	204.624	35.0038	19.1623
-0.845219	203.945	34.8619	19.215
-0.948046	203.24	34.7145	19.2682
-0.986933	202.533	34.5603	19.3208
-1.02469	201.853	34.4224	19.3716
-1.0451	201.085	34.2793	19.4289
-1.03165	200.402	34.1516	19.4799
-1.00224	199.692	34.0308	19.533
-0.95371	198.991	33.922	19.586
-0.863917	198.231	33.8185	19.6438
-0.769997	197.513	33.7368	19.6992
-0.685752	196.818	33.6616	19.7526
-0.55725	196.153	33.5963	19.8051
-0.444557	195.512	33.5385	19.8563
-0.316813	194.898	33.4861	19.9066
-0.224717	194.223	33.4288	19.9623
-0.0886645	193.565	33.3543	20.0166
0.0485695	192.941	33.2711	20.0688
0.156093	192.276	33.1624	20.1249
0.302979	191.654	33.0459	20.1776
0.399372	191.007	32.9075	20.2305
0.516548	190.361	32.7691	20.2813
0.679639	189.61	32.6002	20.3397
0.757	188.941	32.4537	20.3904
0.858045	188.23	32.3054	20.4447
0.918347	187.557	32.1698	20.4953
0.965415	186.818	32.0288	20.5503
0.999714	186.123	31.9103	20.6019
1.01303	185.389	31.7939	20.6569
1.00709	184.669	31.6903	20.7113
0.983805	184.003	31.6019	20.7617
0.934256	183.304	31.5161	20.8148
0.851417	182.603	31.4356	20.8692
0.774568	181.902	31.3665	20.9244
0.656938	181.214	31.3038	20.9797
0.549197	180.597	31.244	21.0298
0.418086	179.98	31.1819	21.081
0.341602	179.325	31.1075	21.1344
0.159021	178.725	31.0334	21.1871
0.0619174	178.095	30.9457	21.2399
-0.0913849	177.52	30.8488	21.2903
-0.28012	176.893	30.7311	21.3442
-0.408637	176.236	30.5976	21.3974
-0.464792	175.551	30.445	21.451
-0.572585	174.856	30.2947	21.5056
-0.663496	174.156	30.1333	21.5603
-0.716005	173.439	29.9799	21.615
-0.779378	172.679	29.8166	21.6721
-0.805465	171.964	29.679	21.7258
-0.813756	171.215	29.545	21.7822
-0.795858	170.47	29.4237	21.838
-0.760817	169.794	29.3261	21.8892
-0.699171	169.066	29.2366	21.9451
-0.602341	168.301	29.1546	22.0039
-0.524958	167.63	29.0885	22.0556
-0.375791	166.931	29.0301	22.1107
-0.256413	166.299	28.9731	22.161
-0.0767963	165.617	28.9062	22.2173
0.0318429	164.941	28.8378	22.2727
0.20807	164.3	28.7555	22.3264
0.343121	163.67	28.6601	22.3786
0.418864	162.98	28.5376	22.435
0.567089	162.312	28.4019	22.4907
0.719516	161.618	28.2613	22.5473
0.87507	160.966	28.1252	22.5991
0.966976	160.223	27.9707	22.6563
1.08209	159.523	27.8291	22.7102
1.14907	158.845	27.7033	22.7613
1.20817	158.11	27.5754	22.8164
1.23102	157.358	27.4511	22.8723
1.24034	156.644	27.3396	22.9258
1.23288	155.972	27.2394	22.9767
1.18971	155.212	27.1314	23.0344
1.1362	154.505	27.0346	23.0881
1.08472	153.817	26.9468	23.141
1.01529	153.128	26.8594	23.1947
0.886254	152.418	26.7787	23.2514
0.784136	151.747	26.7039	23.304
0.631435	151.129	26.6398	23.3547
0.467699	150.468	26.5667	23.4096
0.383933	149.792	26.4905	23.4644
0.212684	149.178	26.4115	23.5171
0.105587	148.527	26.3163	23.5705
0.00630477	147.887	26.2095	23.622
-0.129445	147.277	26.0955	23.672
-0.300482	146.63	25.9668	23.7264
-0.401477	145.972	25.8307	23.7791
-0.50311	145.285	25.6806	23.8326
-0.620246	144.57	25.5318	23.8881
-0.67752	143.853	25.3772	23.9428
-0.7285	143.182	25.242	23.994
-0.782571	142.46	25.1051	24.0486
-0.809768	141.785	24.9819	24.0993
-0.82116	141.097	24.8631	24.1506
-0.817752	140.424	24.7564	24.2011
-0.796382	139.731	24.6568	24.2538
-0.764672	139.054	24.5679	24.3047
-0.705386	138.333	24.4817	24.3589
-0.60793	137.671	24.4123	24.4097
-0.534883	136.905	24.3383	24.4688
-0.442279	136.227	24.2805	24.5223
-0.322396	135.556	24.2148	24.5754
-0.174137	134.9	24.1445	24.6283
-0.0603251	134.263	24.0671	24.6808
0.0801157	133.639	23.97	24.7328
0.234368	132.942	23.8488	24.7904
0.373627	132.316	23.7174	24.8429
0.473111	131.614	23.5687	24.8976
0.591812	130.928	23.4086	24.9519
0.740582	130.215	23.2537	25.0073
0.858396	129.487	23.0958	25.0629
0.956619	128.724	22.9475	25.12
1.01453	127.977	22.8068	25.1756
1.05075	127.247	22.6819	25.2302
1.0648	126.545	22.5695	25.2828
1.05792	125.84	22.4663	25.3358
1.01573	125.118	22.3706	25.3902
0.951843	124.456	22.2926	25.4408
0.907687	123.739	22.2177	25.4961
0.783996	123.002	22.1455	25.5546
0.679191	122.353	22.0838	25.6064
0.515779	121.715	22.0283	25.6587
0.413549	121.038	21.9723	25.714
0.222863	120.415	21.9087	25.768
0.115569	119.787	21.8321	25.8197
-0.00395973	119.173	21.7398	25.8709
-0.165965	118.566	21.6283	25.9236
-0.295553	117.931	21.4992	25.9768
-0.409581	117.275	21.3505	26.0314
-0.498534	116.61	21.2029	26.0844
-0.657973	115.949	21.0551	26.1374
-0.73677	115.263	20.8975	26.1912
-0.795303	114.565	20.752	26.2452
-0.861326	113.914	20.6228	26.2963
-0.889971	113.252	20.5016	26.3469
-0.903103	112.526	20.3761	26.4024
-0.905974	111.862	20.2693	26.4536
-0.891416	111.157	20.1687	26.5079
-0.827671	110.499	20.084	26.5593
-0.752054	109.852	20.0125	26.6098
-0.689876	109.186	19.9552	26.6618
-0.558274	108.521	19.8961	26.7145
-0.44427	107.862	19.8384	26.7675
-0.251575	107.242	19.793	26.8213
-0.13978	106.541	19.7188	26.8778
0.0290968	105.899	19.6412	26.9313
0.188522	105.298	19.5484	26.9824
0.330248	104.614	19.4281	27.0383
0.383015	103.967	19.2999	27.0893
0.56348	103.345	19.1649	27.14
0.674969	102.652	19.0054	27.1937
0.791271	101.996	18.8596	27.2442
0.885931	101.322	18.7172	27.2952
1.00296	100.564	18.5642	27.3522
1.06604	99.861	18.4348	27.4046
1.11611	99.1797	18.3178	27.4557
1.14825	98.4741	18.2041	27.5089
1.16012	97.7331	18.0936	27.5647
1.14219	96.9993	17.9909	27.6204
1.11193	96.2834	17.9002	27.6747
1.05165	95.6031	17.8176	27.7264
0.967477	94.9424	17.7442	27.7774
0.873142	94.2867	17.6755	27.8285
0.781678	93.5914	17.6095	27.8826
0.659026	92.8993	17.5386	27.9373
0.500279	92.2182	17.4715	27.9937
0.37408	91.6098	17.4012	28.0438
0.170406	90.9783	17.3163	28.0985
0.0397826	90.3534	17.2175	28.1501
-0.109102	89.7074	17.0979	28.204
-0.220159	89.0635	16.9676	28.2559
-0.346409	88.428	16.8308	28.3077
-0.482861	87.7623	16.6745	28.3617
-0.600951	87.1178	16.5275	28.4123
-0.69294	86.4105	16.3745	28.467
-0.735834	85.6951	16.2279	28.5216
-0.77951	85.0004	16.0904	28.5747
-0.812311	84.3156	15.9724	28.6272
-0.826108	83.645	15.8661	28.678
-0.826564	82.9595	15.7641	28.7307
-0.826742	82.2514	15.6688	28.7848
-0.753712	81.5911	15.5881	28.8365
-0.724988	80.8714	15.5104	28.8922
-0.659131	80.1911	15.436	28.9462
-0.559745	79.5258	15.3652	29
-0.498563	78.8215	15.2952	29.0576
-0.415751	78.2213	15.232	29.1076
-0.339032	77.5462	15.153	29.1642
-0.186924	76.9173	15.0643	29.2193
-0.0646165	76.3338	14.9721	29.2726
0.0508901	75.7325	14.8656	29.3227
0.223736	75.1401	14.7502	29.3731
0.392156	74.4367	14.6111	29.4299
0.512017	73.7864	14.4776	29.4806
0.640623	73.0888	14.3324	29.5344
0.757763	72.3606	14.1937	29.59
0.841306	71.6567	14.0612	29.6435
0.902978	70.9319	13.9363	29.6977
0.95861	70.2377	13.8209	29.7498
0.99663	69.5534	13.7107	29.801
1.01065	68.8187	13.5963	29.8564
1.00532	68.1346	13.492	29.9083
0.979865	67.3858	13.3796	29.9644
0.940903	66.6562	13.2711	30.0197
0.874995	65.921	13.1663	30.0756
0.787564	65.2376	13.0718	30.1283
0.71752	64.5621	12.983	30.1796
0.626894	63.8123	12.8941	30.2371
0.484053	63.149	12.8197	30.2901
0.365164	62.511	12.7513	30.3416
0.259154	61.8033	12.6779	30.3989
0.135243	61.1192	12.5998	30.4538
-0.00138256	60.4887	12.5159	30.5063
-0.114223	59.8596	12.418	30.5578
-0.307812	59.2632	12.315	30.6105
-0.401578	58.5699	12.1816	30.6667
-0.508977	57.935	12.0546	30.718
-0.65464	57.2342	11.905	30.7743
-0.789303	56.5658	11.765	30.8274
-0.88784	55.8574	11.6201	30.8822
-0.948813	55.1649	11.4755	30.9352
-1.02105	54.4872	11.3441	30.9866
-1.06102	53.7789	11.214	31.0401
-1.08143	53.0777	11.0888	31.0935
-1.0857	52.3823	10.9726	31.1463
-1.06821	51.6504	10.8553	31.202
-1.04566	50.9362	10.7478	31.2564
-0.990142	50.2545	10.6511	31.3086
-0.917738	49.5673	10.5595	31.3617
-0.837145	48.9274	10.4814	31.4119
-0.763582	48.2181	10.4058	31.4678
-0.665076	47.5623	10.3386	31.5206
-0.547858	46.9528	10.28	31.5722
-0.399728	46.4072	10.2357	31.6241
-0.272686	45.8275	10.1708	31.676
-0.161669	45.2128	10.0908	31.7287
-0.0282007	44.6585	10.0039	31.7825
0.102466	44.014	9.88259	31.839
0.293415	43.4015	9.7548	31.8919
0.388639	42.6963	9.59401	31.9476
0.547991	41.95	9.42172	32.0061
0.64198	41.2293	9.26723	32.0604
0.768796	40.47	9.1089	32.1179
0.851238	39.7457	8.97295	32.1726
0.910885	38.9959	8.83827	32.2288
0.939074	38.3267	8.72659	32.2791
0.946937	37.6334	8.61668	32.3309
0.937597	36.9089	8.5085	32.3856
0.905628	36.1803	8.40569	32.4405
0.825945	35.5087	8.31983	32.4915
0.754875	34.8451	8.24094	32.5422
0.642203	34.1775	8.17153	32.5951
0.544725	33.4925	8.09511	32.6487
0.351576	32.8618	8.02924	32.7015
0.210586	32.2306	7.96611	32.7529
0.10379	31.5272	7.89811	32.8102
-0.102113	30.9359	7.83251	32.8627
-0.223238	30.3584	7.75662	32.9136
-0.455326	29.7774	7.66085	32.9691
-0.520499	29.1569	7.54302	33.0191
-0.732441	28.5486	7.41484	33.0718
-0.848321	27.9143	7.27534	33.1229
-0.958302	27.2654	7.12204	33.1753
-1.11484	26.6323	6.98279	33.2268
-1.21651	25.9696	6.84557	33.2784
-1.30918	25.2906	6.71636	33.3309
-1.36546	24.6332	6.59984	33.381
-1.39605	23.924	6.48325	33.4349
-1.39574	23.2004	6.37122	33.4905
-1.3774	22.5259	6.27211	33.5418
-1.35726	21.8171	6.17785	33.5962
-1.2757	21.0918	6.0854	33.6527
-1.15656	20.4429	6.01891	33.7055
-1.06526	19.7606	5.94409	33.7597
-0.903024	19.119	5.88459	33.8134
-0.728217	18.4966	5.8201	33.8675
-0.522529	17.929	5.76023	33.9196
-0.366071	17.3708	5.69508	33.9709
-0.273463	16.7358	5.60869	34.0249
-0.088746	16.1111	5.50792	34.0802
-0.0168797	15.4704	5.38738	34.1338
0.109823	14.84	5.25987	34.1871
0.269701	14.2035	5.12307	34.241
0.384421	13.5348	4.97159	34.2946
0.514186	12.8665	4.83049	34.3462
0.589117	12.2009	4.69623	34.3963
0.677192	11.4738	4.55999	34.451
0.720004	10.7276	4.42791	34.5068
0.749267	9.99095	4.30688	34.5619
0.757945	9.27613	4.19441	34.6149
0.744523	8.57866	4.08925	34.667
0.696379	7.84435	3.98199	34.7219
0.647044	7.10032	3.8794	34.7777
0.586542	6.39557	3.78673	34.8304
0.482356	5.6955	3.69881	34.8836
0.405792	4.97752	3.61852	34.9387
0.286696	4.26485	3.54375	34.9945
0.195363	3.5464	3.46149	35.0508
0.0308667	2.89622	3.3882	35.1036
-0.103807	2.25078	3.31382	35.1585
-0.248423	1.60155	3.22297	35.2127
-0.369004	0.985178	3.12345	35.2652
-0.446179	0.309698	3.00102	35.3192
-0.582001	-0.388343	2.85771	35.3756
-0.696865	-1.04279	2.72006	35.4281
-0.817609	-1.73306	2.57563	35.4822
-0.871162	-2.41161	2.42978	35.5346
-0.94015	-3.08803	2.29621	35.5864
-0.984867	-3.80711	2.16329	35.6407
-1.01604	-4.49912	2.04362	35.6936
-1.02542	-5.19118	1.92911	35.7469
-1.00971	-5.92397	1.81711	35.8031
-0.98585	-6.58637	1.72236	35.8541
-0.957621	-7.28453	1.63429	35.9082
-0.865834	-7.94747	1.55674	35.9605
-0.78111	-8.57947	1.48816	36.0108
-0.704359	-9.28919	1.41717	36.0668
-0.593674	-9.91399	1.35376	36.117
-0.408895	-10.5154	1.29236	36.169
-0.36445	-11.1679	1.21992	36.2214
-0.307107	-11.7907	1.14592	36.2722
-0.202203	-12.3857	1.06669	36.3228
-0.130882	-13.0435	0.96135	36.3781
0.0759606	-13.643	0.85246	36.4325
0.162992	-14.267	0.728968	36.4843
0.261519	-14.8743	0.594033	36.535
0.347001	-15.5328	0.453631	36.5869
0.448895	-16.2001	0.313348	36.6387
0.538726	-16.8543	0.182909	36.6891
0.614733	-17.5471	0.0556558	36.7419
0.682921	-18.2563	-0.0656884	36.7957
0.727636	-19.0259	-0.188137	36.8532
0.753772	-19.7678	-0.301813	36.9089
0.755384	-20.4586	-0.404158	36.9607
0.748613	-21.1337	-0.500764	37.0119
0.723927	-21.8367	-0.593975	37.0652
0.685762	-22.5353	-0.685522	37.1178
0.6318	-23.2487	-0.776006	37.1715
0.566895	-23.9106	-0.855071	37.222
0.452486	-24.6153	-0.933599	37.2767
0.347378	-25.3212	-1.01597	37.3317
0.210246	-25.9975	-1.09338	37.3846
0.118439	-26.666	-1.16799	37.4372
-0.040174	-27.3698	-1.25649	37.4945
-0.163445	-28.0538	-1.35586	37.5495
-0.293411	-28.6838	-1.46035	37.6006
-0.395668	-29.3421	-1.58204	37.6523
-0.494404	-30.0582	-1.72982	37.7087
-0.57258	-30.7163	-1.86977	37.7602
-0.642588	-31.3702	-2.01229	37.8112
-0.754353	-32.0544	-2.16051	37.8646
-0.806849	-32.7319	-2.3121	37.9165
-0.857942	-33.3906	-2.4467	37.9671
-0.909284	-34.1145	-2.58303	38.0226
-0.934716	-34.8007	-2.70406	38.0755
-0.93246	-35.5865	-2.82827	38.1353
-0.895595	-36.3077	-2.93244	38.1906
-0.815431	-37.0027	-3.02248	38.2445
-0.75448	-37.7012	-3.09928	38.2987
-0.638011	-38.3785	-3.17082	38.3526
-0.570564	-39.0292	-3.23252	38.4034
-0.451903	-39.6563	-3.27809	38.4563
-0.269831	-40.2596	-3.33128	38.511
-0.170628	-40.8492	-3.3923	38.5613
-0.0478522	-41.4181	-3.46267	38.6164
0.0354861	-42.0312	-3.56033	38.6678
0.146733	-42.6184	-3.66698	38.7184
0.300834	-43.2502	-3.79348	38.7724
0.486802	-43.817	-3.91771	38.8237
0.641258	-44.4176	-4.05146	38.8747
0.763814	-45.1252	-4.20866	38.9311
0.878521	-45.81	-4.34826	38.9847
0.979557	-46.4542	-4.47786	39.0353
1.04423	-47.1222	-4.59779	39.0864
1.08958	-47.8067	-4.71278	39.1383
1.12425	-48.5209	-4.82183	39.192
1.13952	-49.2197	-4.92458	39.2448
1.1429	-49.9087	-5.02625	39.2971
1.13063	-50.6266	-5.13411	39.3512
1.09592	-51.3775	-5.25202	39.408
1.04837	-52.1153	-5.36774	39.4638
1.0023	-52.8139	-5.4743	39.5163
0.965487	-53.5537	-5.57809	39.5715
0.874428	-54.2376	-5.66675	39.6241
0.788325	-54.8982	-5.74569	39.6748
0.722548	-55.67	-5.8286	39.7343
0.628502	-56.3777	-5.89783	39.7902
0.521027	-57.0614	-5.97347	39.8447
0.420016	-57.7812	-6.05643	39.9026
0.316157	-58.4448	-6.14322	39.9558
0.220584	-59.0683	-6.23789	40.0061
0.0714162	-59.7454	-6.35271	40.0623
-0.0511049	-60.4218	-6.47749	40.1168
-0.141154	-61.1591	-6.61366	40.1744
-0.233567	-61.8282	-6.74607	40.2258
-0.321304	-62.4875	-6.87373	40.2761
-0.416005	-63.218	-7.01175	40.332
-0.475509	-63.8978	-7.14041	40.3837
-0.539634	-64.6388	-7.2802	40.4395
-0.580684	-65.3107	-7.4001	40.4901
-0.611609	-66.0839	-7.53224	40.5482
-0.622102	-66.8015	-7.65058	40.6026
-0.620499	-67.5074	-7.76557	40.6563
-0.601862	-68.2325	-7.87874	40.7108
-0.550204	-68.9493	-7.98551	40.7655
-0.513411	-69.6503	-8.08364	40.8189
-0.460299	-70.3186	-8.17299	40.8705
-0.402449	-71.0068	-8.25976	40.9232
-0.338484	-71.7071	-8.33747	40.9777
-0.282355	-72.3679	-8.41059	41.0298
-0.161868	-73.0005	-8.48194	41.0827
0.0113897	-73.5836	-8.55071	41.1346
0.101533	-74.2399	-8.63727	41.1895
0.229146	-74.8892	-8.73636	41.2436
0.277049	-75.5548	-8.8484	41.2974
0.418567	-76.1837	-8.96174	41.3504
0.50821	-76.8046	-9.07885	41.4005
0.618333	-77.449	-9.20224	41.451
0.729707	-78.1366	-9.33387	41.5049
0.790944	-78.8835	-9.47672	41.5621
0.868552	-79.5438	-9.59681	41.6125
0.911042	-80.2634	-9.72367	41.6669
0.930906	-80.9714	-9.84274	41.7205
0.943158	-81.6344	-9.95226	41.7709
0.940547	-82.3589	-10.068	41.826
0.923737	-83.0995	-10.1798	41.8818
0.88691	-83.8501	-10.2863	41.9386
0.817115	-84.5941	-10.388	41.9955
0.771594	-85.3144	-10.4767	42.0511
0.660248	-86.0235	-10.5584	42.1072
0.57677	-86.7374	-10.6432	42.163
0.50659	-87.417	-10.7167	42.2162
0.362116	-88.0904	-10.7973	42.2711
0.269102	-88.7261	-10.8773	42.3217
0.103597	-89.4002	-10.9728	42.3773
-0.052381	-90.0708	-11.0788	42.4323
-0.177535	-90.7128	-11.1913	42.4832
-0.289512	-91.4258	-11.327	42.5388
-0.432738	-92.108	-11.4608	42.5927
-0.533984	-92.8324	-11.6115	42.6484
-0.62433	-93.5163	-11.7515	42.7005
-0.709097	-94.1824	-11.8873	42.7512
-0.750905	-94.8465	-12.0192	42.8015
-0.819863	-95.5597	-12.1541	42.8558
-0.842595	-96.319	-12.2926	42.9131
-0.856415	-97.0153	-12.4099	42.9657
-0.848377	-97.7594	-12.5236	43.0224
-0.818695	-98.4851	-12.6207	43.0777
-0.787676	-99.1543	-12.7026	43.1293
-0.680788	-99.903	-12.7843	43.1878
-0.604086	-100.622	-12.8635	43.2441
-0.532907	-101.279	-12.9256	43.2972
-0.477987	-101.946	-12.9974	43.3508
-0.408347	-102.604	-13.0719	43.4043
-0.302208	-103.22	-13.149	43.456
-0.276623	-103.905	-13.2483	43.5114
-0.161286	-104.543	-13.3546	43.5654
-0.0847844	-105.192	-13.4809	43.6204
0.0561745	-105.8	-13.608	43.673
0.192969	-106.468	-13.7578	43.7268
0.258848	-107.218	-13.9122	43.7838
0.342077	-107.975	-14.0668	43.8414
0.444234	-108.685	-14.2006	43.8959
0.535186	-109.402	-14.3323	43.9501
0.597121	-110.088	-14.4503	44.002
0.627127	-110.872	-14.5789	44.0609
0.647407	-111.624	-14.6961	44.1177
0.649824	-112.348	-14.805	44.1725
0.620844	-113.055	-14.9076	44.2261
0.60383	-113.785	-15.0062	44.2817
0.55524	-114.464	-15.0952	44.3332
0.518651	-115.169	-15.1839	44.3865
0.434202	-115.851	-15.2612	44.4395
0.367486	-116.527	-15.3393	44.4911
0.251438	-117.173	-15.4115	44.542
0.126761	-117.806	-15.4821	44.5926
-0.0484836	-118.445	-15.557	44.6461
-0.160013	-119.134	-15.6494	44.7022
-0.2794	-119.788	-15.7536	44.7543
-0.343656	-120.465	-15.8783	44.808
-0.478587	-121.169	-16.0154	44.8646
-0.601325	-121.821	-16.1583	44.9173
-0.683817	-122.47	-16.2985	44.9674
-0.754514	-123.129	-16.4411	45.0179
-0.793163	-123.84	-16.589	45.0719
-0.839069	-124.502	-16.7209	45.1225
-0.854641	-125.205	-16.8487	45.1757
-0.864611	-125.956	-16.9732	45.2326
-0.846728	-126.64	-17.0736	45.2849
-0.80531	-127.301	-17.1621	45.3355
-0.754821	-128.006	-17.2406	45.3903
-0.687495	-128.66	-17.3095	45.4416
-0.581707	-129.388	-17.3822	45.4989
-0.484805	-130.035	-17.4495	45.5518
-0.39767	-130.712	-17.523	45.6063
-0.339258	-131.359	-17.59	45.6597
-0.0883205	-131.965	-17.6655	45.7167
-0.00620078	-132.625	-17.7598	45.7711
0.17341	-133.244	-17.864	45.8261
0.234682	-133.871	-17.9856	45.8783
0.383428	-134.489	-18.1123	45.9312
0.551475	-135.17	-18.2528	45.9868
0.629714	-135.824	-18.3889	46.0373
0.731532	-136.472	-18.5237	46.0881
0.834993	-137.166	-18.6515	46.1413
0.904854	-137.902	-18.7782	46.1971
0.963123	-138.622	-18.8963	46.2511
0.992209	-139.351	-19.0103	46.3058
1.0049	-140.022	-19.1119	46.3565
1.01525	-140.734	-19.2134	46.4106
0.981686	-141.48	-19.3169	46.468
0.926358	-142.145	-19.4069	46.5195
0.86124	-142.826	-19.4971	46.5722
0.776407	-143.504	-19.5848	46.6257
0.640857	-144.119	-19.6611	46.6762
0.527643	-144.806	-19.7444	46.7312
0.449326	-145.448	-19.8243	46.7825
0.317992	-146.122	-19.9056	46.8381
0.163245	-146.747	-19.9853	46.8921
0.0698113	-147.465	-20.0855	46.9492
-0.104264	-148.109	-20.1858	47.003
-0.298891	-148.801	-20.307	47.06
-0.409167	-149.436	-20.4306	47.1103
-0.537573	-150.126	-20.5727	47.1646
-0.597906	-150.883	-20.7387	47.2227
-0.690648	-151.552	-20.8822	47.2738
-0.759781	-152.227	-21.0212	47.3247
-0.8238	-152.961	-21.1664	47.38
-0.853915	-153.661	-21.2909	47.4325
-0.86662	-154.369	-21.4085	47.4859
-0.866442	-155.043	-21.5155	47.5363
-0.848581	-155.783	-21.6241	47.5921
-0.795804	-156.546	-21.7266	47.6501
-0.756196	-157.231	-21.8119	47.702
-0.695512	-157.965	-21.8927	47.758
-0.612948	-158.615	-21.9614	47.8082
-0.529181	-159.267	-22.0287	47.8599
-0.463634	-159.914	-22.0954	47.9112
-0.386212	-160.569	-22.1659	47.9642
-0.327851	-161.217	-22.2427	48.0156
-0.239238	-161.881	-22.3311	48.0695
-0.117612	-162.527	-22.4354	48.1237
-0.0282827	-163.138	-22.5459	48.1741
0.0524789	-163.826	-22.6848	48.2298
0.188255	-164.539	-22.8306	48.2868
0.280371	-165.192	-22.971	48.338
0.382156	-165.859	-23.12	48.3901
0.472926	-166.538	-23.2583	48.4427
0.567627	-167.236	-23.3929	48.4961
0.622279	-167.978	-23.5319	48.5517
0.662569	-168.678	-23.6541	48.6044
0.689644	-169.362	-23.7683	48.6559
0.701119	-170.024	-23.8743	48.706
0.696073	-170.712	-23.9803	48.758
0.679614	-171.428	-24.0854	48.8123
0.662006	-172.132	-24.1882	48.8655
0.599229	-172.79	-24.2786	48.9163
0.547565	-173.471	-24.3578	48.9698
0.466979	-174.152	-24.4325	49.0231
0.40236	-174.826	-24.4991	49.0765
0.313828	-175.436	-24.5531	49.1266
0.304697	-176.121	-24.6129	49.1814
0.133443	-176.743	-24.6774	49.2373
-0.0406661	-177.351	-24.7459	49.2924
-0.243052	-177.933	-24.8278	49.3455
-0.297333	-178.608	-24.9388	49.4024
-0.418294	-179.199	-25.0468	49.4537
-0.516458	-179.844	-25.1702	49.5056
-0.560525	-180.569	-25.3168	49.5615
-0.660537	-181.256	-25.4563	49.6146
-0.767719	-181.989	-25.6155	49.6715
-0.843946	-182.667	-25.7594	49.7237
-0.904542	-183.355	-25.9029	49.7763
-0.936028	-184.051	-26.0412	49.8283
-0.952559	-184.809	-26.1811	49.8851
-0.960372	-185.484	-26.2942	49.936
-0.953566	-186.203	-26.4008	49.9904
-0.900467	-186.901	-26.4932	50.0436
-0.866561	-187.576	-26.572	50.0947
-0.781395	-188.234	-26.6414	50.146
-0.712381	-188.911	-26.7007	50.1997
-0.62626	-189.551	-26.7605	50.2515
-0.508205	-190.211	-26.8263	50.3059
-0.359352	-190.814	-26.8929	50.3559
-0.2933	-191.455	-26.9762	50.4076
-0.217227	-192.08	-27.0738	50.4593
-0.140905	-192.749	-27.1904	50.5139
0.0138694	-193.43	-27.3231	50.5706
0.101117	-194.098	-27.4551	50.6231
0.254174	-194.789	-27.5929	50.6787
0.344117	-195.467	-27.7353	50.7319
0.460144	-196.12	-27.8629	50.783
0.554044	-196.794	-27.9871	50.8344
0.579355	-197.483	-28.107	50.886
0.632707	-198.15	-28.2191	50.9366
0.660194	-198.844	-28.3332	50.9889
0.675378	-199.546	-28.4456	51.0417
0.67058	-200.302	-28.5648	51.0988
0.663418	-201.058	-28.6794	51.1561
0.608424	-201.728	-28.7764	51.2071
0.550926	-202.402	-28.871	51.2587
0.483915	-203.092	-28.9612	51.3119
0.421881	-203.773	-29.0491	51.3645
0.39061	-204.494	-29.1356	51.4203
0.309842	-205.192	-29.2203	51.4759
0.259252	-205.918	-29.301	51.533
0.170766	-206.609	-29.3826	51.5877
-0.0317175	-207.151	-29.4451	51.6384
-0.138191	-207.812	-29.5323	51.6931
-0.376745	-208.32	-29.6118	51.7457
-0.435136	-208.949	-29.7224	51.7965
-0.50028	-209.66	-29.8588	51.8528
-0.649762	-210.313	-29.9866	51.9078
-0.777964	-211.047	-30.1362	51.9672
-0.850861	-211.705	-30.2727	52.0179
-0.92733	-212.386	-30.4201	52.0702
-1.01071	-213.065	-30.5569	52.1215
-1.0578	-213.749	-30.687	52.1731
-1.09111	-214.471	-30.8136	52.2276
-1.10726	-215.186	-30.9306	52.2815
-1.09848	-215.93	-31.0432	52.3375
-1.06602	-216.609	-31.137	52.3889
-1.04862	-217.325	-31.2255	52.4435
-0.955245	-218.021	-31.3098	52.4978
-0.853986	-218.66	-31.383	52.5493
-0.825987	-219.396	-31.4642	52.6066
-0.755762	-220.029	-31.536	52.657
-0.67565	-220.69	-31.6107	52.7107
-0.581552	-221.299	-31.6892	52.7617
-0.424473	-221.969	-31.7869	52.8193
-0.311392	-222.631	-31.8928	52.875
-0.188974	-223.257	-32.0038	52.9261
-0.019362	-223.943	-32.1388	52.9841
0.10933	-224.605	-32.2698	53.0373
0.206528	-225.236	-32.3961	53.0873
0.339951	-225.913	-32.5316	53.1398
0.450773	-226.587	-32.6577	53.1915
0.54846	-227.296	-32.7852	53.2456
0.605355	-227.951	-32.9004	53.2957
0.65845	-228.659	-33.0212	53.3491
0.684988	-229.372	-33.1426	53.4022
0.693935	-230.085	-33.2591	53.4559
0.689031	-230.755	-33.3657	53.5067
0.673611	-231.424	-33.4682	53.5575
0.648318	-232.132	-33.5738	53.6112
0.604235	-232.834	-33.6776	53.6647
0.554871	-233.587	-33.7814	53.7223
0.489995	-234.244	-33.8639	53.7731
0.421865	-234.886	-33.9377	53.8234
0.34086	-235.522	-34.005	53.8734
0.172377	-236.147	-34.068	53.9259
0.0245708	-236.773	-34.1327	53.9794
-0.0811313	-237.412	-34.2011	54.0325
-0.147	-238.059	-34.2879	54.0848
-0.254096	-238.714	-34.39	54.138
-0.382064	-239.322	-34.5032	54.1908
-0.510405	-239.915	-34.6231	54.2411
-0.656729	-240.601	-34.7622	54.2987
-0.727135	-241.253	-34.9062	54.3519
-0.847375	-241.945	-35.0501	54.4074
-0.909811	-242.651	-35.2013	54.4616
-0.954189	-243.31	-35.3347	54.5117
-0.971539	-243.977	-35.4603	54.5623
-0.98612	-244.663	-35.5777	54.6145
-0.984454	-245.347	-35.6863	54.6659
-0.958124	-246.01	-35.7823	54.7162
-0.926061	-246.734	-35.8753	54.771
-0.883755	-247.401	-35.9553	54.822
-0.793084	-248.048	-36.0276	54.8722
-0.697725	-248.687	-36.0964	54.9225
-0.575116	-249.409	-36.1785	54.9794
-0.458418	-250.054	-36.2447	55.0329
-0.338056	-250.691	-36.3182	55.085
-0.196597	-251.36	-36.4004	55.1407
-0.0556423	-251.955	-36.4843	55.1907
0.104361	-252.582	-36.5834	55.244
0.244935	-253.23	-36.6939	55.2977
0.349149	-253.851	-36.8074	55.3486
0.464998	-254.486	-36.9324	55.4005
0.54609	-255.2	-37.0683	55.4564
0.662589	-255.873	-37.1994	55.5097
0.719235	-256.534	-37.333	55.5608
0.787649	-257.24	-37.4646	55.6149
0.843172	-257.903	-37.5771	55.6651
0.885957	-258.684	-37.6981	55.7233
0.913142	-259.35	-37.7962	55.774
0.927153	-260.037	-37.8934	55.8263
0.934018	-260.699	-37.9858	55.8767
0.929371	-261.419	-38.0852	55.9317
0.89852	-262.095	-38.1767	55.9842
0.837316	-262.749	-38.2629	56.0357
0.772949	-263.404	-38.3521	56.0876
0.639412	-264.031	-38.4398	56.1392
0.543928	-264.715	-38.5378	56.1941
0.450276	-265.437	-38.643	56.2517
0.327384	-266.129	-38.741	56.3067
0.228849	-266.823	-38.834	56.3618
0.117359	-267.489	-38.9243	56.414
-0.0374106	-268.177	-39.0205	56.4685
-0.144628	-268.851	-39.1146	56.5216
-0.23323	-269.487	-39.2076	56.5716
-0.336472	-270.162	-39.3103	56.6249
-0.412389	-270.823	-39.4188	56.6757
-0.535344	-271.497	-39.5349	56.7281
-0.655781	-272.22	-39.6655	56.785
-0.727079	-272.875	-39.7847	56.8356
-0.788402	-273.566	-39.9153	56.889
-0.827274	-274.287	-40.0642	56.9436
-0.873357	-274.99	-40.2078	56.9965
-0.894459	-275.694	-40.3484	57.0486
-0.921539	-276.389	-40.4789	57.1006
-0.939393	-277.099	-40.5995	57.1546
-0.944793	-277.844	-40.7162	57.2116
-0.926712	-278.597	-40.8252	57.2687
-0.891563	-279.313	-40.9142	57.3233
-0.844403	-279.991	-40.9911	57.3753
-0.800607	-280.665	-41.0657	57.4268
-0.727782	-281.311	-41.1369	57.4768
-0.637268	-282.04	-41.2206	57.5338
-0.531074	-282.701	-41.3029	57.5866
-0.447613	-283.313	-41.3833	57.6371
-0.316268	-283.957	-41.476	57.6891
-0.248586	-284.648	-41.5863	57.7445
-0.180128	-285.367	-41.717	57.8012
-0.0904598	-286.027	-41.8444	57.8534
-0.0279713	-286.676	-41.9738	57.9036
0.0547292	-287.39	-42.1149	57.9585
0.172396	-288.092	-42.258	58.012
0.265092	-288.821	-42.3964	58.0672
0.315085	-289.536	-42.5285	58.1208
0.353932	-290.281	-42.6593	58.1761
0.381434	-290.957	-42.7701	58.2269
0.38243	-291.694	-42.8852	58.2823
0.357443	-292.416	-42.9915	58.3372
0.330388	-293.124	-43.0864	58.3912
0.259212	-293.797	-43.1709	58.4427
0.181603	-294.485	-43.2502	58.4961
0.136843	-295.164	-43.3239	58.5487
0.0437341	-295.795	-43.3902	58.5993
-0.0506513	-296.44	-43.4574	58.6519
-0.122357	-297.103	-43.5447	58.7053
-0.262354	-297.744	-43.6396	58.7591
-0.313202	-298.393	-43.7444	58.8123
-0.460475	-298.996	-43.854	58.8645
-0.580602	-299.62	-43.9769	58.9161
-0.684523	-300.306	-44.1134	58.9711
-0.846898	-300.898	-44.237	59.0211
-0.943438	-301.529	-44.3736	59.0717
-0.985625	-302.177	-44.5063	59.1217
-1.00902	-302.846	-44.6373	59.1732
-1.03657	-303.534	-44.7633	59.2256
-1.03648	-304.284	-44.8892	59.2827
-1.02076	-304.989	-44.9956	59.3366
-0.995478	-305.671	-45.0879	59.3883
-0.922119	-306.375	-45.1692	59.4421
-0.900953	-307.102	-45.2527	59.4972
-0.790116	-307.8	-45.3224	59.5525
-0.686343	-308.455	-45.3933	59.6049
-0.586158	-309.12	-45.4688	59.6588
-0.484342	-309.743	-45.5484	59.709
-0.466453	-310.411	-45.6466	59.7614
-0.396419	-311.081	-45.7585	59.8157
-0.249914	-311.74	-45.877	59.8706
-0.156292	-312.393	-46.0065	59.924
-0.0455376	-313.054	-46.1363	59.9762
0.0364555	-313.698	-46.264	60.0263
0.164077	-314.393	-46.3964	60.0807
0.236474	-315.121	-46.5276	60.1366
0.31513	-315.844	-46.6424	60.1913
0.364812	-316.511	-46.7395	60.2415
0.412703	-317.204	-46.8317	60.2938
0.439254	-317.917	-46.9243	60.3473
0.455466	-318.622	-47.013	60.4008
0.475045	-319.319	-47.1006	60.4529
0.475526	-320.046	-47.2028	60.5076
0.488568	-320.773	-47.3087	60.5628
0.461278	-321.44	-47.4088	60.614
0.457902	-322.128	-47.5126	60.6664
0.440496	-322.805	-47.6157	60.7179
0.402131	-323.478	-47.7176	60.7694
0.348047	-324.15	-47.819	60.8215
0.284193	-324.823	-47.9203	60.8736
0.188385	-325.508	-48.0225	60.9267
0.0824373	-326.239	-48.1272	60.983
0.0276694	-326.926	-48.2227	61.0356
-0.0443205	-327.581	-48.3123	61.0861
-0.142071	-328.234	-48.4021	61.1372
-0.212635	-328.889	-48.4938	61.1877
-0.296354	-329.577	-48.5941	61.2411
-0.338574	-330.293	-48.7057	61.2956
-0.418555	-330.98	-48.8222	61.3492
-0.470208	-331.65	-48.9441	61.4008
-0.540596	-332.373	-49.0895	61.4559
-0.615045	-333.124	-49.2462	61.5132
-0.624848	-333.862	-49.3934	61.569
-0.664035	-334.522	-49.5236	61.6192
-0.668723	-335.215	-49.6554	61.6716
-0.667762	-335.89	-49.781	61.7225
-0.668738	-336.623	-49.9041	61.7783
-0.65807	-337.339	-50.0154	61.833
-0.639389	-338.057	-50.119	61.8868
-0.604853	-338.717	-50.2078	61.9368
-0.510488	-339.414	-50.2973	61.9903
-0.483089	-340.11	-50.3781	62.0433
-0.389181	-340.788	-50.4606	62.0967
-0.293386	-341.46	-50.5437	62.1499
-0.226901	-342.124	-50.627	62.2013
-0.190838	-342.822	-50.7196	62.256
-0.164806	-343.504	-50.8235	62.3091
-0.0709534	-344.185	-50.9389	62.3634
0.0164732	-344.904	-51.0667	62.4199
0.111951	-345.602	-51.1984	62.4745
0.193547	-346.295	-51.3268	62.5279
0.267006	-347.018	-51.4625	62.5829
0.35217	-347.674	-51.5795	62.6331
0.397273	-348.454	-51.7122	62.6912
0.452496	-349.178	-51.8341	62.7454
0.490246	-349.847	-51.9408	62.7956
0.511613	-350.531	-52.0458	62.8467
0.520569	-351.294	-52.1584	62.9036
0.519708	-352.024	-52.2694	62.9584
0.50766	-352.685	-52.3702	63.0084
0.492354	-353.344	-52.47	63.0586
0.448055	-354.012	-52.5738	63.1099
0.390332	-354.683	-52.6818	63.161
0.316257	-355.35	-52.7827	63.2122
0.274149	-356.063	-52.8762	63.2669
0.229104	-356.735	-52.9607	63.3192
0.171864	-357.382	-53.0392	63.3705
0.0991562	-358.05	-53.1173	63.4235
-0.0309851	-358.733	-53.2049	63.479
-0.138458	-359.402	-53.2952	63.534
-0.227826	-360.073	-53.3978	63.5891
-0.363725	-360.667	-53.4976	63.6393
-0.416445	-361.385	-53.6292	63.6957
-0.50154	-362.038	-53.7549	63.7483
-0.618361	-362.716	-53.8963	63.8036
-0.734841	-363.367	-54.0284	63.8564
-0.77156	-364.067	-54.1651	63.91
-0.811585	-364.77	-54.3034	63.9639
-0.827612	-365.481	-54.4322	64.0183
-0.837787	-366.18	-54.5534	64.072
-0.834286	-366.849	-54.6609	64.1228
-0.804943	-367.538	-54.7588	64.1753
-0.783269	-368.194	-54.842	64.2253
-0.717665	-368.868	-54.9224	64.2782
-0.711803	-369.546	-54.9993	64.3301
-0.72917	-370.272	-55.0745	64.3858
-0.630785	-370.917	-55.1478	64.437
-0.543173	-371.623	-55.236	64.493
-0.503418	-372.308	-55.328	64.5476
-0.3913	-372.936	-55.4252	64.6
-0.252059	-373.572	-55.5378	64.6536
-0.168686	-374.224	-55.659	64.7049
-0.0660289	-374.915	-55.7904	64.7593
-0.00803703	-375.577	-55.9175	64.8101
0.0885751	-376.245	-56.0441	64.8622
0.162371	-376.944	-56.1728	64.9153
0.224241	-377.675	-56.2983	64.9703
0.3048	-378.437	-56.4239	65.0275
0.345158	-379.109	-56.5269	65.0782
0.378944	-379.881	-56.6394	65.1362
0.39489	-380.576	-56.7425	65.1886
0.405202	-381.258	-56.8468	65.2398
0.401052	-381.938	-56.952	65.2914
0.383244	-382.601	-57.05	65.3416
0.367414	-383.33	-57.159	65.3971
0.335067	-384.042	-57.2642	65.451
0.271982	-384.755	-57.363	65.5055
0.229802	-385.469	-57.4596	65.5603
0.184807	-386.142	-57.5461	65.6126
0.132393	-386.792	-57.6276	65.6634
0.0219834	-387.477	-57.7123	65.7175
-0.0590727	-388.113	-57.7969	65.7685
-0.107864	-388.845	-57.8993	65.8254
-0.140409	-389.548	-58.0056	65.88
-0.285929	-390.204	-58.1119	65.9333
-0.360633	-390.89	-58.2331	65.9884
-0.476072	-391.547	-58.3553	66.0416
-0.491073	-392.206	-58.4858	66.0925
-0.508981	-392.898	-58.6319	66.1455
-0.635336	-393.608	-58.7719	66.2013
-0.676334	-394.289	-58.9022	66.2535
-0.705159	-395.002	-59.0336	66.3083
-0.729876	-395.679	-59.1495	66.3601
-0.737528	-396.399	-59.2652	66.4147
-0.738506	-397.095	-59.3701	66.4676
-0.730173	-397.825	-59.4742	66.5234
-0.733763	-398.551	-59.5677	66.5787
-0.716059	-399.259	-59.6576	66.6329
-0.666736	-399.944	-59.7376	66.6861
-0.617767	-400.576	-59.8146	66.7363
-0.556277	-401.211	-59.8954	66.7875
-0.469811	-401.869	-59.9863	66.8406
-0.423607	-402.573	-60.0871	66.8957
-0.347639	-403.248	-60.1893	66.9481
-0.238857	-403.97	-60.3057	67.0044
-0.13671	-404.653	-60.4212	67.058
0.00352895	-405.318	-60.5362	67.1107
0.0978999	-405.974	-60.6518	67.1611
0.191439	-406.646	-60.7705	67.2124
0.235571	-407.384	-60.9013	67.268
0.3212	-408.099	-61.0247	67.322
0.378795	-408.782	-61.1408	67.3738
0.438737	-409.525	-61.265	67.4295
0.474029	-410.197	-61.3738	67.4795
0.485546	-410.922	-61.4883	67.5338
0.492454	-411.596	-61.5935	67.5845
0.490124	-412.288	-61.7009	67.6365
0.479296	-412.966	-61.8023	67.6873
0.44949	-413.682	-61.9064	67.7412
0.42612	-414.35	-62.0007	67.792
0.379252	-415.005	-62.0919	67.8424
0.363661	-415.742	-62.1915	67.8989
0.274024	-416.441	-62.2852	67.9534
0.221293	-417.102	-62.3675	68.005
0.118544	-417.801	-62.4611	68.0605
0.0635154	-418.462	-62.5548	68.1125
-0.0119316	-419.133	-62.6555	68.1662
-0.135059	-419.789	-62.7622	68.2188
-0.173446	-420.481	-62.8811	68.2723
-0.260528	-421.14	-63.0019	68.324
-0.352938	-421.781	-63.1291	68.3757
-0.431327	-422.504	-63.2676	68.4312
-0.466643	-423.236	-63.4119	68.4866
-0.532797	-423.947	-63.5448	68.5414
-0.564846	-424.663	-63.6801	68.5959
-0.593027	-425.359	-63.8036	68.6485
-0.621361	-426.03	-63.9165	68.7
-0.62182	-426.751	-64.0267	68.7551
-0.603396	-427.42	-64.1198	68.8062
-0.559721	-428.117	-64.2096	68.86
-0.491604	-428.802	-64.2926	68.913
-0.42372	-429.528	-64.3738	68.9704
-0.307424	-430.141	-64.4427	69.0206
-0.272976	-430.823	-64.5217	69.075
-0.209528	-431.516	-64.6124	69.1308
-0.0758822	-432.152	-64.702	69.1841
-0.0309726	-432.776	-64.7985	69.2345
0.0149923	-433.418	-64.9089	69.2862
0.122361	-434.028	-65.0194	69.337
0.192392	-434.705	-65.1436	69.3899
0.286957	-435.398	-65.2721	69.4435
0.357349	-436.068	-65.3972	69.4944
0.426558	-436.789	-65.5304	69.5488
0.470364	-437.5	-65.6544	69.6022
0.537233	-438.214	-65.774	69.6557
0.568199	-438.962	-65.8927	69.7114
0.59703	-439.72	-66.0098	69.7683
0.6018	-440.401	-66.112	69.82
0.602007	-441.069	-66.2087	69.8706
0.591843	-441.751	-66.3065	69.9218
0.560447	-442.483	-66.4075	69.977
0.524642	-443.155	-66.5005	70.0285
0.437972	-443.875	-66.5995	70.0836
0.395444	-444.601	-66.6959	70.1396
0.300913	-445.331	-66.7931	70.196
0.195312	-446.067	-66.8958	70.2527
0.116646	-446.806	-67.0021	70.3098
-0.0326044	-447.51	-67.1111	70.3653
-0.11718	-448.205	-67.227	70.4185
-0.192405	-448.883	-67.3432	70.4699
-0.282142	-449.541	-67.4578	70.5204
-0.365188	-450.285	-67.5878	70.5771
-0.47748	-451.033	-67.718	70.6356
-0.540898	-451.737	-67.8361	70.6893
-0.675467	-452.457	-67.9553	70.7452
-0.744287	-453.137	-68.0646	70.7972
-0.85424	-453.835	-68.1749	70.8509
-0.933376	-454.537	-68.2836	70.9044
-1.01738	-455.197	-68.3833	70.9549
-1.07095	-455.867	-68.4799	71.0057
