x	y	z	t
0.524625	449.918	73.525	0.0586735
0.526069	449.172	73.4081	0.114484
0.526967	448.425	73.2914	0.169883
0.527902	447.682	73.1753	0.225111
0.528446	446.956	73.0617	0.279098
0.528761	446.283	72.9564	0.329332
0.52886	445.607	72.8508	0.380032
0.528097	444.892	72.7391	0.433352
0.526893	444.163	72.6254	0.487476
0.525565	443.467	72.5166	0.539427
0.524569	442.728	72.4017	0.594858
0.52467	441.972	72.2834	0.651498
0.525781	441.214	72.1659	0.708183
0.527156	440.458	72.0485	0.764806
0.528096	439.729	71.9347	0.819487
0.528917	438.959	71.8141	0.87712
0.530355	438.272	71.7057	0.928295
0.532833	437.543	71.5898	0.982858
0.537941	436.849	71.4781	1.03498
0.542686	436.139	71.3629	1.08839
0.548308	435.363	71.2361	1.14637
0.551873	434.655	71.121	1.19954
0.558667	433.944	71.007	1.25295
0.565653	433.248	70.8988	1.30549
0.576293	432.53	70.7892	1.35935
0.590365	431.812	70.683	1.41342
0.606332	431.075	70.5743	1.469
0.629744	430.397	70.4753	1.52054
0.646435	429.716	70.3744	1.57258
0.657966	428.992	70.265	1.62764
0.690923	428.299	70.1578	1.68045
0.715339	427.617	70.0513	1.73241
0.730584	426.88	69.9339	1.7882
0.756549	426.174	69.8194	1.84111
0.788978	425.421	69.6961	1.8972
0.828098	424.658	69.5693	1.954
0.857553	423.923	69.4448	2.00851
0.89646	423.208	69.3206	2.06146
0.921633	422.444	69.1824	2.11796
0.942283	421.679	69.0424	2.1744
0.951337	420.949	68.911	2.22845
0.950599	420.215	68.7806	2.28277
0.936307	419.468	68.6509	2.33802
0.905934	418.698	68.5245	2.39474
0.86769	417.942	68.4036	2.45069
0.835208	417.221	68.2914	2.50439
0.785168	416.495	68.1813	2.55869
0.701852	415.77	68.0774	2.61334
0.622031	415.047	67.984	2.6681
0.530444	414.374	67.8999	2.71954
0.405407	413.638	67.814	2.77661
0.2958	412.938	67.7276	2.83062
0.170074	412.218	67.6363	2.88651
0.0633837	411.566	67.545	2.93759
-0.0364774	410.927	67.4467	2.98766
-0.169592	410.226	67.3282	3.04319
-0.255312	409.483	67.1931	3.10076
-0.370096	408.82	67.0677	3.15192
-0.437418	408.122	66.9274	3.20554
-0.514439	407.422	66.7879	3.25904
-0.594189	406.68	66.6342	3.31497
-0.659619	405.936	66.4885	3.37052
-0.697866	405.207	66.3444	3.42489
-0.71624	404.496	66.2168	3.47791
-0.719636	403.818	66.102	3.5287
-0.695917	403.086	65.9857	3.58376
-0.665094	402.385	65.8837	3.63682
-0.614614	401.701	65.7898	3.68922
-0.530397	401.023	65.7029	3.74148
-0.460889	400.33	65.6238	3.79532
-0.363713	399.63	65.5426	3.85001
-0.230269	398.962	65.4677	3.90358
-0.139205	398.335	65.405	3.95443
-0.0352401	397.695	65.3303	4.00634
0.0727368	397.048	65.2463	4.05893
0.227358	396.394	65.1518	4.11283
0.319264	395.756	65.0468	4.16505
0.454926	395.106	64.9302	4.21838
0.582893	394.472	64.8081	4.2692
0.739748	393.769	64.669	4.32415
0.832394	393.007	64.5103	4.38185
0.937141	392.265	64.3538	4.43757
1.00901	391.556	64.2121	4.49047
1.08136	390.851	64.0762	4.54309
1.11474	390.088	63.9346	4.59934
1.13366	389.295	63.7967	4.6577
1.12476	388.547	63.6708	4.71294
1.09986	387.84	63.5563	4.76505
1.05331	387.086	63.4426	4.82084
0.970572	386.357	63.3433	4.87528
0.880668	385.666	63.2566	4.92752
0.779651	384.971	63.1779	4.98039
0.633181	384.317	63.1106	5.03147
0.516154	383.619	63.0441	5.08575
0.395128	382.934	62.9683	5.13936
0.260127	382.307	62.8951	5.19
0.112028	381.647	62.8064	5.2445
-0.0136683	380.938	62.6954	5.30156
-0.161834	380.295	62.5848	5.35307
-0.260929	379.58	62.45	5.40972
-0.398145	378.949	62.3246	5.46058
-0.483135	378.253	62.177	5.5145
-0.590534	377.528	62.028	5.57013
-0.686919	376.798	61.8723	5.62574
-0.749426	376.119	61.7349	5.67715
-0.788133	375.413	61.5996	5.73009
-0.814626	374.729	61.4776	5.7815
-0.813461	374.023	61.361	5.83464
-0.793215	373.337	61.257	5.88663
-0.754493	372.677	61.1681	5.93679
-0.677532	371.959	61.0852	5.99218
-0.591247	371.291	61.0104	6.04429
-0.514639	370.616	60.9466	6.09745
-0.410743	369.978	60.8831	6.1489
-0.2794	369.302	60.8136	6.20457
-0.138631	368.717	60.7543	6.25489
-0.0465318	368.124	60.6899	6.30504
0.0950444	367.454	60.5946	6.36104
0.243753	366.809	60.4846	6.41678
0.436353	366.16	60.3633	6.47273
0.522362	365.486	60.2238	6.52755
0.649247	364.847	60.0885	6.57922
0.767476	364.163	59.9438	6.63291
0.893579	363.479	59.7934	6.68537
0.975434	362.797	59.6543	6.73673
1.04511	362.026	59.507	6.79437
1.08034	361.306	59.3753	6.8476
1.09046	360.586	59.2569	6.90095
1.07519	359.847	59.1467	6.95585
1.03778	359.137	59.0512	7.00921
0.984932	358.47	58.9714	7.06
0.88918	357.77	58.893	7.11381
0.795781	357.114	58.8273	7.1644
0.699294	356.472	58.7761	7.21507
0.593309	355.805	58.7141	7.2671
0.465975	355.132	58.6462	7.32024
0.311256	354.422	58.5678	7.37673
0.122424	353.724	58.4712	7.43291
-0.0243845	353.097	58.3714	7.48379
-0.144318	352.394	58.2404	7.53978
-0.313001	351.71	58.1042	7.59371
-0.418786	351.014	57.9507	7.64725
-0.524651	350.332	57.8006	7.6995
-0.623263	349.646	57.6448	7.75235
-0.715303	348.921	57.4734	7.80734
-0.777263	348.242	57.3242	7.8584
-0.815634	347.532	57.18	7.91195
-0.834005	346.849	57.0548	7.96359
-0.819719	346.145	56.9405	8.01713
-0.778627	345.426	56.8409	8.07174
-0.690099	344.727	56.7684	8.12585
-0.605986	344.074	56.7079	8.17698
-0.458456	343.383	56.6454	8.23332
-0.331673	342.753	56.5925	8.28505
-0.206691	342.116	56.544	8.33834
-0.0753999	341.484	56.4814	8.39115
0.0843916	340.873	56.4125	8.44346
0.163265	340.223	56.3254	8.49801
0.341749	339.583	56.219	8.55432
0.458147	338.928	56.0903	8.60871
0.546419	338.289	55.9602	8.65988
0.668805	337.663	55.826	8.7106
0.790108	337.032	55.6877	8.76069
0.920129	336.327	55.5301	8.81564
1.0086	335.627	55.3834	8.86885
1.06785	334.95	55.2479	8.91991
1.10625	334.219	55.1116	8.97533
1.11994	333.52	54.9878	9.02835
1.11586	332.848	54.8779	9.07892
1.07005	332.111	54.7656	9.13414
1.0094	331.411	54.6719	9.18681
0.891943	330.643	54.5804	9.24527
0.79414	329.911	54.5122	9.30153
0.657698	329.236	54.4515	9.35379
0.523721	328.588	54.3972	9.40385
0.399788	327.91	54.3425	9.45721
0.270902	327.279	54.2742	9.50764
0.133767	326.611	54.1865	9.56113
0.00782361	325.97	54.0858	9.61251
-0.147011	325.304	53.9574	9.66626
-0.264696	324.622	53.8165	9.71999
-0.374788	323.976	53.6736	9.77107
-0.473966	323.32	53.5233	9.82199
-0.595442	322.633	53.3644	9.87489
-0.659037	321.912	53.1947	9.92919
-0.723344	321.235	53.0472	9.98032
-0.775018	320.482	52.8948	10.037
-0.79051	319.756	52.7669	10.0919
-0.786242	319.072	52.6562	10.1436
-0.755903	318.352	52.5572	10.1986
-0.711768	317.662	52.4792	10.2515
-0.617064	316.996	52.4134	10.3035
-0.533518	316.317	52.3649	10.3569
-0.391681	315.615	52.3058	10.4128
-0.265767	314.996	52.2572	10.4638
-0.133139	314.394	52.2058	10.5144
-0.0212071	313.76	52.1455	10.5677
0.126914	313.14	52.0616	10.6203
0.317728	312.488	51.9546	10.6757
0.408966	311.85	51.8285	10.7278
0.544274	311.24	51.6975	10.7785
0.682777	310.547	51.5475	10.8341
0.791183	309.877	51.3895	10.8872
0.880448	309.214	51.2447	10.9384
0.978464	308.504	51.0977	10.9934
1.03726	307.846	50.965	11.0435
1.07337	307.124	50.8283	11.0984
1.08385	306.423	50.7113	11.1511
1.0829	305.761	50.6096	11.2014
1.0487	305.045	50.51	11.2562
1.00401	304.362	50.4309	11.3092
0.940407	303.722	50.363	11.3593
0.867031	303.073	50.3008	11.4101
0.742828	302.384	50.2381	11.4651
0.624017	301.719	50.1926	11.5192
0.471382	301.08	50.1372	11.5723
0.370346	300.411	50.0742	11.6271
0.224091	299.798	49.9973	11.6786
0.0911148	299.135	49.8974	11.7322
-0.0203279	298.511	49.7866	11.7824
-0.19792	297.883	49.663	11.8338
-0.297356	297.175	49.5092	11.8886
-0.411678	296.465	49.3562	11.9432
-0.530257	295.792	49.2072	11.9949
-0.604812	295.052	49.0391	12.0511
-0.67779	294.367	48.893	12.1026
-0.731318	293.69	48.7552	12.1532
-0.77796	292.931	48.6092	12.2094
-0.79432	292.234	48.4864	12.2613
-0.793151	291.495	48.3632	12.3169
-0.765612	290.814	48.2584	12.3679
-0.723578	290.1	48.1564	12.4214
-0.679283	289.42	48.0668	12.4725
-0.60554	288.7	47.9812	12.5274
-0.505584	288.038	47.9045	12.5791
-0.386977	287.323	47.8249	12.6352
-0.28699	286.672	47.7609	12.6861
-0.173745	286.042	47.7034	12.7365
-0.0652819	285.358	47.6429	12.7919
0.0964788	284.764	47.5798	12.8422
0.210002	284.134	47.5007	12.8941
0.301744	283.395	47.3937	12.9535
0.475003	282.798	47.2962	13.0042
0.582436	282.113	47.1711	13.0604
0.717711	281.466	47.0468	13.1132
0.838609	280.812	46.9176	13.1649
0.954829	280.152	46.7851	13.2165
1.04791	279.505	46.656	13.2669
1.13127	278.785	46.513	13.3223
1.21546	278.076	46.3821	13.3766
1.25465	277.365	46.256	13.4299
1.277	276.67	46.1411	13.4823
1.28558	275.941	46.0239	13.5374
1.27547	275.22	45.9131	13.5922
1.24155	274.54	45.814	13.6436
1.18879	273.878	45.7222	13.6942
1.12136	273.22	45.6351	13.745
1.06442	272.523	45.5473	13.7991
0.927206	271.838	45.4604	13.8539
0.802216	271.208	45.3851	13.9045
0.710511	270.515	45.3108	13.9599
0.553634	269.864	45.2401	14.0137
0.413844	269.221	45.1748	14.0679
0.282805	268.589	45.0985	14.1209
0.138212	267.971	45.0137	14.1725
0.0277938	267.336	44.9141	14.2236
-0.156331	266.673	44.796	14.2786
-0.294617	266.005	44.6691	14.333
-0.454987	265.284	44.5209	14.391
-0.558279	264.581	44.3778	14.4451
-0.693673	263.836	44.2212	14.502
-0.773396	263.172	44.0875	14.5521
-0.848903	262.481	43.9541	14.6036
-0.921984	261.703	43.8077	14.6616
-0.965807	260.944	43.6745	14.7174
-0.992386	260.248	43.5516	14.769
-1.0016	259.536	43.4332	14.8221
-0.985935	258.81	43.3191	14.8769
-0.962004	258.14	43.2247	14.9276
-0.904975	257.413	43.1272	14.9826
-0.84116	256.721	43.0425	15.0361
-0.770095	256.018	42.9662	15.0911
-0.66777	255.337	42.8889	15.1449
-0.585648	254.679	42.8159	15.1966
-0.478431	254.027	42.7497	15.2488
-0.369504	253.386	42.678	15.3007
-0.25348	252.732	42.6007	15.3539
-0.103798	252.122	42.5209	15.4046
0.0142025	251.493	42.4292	15.4559
0.133846	250.826	42.3169	15.5097
0.270652	250.195	42.2009	15.5612
0.385248	249.55	42.0753	15.6124
0.523165	248.84	41.926	15.6685
0.611124	248.155	41.7826	15.7208
0.691541	247.49	41.6452	15.7716
0.766741	246.827	41.5126	15.8219
0.838075	246.131	41.3781	15.875
0.875413	245.445	41.2501	15.9264
0.899606	244.721	41.1188	15.9803
0.907818	243.98	40.9934	16.0362
0.897743	243.249	40.8745	16.0914
0.847411	242.554	40.7701	16.1442
0.799162	241.878	40.6781	16.1954
0.727596	241.219	40.5976	16.2459
0.658778	240.51	40.5231	16.3007
0.522689	239.828	40.4546	16.3549
0.418068	239.131	40.3945	16.4105
0.297512	238.49	40.3343	16.4626
0.150905	237.82	40.2707	16.5184
0.0356217	237.171	40.1906	16.5721
-0.0873105	236.57	40.1064	16.6223
-0.279453	235.934	40.001	16.6786
-0.377721	235.294	39.8837	16.7292
-0.508752	234.601	39.7497	16.7838
-0.625247	233.903	39.6003	16.8383
-0.699992	233.22	39.4559	16.8899
-0.787104	232.554	39.3139	16.9403
-0.875106	231.826	39.1634	16.9947
-0.952339	231.122	39.0197	17.0471
-0.989789	230.416	38.8763	17.0992
-1.01606	229.67	38.7398	17.1549
-1.02454	228.942	38.6102	17.2088
-1.0101	228.238	38.4963	17.2615
-0.968099	227.507	38.3877	17.3163
-0.93009	226.785	38.296	17.371
-0.845766	226.09	38.214	17.424
-0.772081	225.401	38.139	17.4768
-0.646698	224.663	38.0683	17.5346
-0.544157	223.969	38.0059	17.5894
-0.441514	223.31	37.9388	17.642
-0.263253	222.656	37.8689	17.6959
-0.18771	221.947	37.7883	17.7515
-0.0830324	221.278	37.698	17.8056
0.0743371	220.637	37.6003	17.8593
0.284702	219.987	37.4861	17.9159
0.394472	219.3	37.3497	17.9713
0.516725	218.638	37.2139	18.0241
0.663713	218.008	37.0771	18.0746
0.768207	217.29	36.917	18.1308
0.870187	216.64	36.779	18.1811
0.963422	215.896	36.6308	18.2381
1.01059	215.224	36.499	18.2893
1.04131	214.517	36.3774	18.343
1.0573	213.841	36.2695	18.3942
1.04914	213.175	36.1712	18.4448
1.00858	212.507	36.0822	18.4956
0.96608	211.789	35.9989	18.5508
0.869381	211.07	35.918	18.6068
0.802851	210.405	35.8588	18.6594
0.708834	209.736	35.7925	18.712
0.511375	209.064	35.7214	18.7686
0.421261	208.423	35.653	18.8218
0.293158	207.796	35.5726	18.8743
0.165859	207.145	35.4749	18.9287
0.0599271	206.515	35.3658	18.9805
-0.117436	205.82	35.2355	19.0383
-0.204535	205.161	35.0965	19.0911
-0.306206	204.5	34.9569	19.1437
-0.42157	203.817	34.809	19.1959
-0.476577	203.108	34.6476	19.249
-0.559113	202.419	34.5011	19.301
-0.607194	201.739	34.3616	19.3524
-0.636808	201.045	34.2292	19.4045
-0.645033	200.285	34.095	19.4618
-0.635408	199.578	33.9832	19.515
-0.590979	198.877	33.8887	19.5679
-0.542983	198.158	33.8101	19.6228
-0.445522	197.454	33.7409	19.6772
-0.356451	196.763	33.6882	19.7307
-0.264393	196.09	33.6308	19.7833
-0.137701	195.443	33.5729	19.8357
-0.0334422	194.754	33.5052	19.8916
0.0968068	194.146	33.4272	19.9424
0.234236	193.501	33.3229	19.9956
0.384048	192.862	33.2062	20.0486
0.502165	192.195	33.0694	20.1036
0.650262	191.521	32.9313	20.158
0.753676	190.851	32.7855	20.2111
0.873667	190.131	32.641	20.2668
0.931024	189.402	32.4968	20.3218
0.980641	188.694	32.3697	20.3749
1.0166	188.017	32.2538	20.4257
1.03461	187.337	32.1428	20.4767
1.03708	186.575	32.0254	20.5338
1.0259	185.909	31.931	20.5842
0.981602	185.195	31.8354	20.6387
0.91709	184.544	31.7554	20.6888
0.832315	183.87	31.6819	20.7412
0.729224	183.168	31.6041	20.7965
0.630471	182.537	31.5412	20.8465
0.519923	181.874	31.481	20.9003
0.370647	181.191	31.4077	20.9561
0.206561	180.582	31.3419	21.0073
0.0724072	179.958	31.2622	21.0589
-0.0258299	179.282	31.1615	21.1146
-0.170779	178.678	31.0564	21.1658
-0.258154	177.96	30.9187	21.224
-0.41436	177.334	30.791	21.2755
-0.468293	176.692	30.6562	21.3257
-0.597449	176.011	30.5141	21.3796
-0.678316	175.307	30.3626	21.4342
-0.792065	174.595	30.2218	21.4892
-0.870587	173.899	30.0849	21.5421
-0.944459	173.158	29.9507	21.5981
-0.978007	172.388	29.8159	21.6553
-0.997941	171.675	29.6964	21.7087
-1.0011	170.991	29.5831	21.7601
-0.984559	170.288	29.4783	21.8131
-0.954926	169.629	29.3857	21.8633
-0.893084	168.966	29.3026	21.9139
-0.807942	168.237	29.2239	21.9704
-0.730171	167.539	29.1502	22.024
-0.638895	166.85	29.0793	22.0773
-0.515892	166.218	29.0159	22.1274
-0.40424	165.583	28.9482	22.1783
-0.321591	164.896	28.8732	22.2332
-0.167979	164.271	28.7951	22.2843
-0.0323262	163.646	28.7032	22.3354
0.17081	163.017	28.5962	22.3883
0.292466	162.326	28.4579	22.4443
0.467158	161.641	28.3149	22.5
0.560406	160.997	28.1632	22.5501
0.673607	160.221	27.9957	22.6098
0.771404	159.509	27.8329	22.6642
0.862051	158.791	27.6831	22.7183
0.909706	158.075	27.5361	22.7716
0.937876	157.349	27.4028	22.8256
0.938994	156.662	27.2846	22.8771
0.925957	155.934	27.1713	22.9319
0.898103	155.229	27.0729	22.9847
0.840967	154.503	26.9804	23.0394
0.783518	153.762	26.9002	23.0963
0.702505	153.064	26.8359	23.151
0.534709	152.374	26.7705	23.2072
0.406822	151.708	26.7198	23.2613
0.303486	151.05	26.659	23.3141
0.137174	150.398	26.5879	23.37
0.0211636	149.785	26.5113	23.4229
-0.107993	149.144	26.4113	23.4768
-0.22814	148.53	26.303	23.5283
-0.287044	147.858	26.1707	23.5815
-0.407212	147.198	26.0375	23.6351
-0.526247	146.537	25.9008	23.6878
-0.594997	145.837	25.7476	23.7421
-0.670977	145.148	25.6012	23.7947
-0.772176	144.451	25.4543	23.8484
-0.833135	143.746	25.3082	23.9018
-0.867188	143.033	25.1753	23.9557
-0.882751	142.34	25.054	24.0083
-0.875326	141.612	24.9349	24.0632
-0.84636	140.928	24.8341	24.1145
-0.79549	140.182	24.7336	24.1705
-0.70936	139.467	24.6532	24.2243
-0.618319	138.762	24.5765	24.2768
-0.765822	138.177	24.5289	24.3305
-0.66244	137.498	24.4702	24.384
-0.529549	136.8	24.3976	24.4404
-0.43218	136.189	24.3383	24.4919
-0.271455	135.529	24.254	24.5472
-0.0426742	134.952	24.1693	24.5994
0.072578	134.304	24.0574	24.6541
0.239769	133.637	23.9232	24.7112
0.40603	132.986	23.7892	24.7654
0.580271	132.354	23.6505	24.817
0.760365	131.613	23.4838	24.8755
0.907692	130.894	23.3246	24.9312
1.0036	130.159	23.179	24.9868
1.07961	129.432	23.0405	25.0415
1.12199	128.72	22.9176	25.0947
1.14072	127.974	22.7966	25.1505
1.13502	127.26	22.6894	25.2045
1.10781	126.602	22.5966	25.2547
1.04946	125.914	22.5064	25.307
0.998955	125.196	22.4235	25.3615
0.929503	124.527	22.3492	25.4129
0.828137	123.876	22.2834	25.4638
0.681576	123.183	22.2112	25.5191
0.607779	122.487	22.1421	25.5734
0.466858	121.856	22.074	25.6255
0.252278	121.243	22.0045	25.6816
0.135398	120.615	21.9154	25.7349
-0.0852459	120.028	21.8187	25.79
-0.186187	119.418	21.6997	25.8416
-0.300854	118.788	21.5706	25.8937
-0.398345	118.16	21.4341	25.9441
-0.527864	117.514	21.2905	25.9965
-0.60087	116.836	21.1425	26.0496
-0.668215	116.172	21.0015	26.1009
-0.707464	115.436	20.8492	26.157
-0.754289	114.739	20.7211	26.2107
-0.773691	114.029	20.6012	26.2647
-0.769806	113.331	20.4916	26.318
-0.756068	112.58	20.3902	26.375
-0.724573	111.9	20.3053	26.4271
-0.644554	111.245	20.2304	26.4783
-0.623981	110.547	20.1597	26.5319
-0.55755	109.843	20.0834	26.5869
-0.414336	109.183	20.0149	26.6406
-0.33563	108.512	19.9504	26.6937
-0.199196	107.827	19.8734	26.749
-0.0583261	107.165	19.7972	26.8031
0.0694009	106.496	19.7046	26.8563
0.169341	105.863	19.6091	26.9066
0.366119	105.216	19.5016	26.96
0.477578	104.521	19.3731	27.0159
0.634288	103.805	19.2286	27.0737
0.764933	103.07	19.0738	27.1317
0.889885	102.379	18.9308	27.1851
0.998862	101.703	18.792	27.2371
1.09542	100.987	18.6487	27.2918
1.18438	100.321	18.5274	27.3422
1.24272	99.6077	18.4071	27.3954
1.28752	98.8351	18.2864	27.4532
1.30356	98.0727	18.1744	27.5103
1.31352	97.3949	18.0839	27.5617
1.30371	96.654	17.9849	27.6177
1.26069	95.974	17.897	27.6692
1.23131	95.229	17.8046	27.7262
1.18313	94.5621	17.7199	27.7779
1.08437	93.8926	17.6348	27.8305
1.02354	93.1861	17.5498	27.8855
0.932506	92.5354	17.4718	27.9369
0.815582	91.8255	17.3912	27.9932
0.719178	91.1432	17.3074	28.0472
0.594016	90.4804	17.2195	28.0994
0.457606	89.8008	17.1231	28.1535
0.309693	89.0936	17.0162	28.2097
0.226268	88.4175	16.9111	28.2629
0.0903654	87.7459	16.8013	28.3169
0.00947025	87.0839	16.688	28.3684
-0.0770619	86.3719	16.5553	28.4244
-0.172321	85.682	16.4211	28.478
-0.274005	85.0298	16.2862	28.5294
-0.353074	84.3759	16.1474	28.5794
-0.426235	83.6862	15.9973	28.6318
-0.492939	82.9623	15.8513	28.6866
-0.548962	82.2537	15.7104	28.7404
-0.592504	81.5684	15.5734	28.7922
-0.621415	80.8233	15.4387	28.8481
-0.638469	80.1232	15.317	28.9012
-0.632566	79.4354	15.2055	28.954
-0.603461	78.7615	15.1115	29.0059
-0.559949	78.093	15.0287	29.0574
-0.467602	77.3779	14.9516	29.113
-0.366794	76.7345	14.8841	29.1633
-0.26785	76.0909	14.819	29.2139
-0.165511	75.4438	14.7546	29.2662
-0.00513795	74.7663	14.6906	29.3232
0.0927708	74.1167	14.6201	29.376
0.229084	73.4274	14.536	29.434
0.370023	72.7621	14.4358	29.4899
0.491756	72.1559	14.3255	29.5403
0.624435	71.5123	14.1898	29.5945
0.754524	70.8619	14.0495	29.646
0.862933	70.1828	13.902	29.6984
0.959424	69.4406	13.7406	29.7543
1.05906	68.7213	13.5972	29.8082
1.11554	68.0306	13.4658	29.8594
1.15018	67.3256	13.3414	29.9118
1.16971	66.562	13.2143	29.9685
1.16235	65.8941	13.1107	30.019
1.14237	65.172	13.0078	30.073
1.11526	64.3898	12.9006	30.1316
1.0244	63.669	12.8172	30.1865
0.914353	62.9831	12.7417	30.2396
0.807506	62.2439	12.6688	30.2977
0.651494	61.5511	12.6047	30.3543
0.526554	60.8872	12.5349	30.408
0.329991	60.2949	12.466	30.4596
0.177857	59.6786	12.3807	30.5143
0.00648153	59.0606	12.2751	30.5691
-0.133335	58.4626	12.1552	30.6208
-0.230519	57.8269	12.0051	30.673
-0.357291	57.1293	11.8456	30.7296
-0.5007	56.4344	11.6751	30.7855
-0.605746	55.7597	11.5242	30.8373
-0.673187	55.0367	11.3784	30.8921
-0.732847	54.369	11.2521	30.9427
-0.764398	53.6689	11.136	30.9961
-0.777597	52.9872	11.0322	31.0483
-0.770858	52.3216	10.9393	31.0994
-0.740497	51.583	10.8478	31.1556
-0.698747	50.8549	10.76	31.2109
-0.832219	50.2479	10.6925	31.2624
-0.806666	49.5598	10.6259	31.3167
-0.679936	48.9262	10.5627	31.3691
-0.543236	48.3036	10.4962	31.4206
-0.453413	47.664	10.4282	31.4734
-0.297756	47.0736	10.3556	31.5245
-0.23623	46.458	10.2729	31.5746
-0.162998	45.8024	10.175	31.6272
-0.00738522	45.1445	10.0702	31.6821
0.108602	44.4894	9.95335	31.7349
0.262247	43.7796	9.82143	31.7913
0.356651	43.1073	9.68717	31.8434
0.478752	42.3291	9.53276	31.903
0.599198	41.6424	9.39924	31.9552
0.705031	40.9032	9.26007	32.0108
0.77026	40.2159	9.13405	32.062
0.81709	39.5164	9.00851	32.1142
0.847856	38.7987	8.88702	32.1672
0.864452	38.0736	8.76713	32.2207
0.865228	37.3228	8.64719	32.2768
0.830597	36.5782	8.53512	32.3329
0.775877	35.8509	8.43632	32.388
0.730975	35.1722	8.351	32.4393
0.664154	34.4676	8.27325	32.4935
0.585154	33.7624	8.19428	32.5482
0.488715	33.0369	8.12097	32.6052
0.410899	32.3416	8.04521	32.6595
0.265455	31.7047	7.97433	32.7104
0.160739	31.0047	7.88764	32.7667
0.0608182	30.3503	7.79523	32.8192
-0.0498813	29.7224	7.69593	32.87
-0.107427	29.0197	7.57287	32.9254
-0.244814	28.2882	7.43153	32.9848
-0.343166	27.6472	7.30112	33.0356
-0.450353	26.9761	7.1612	33.0885
-0.509118	26.3242	7.0237	33.1385
-0.586331	25.6266	6.88109	33.1916
-0.622536	24.9071	6.73455	33.246
-0.684512	24.1827	6.59873	33.3009
-0.71005	23.4927	6.4752	33.3535
-0.718252	22.7667	6.35056	33.4084
-0.706065	22.0726	6.24058	33.4612
-0.688768	21.3661	6.13502	33.5148
-0.599309	20.6555	6.03486	33.5692
-0.512371	19.9916	5.94805	33.6207
-0.434426	19.2729	5.86433	33.6761
-0.326335	18.5854	5.78715	33.73
-0.192656	17.9289	5.71605	33.7831
-0.145196	17.2398	5.64471	33.8381
0.00555369	16.6542	5.58112	33.8883
0.166419	16.0298	5.5068	33.9417
0.25649	15.3952	5.42071	33.9958
0.414789	14.786	5.32464	34.0494
0.522979	14.1656	5.21566	34.102
0.600233	13.4934	5.08411	34.1581
0.773146	12.8169	4.93938	34.2159
0.875294	12.1652	4.7994	34.2671
0.986924	11.4376	4.64636	34.3237
1.05794	10.7489	4.49513	34.3767
1.15359	10.0178	4.35031	34.4323
1.19978	9.35021	4.22294	34.4824
1.2252	8.6719	4.10111	34.5334
1.23583	7.98722	3.98432	34.5846
1.22082	7.29215	3.87659	34.6371
1.18401	6.61566	3.78218	34.6882
1.11667	5.93592	3.69669	34.7395
1.0331	5.22532	3.61931	34.794
0.937178	4.53774	3.54461	34.8471
0.808089	3.83766	3.46928	34.902
0.67761	3.19081	3.40389	34.9534
0.581737	2.50025	3.33873	35.0078
0.415239	1.84765	3.26795	35.0624
0.265221	1.25932	3.19823	35.1138
0.126839	0.637883	3.11037	35.1681
-0.0167062	-0.0201023	2.99989	35.2229
-0.135357	-0.656271	2.87894	35.2755
-0.258045	-1.2986	2.75097	35.3288
-0.376833	-2.00151	2.60025	35.3854
-0.499836	-2.69572	2.45436	35.4411
-0.601769	-3.38816	2.30071	35.495
-0.685375	-4.03877	2.16534	35.5452
-0.740574	-4.76771	2.02694	35.6011
-0.781673	-5.47157	1.90066	35.6552
-0.786399	-6.17561	1.78427	35.7091
-0.772466	-6.83146	1.68157	35.7591
-0.714332	-7.53835	1.58329	35.8136
-0.655813	-8.18413	1.50043	35.8639
-0.56719	-8.87164	1.42561	35.9181
-0.452407	-9.56878	1.34951	35.9735
-0.365867	-10.2295	1.28966	36.027
-0.274332	-10.8822	1.22552	36.0803
-0.115542	-11.437	1.17684	36.1305
0.0383753	-11.9796	1.12727	36.181
0.161015	-12.578	1.05977	36.233
0.202602	-13.2368	0.969371	36.2877
0.38171	-13.8298	0.868235	36.3416
0.454247	-14.4404	0.750763	36.3926
0.501692	-15.0881	0.612738	36.4445
0.6229	-15.7525	0.473332	36.4992
0.796624	-16.4346	0.323317	36.5544
0.915524	-17.1366	0.180924	36.6097
1.00744	-17.8168	0.0454624	36.6619
1.06131	-18.5714	-0.0982925	36.7187
1.1242	-19.3382	-0.233453	36.776
1.15229	-20.0574	-0.354274	36.83
1.16941	-20.7715	-0.469937	36.8833
1.1667	-21.4944	-0.583177	36.938
1.12339	-22.2368	-0.692312	36.9939
1.07705	-22.9252	-0.782439	37.0457
1.00566	-23.5868	-0.863314	37.0959
0.941005	-24.291	-0.944033	37.1498
0.829197	-25.007	-1.0169	37.2053
0.730451	-25.6661	-1.08693	37.2562
0.598736	-26.3113	-1.15583	37.3072
0.427941	-27.0185	-1.23249	37.3648
0.329837	-27.7152	-1.31887	37.4201
0.143527	-28.2997	-1.39759	37.4713
0.0496427	-28.9552	-1.49944	37.5248
-0.0329508	-29.6629	-1.62288	37.5813
-0.153394	-30.3104	-1.74607	37.6344
-0.284892	-30.9278	-1.87855	37.6864
-0.365564	-31.5683	-2.01416	37.737
-0.492427	-32.3064	-2.16574	37.7945
-0.56584	-33.0153	-2.31467	37.8485
-0.634762	-33.6795	-2.4438	37.8989
-0.683818	-34.3662	-2.56955	37.9505
-0.727565	-35.1158	-2.70056	38.0067
-0.749381	-35.8247	-2.81733	38.0599
-0.754347	-36.5469	-2.93253	38.1146
-0.744995	-37.2652	-3.04173	38.1692
-0.700209	-37.9388	-3.13653	38.221
-0.657477	-38.5997	-3.22143	38.2717
-0.56954	-39.2522	-3.29787	38.3226
-0.508904	-39.9106	-3.37056	38.3745
-0.429302	-40.5741	-3.43503	38.4277
-0.363516	-41.2149	-3.50224	38.479
-0.184597	-41.8879	-3.56991	38.5365
-0.0529047	-42.5286	-3.64377	38.5909
0.113545	-43.1526	-3.72227	38.6461
0.202051	-43.8085	-3.82049	38.7018
0.323416	-44.4097	-3.92223	38.7531
0.444268	-45.0324	-4.03895	38.8044
0.519295	-45.7081	-4.17987	38.8585
0.627688	-46.3782	-4.3208	38.9115
0.750648	-47.0289	-4.46084	38.9635
0.799198	-47.778	-4.62057	39.0206
0.873127	-48.4616	-4.75731	39.0729
0.93922	-49.1544	-4.89039	39.1255
0.978195	-49.8429	-5.00933	39.1776
0.998439	-50.5475	-5.12325	39.2302
0.995267	-51.2614	-5.23451	39.2837
0.981514	-51.9652	-5.33629	39.3364
0.956035	-52.7302	-5.44014	39.3937
0.87885	-53.4156	-5.52205	39.4466
0.800955	-54.1359	-5.6091	39.5024
0.675411	-54.8069	-5.68383	39.5552
0.58102	-55.4532	-5.74609	39.6067
0.457147	-56.1566	-5.82336	39.6634
0.366192	-56.8053	-5.88724	39.7162
0.204438	-57.4107	-5.96047	39.7677
-0.0199388	-58.0639	-6.05468	39.825
-0.123476	-58.7102	-6.16254	39.8785
-0.275228	-59.3377	-6.27986	39.9301
-0.404384	-60.0232	-6.41409	39.9848
-0.543455	-60.6872	-6.55718	40.0382
-0.697211	-61.3837	-6.70192	40.0931
-0.78903	-62.0525	-6.84136	40.144
-0.878926	-62.7236	-6.97943	40.1951
-0.954887	-63.391	-7.11924	40.2461
-1.0128	-64.1038	-7.25326	40.2999
-1.0528	-64.869	-7.38853	40.3574
-1.06298	-65.5554	-7.50257	40.4096
-1.05097	-66.2719	-7.61415	40.4642
-1.02827	-66.9604	-7.70308	40.5171
-0.959564	-67.6305	-7.78429	40.5686
-0.833327	-68.3204	-7.86017	40.623
-0.744177	-69.0227	-7.92534	40.679
-0.698039	-69.6648	-7.98595	40.7302
-0.499183	-70.2893	-8.03609	40.786
-0.378093	-70.899	-8.09573	40.8379
-0.243196	-71.545	-8.17119	40.8936
-0.137866	-72.1594	-8.25831	40.9476
0.042541	-72.7563	-8.36242	41.0025
0.241864	-73.3059	-8.4738	41.0552
0.356636	-73.9317	-8.61559	41.1091
0.49282	-74.5529	-8.75658	41.1595
0.678297	-75.2023	-8.90464	41.2136
0.792758	-75.8878	-9.06342	41.267
0.926437	-76.6119	-9.20914	41.3234
0.976189	-77.3221	-9.3459	41.3769
1.03385	-78.0106	-9.46492	41.4292
1.0608	-78.7054	-9.57621	41.4816
1.05488	-79.3983	-9.68017	41.534
1.03512	-80.1449	-9.78093	41.591
0.996369	-80.8766	-9.86859	41.6464
0.95076	-81.5374	-9.94381	41.6973
0.912241	-82.2125	-10.0176	41.7493
0.746491	-82.8733	-10.0863	41.8027
0.666224	-83.6011	-10.1587	41.8592
0.534142	-84.2943	-10.2351	41.9146
0.44747	-85.0313	-10.3166	41.9729
0.305209	-85.6799	-10.3908	42.0269
0.13844	-86.3134	-10.4803	42.0811
-0.000917509	-86.9825	-10.5873	42.1357
-0.0674137	-87.6677	-10.7131	42.1904
-0.261403	-88.3039	-10.8384	42.2434
-0.36207	-89.0245	-10.9911	42.3006
-0.446485	-89.672	-11.1287	42.3516
-0.580765	-90.3522	-11.2683	42.4044
-0.655236	-91.0197	-11.4013	42.4551
-0.719772	-91.6957	-11.5315	42.506
-0.781497	-92.4071	-11.6636	42.5597
-0.82665	-93.1777	-11.7974	42.6173
-0.844045	-93.9258	-11.9212	42.6734
-0.846947	-94.6245	-12.0334	42.7261
-0.833397	-95.3335	-12.1413	42.7798
-0.770915	-96.0728	-12.2461	42.8364
-0.71805	-96.746	-12.3372	42.8879
-0.656768	-97.4425	-12.4291	42.9415
-0.546565	-98.1405	-12.5125	42.9966
-0.451338	-98.844	-12.5974	43.0519
-0.332486	-99.4998	-12.6733	43.1042
-0.209488	-100.131	-12.7452	43.1547
-0.0604552	-100.757	-12.8173	43.206
0.00936246	-101.421	-12.8946	43.2593
0.204814	-102.056	-12.9817	43.315
0.290143	-102.708	-13.0804	43.3685
0.453123	-103.297	-13.1833	43.4212
0.716984	-103.892	-13.2985	43.4776
0.765263	-104.564	-13.4272	43.5309
0.928903	-105.189	-13.5518	43.5835
1.05571	-105.853	-13.6901	43.6385
1.17058	-106.572	-13.8305	43.695
1.23004	-107.237	-13.9635	43.7467
1.30192	-107.918	-14.0879	43.7993
1.33276	-108.584	-14.202	43.8504
1.35346	-109.273	-14.3164	43.9031
1.36195	-109.967	-14.4256	43.9561
1.35262	-110.623	-14.5238	44.0067
1.3442	-111.281	-14.6134	44.0576
1.25318	-111.977	-14.707	44.1127
1.17492	-112.644	-14.7935	44.1656
1.11516	-113.36	-14.88	44.2225
1.017	-113.992	-14.9541	44.2734
0.86204	-114.578	-15.0184	44.3238
0.733083	-115.212	-15.0831	44.377
0.594337	-115.866	-15.1578	44.4311
0.428207	-116.501	-15.2357	44.4846
0.270094	-117.178	-15.3303	44.5409
0.178559	-117.835	-15.4353	44.594
0.0567708	-118.51	-15.556	44.6488
-0.0660104	-119.14	-15.6782	44.6993
-0.18589	-119.794	-15.811	44.7506
-0.337182	-120.502	-15.9549	44.8064
-0.478269	-121.167	-16.0968	44.8593
-0.591916	-121.909	-16.2409	44.9157
-0.656816	-122.659	-16.3878	44.9719
-0.751313	-123.421	-16.5294	45.029
-0.807492	-124.093	-16.6461	45.0793
-0.84179	-124.814	-16.7648	45.1334
-0.861554	-125.566	-16.8839	45.1896
-0.859695	-126.301	-16.9955	45.2447
-0.831701	-127.005	-17.0952	45.2976
-0.787789	-127.748	-17.1976	45.3538
-0.713243	-128.469	-17.2868	45.4086
-0.633335	-129.195	-17.3753	45.4632
-0.832371	-129.777	-17.4323	45.5166
-0.782086	-130.45	-17.4985	45.5697
-0.669402	-131.063	-17.5627	45.6199
-0.582626	-131.722	-17.6379	45.6736
-0.368038	-132.282	-17.7043	45.7244
-0.245339	-132.904	-17.789	45.7766
-0.170826	-133.57	-17.8945	45.8317
-0.11223	-134.202	-18.0079	45.8835
0.00482145	-134.836	-18.1363	45.9381
0.142455	-135.457	-18.2635	45.989
0.274764	-136.136	-18.4023	46.0436
0.390891	-136.78	-18.5366	46.0948
0.443324	-137.434	-18.6698	46.1448
0.49811	-138.113	-18.8026	46.1964
0.575957	-138.805	-18.9342	46.2488
0.63001	-139.504	-19.0544	46.3012
0.664361	-140.21	-19.1699	46.3541
0.681509	-140.886	-19.276	46.405
0.682576	-141.577	-19.3791	46.4571
0.676122	-142.292	-19.4777	46.511
0.646414	-143.005	-19.5728	46.5657
0.593214	-143.676	-19.6519	46.6178
0.536576	-144.347	-19.731	46.6706
0.440178	-145.029	-19.8093	46.7243
0.321255	-145.673	-19.8799	46.7765
0.24919	-146.337	-19.9458	46.83
0.140502	-147.015	-20.0239	46.8853
0.100244	-147.72	-20.1107	46.9402
-0.0174045	-148.378	-20.2041	46.9932
-0.125354	-149.062	-20.3123	47.0473
-0.220685	-149.73	-20.4333	47.1009
-0.377756	-150.434	-20.5664	47.158
-0.491285	-151.1	-20.7043	47.2112
-0.57054	-151.75	-20.8361	47.2613
-0.628148	-152.421	-20.971	47.312
-0.703525	-153.164	-21.1204	47.3683
-0.7492	-153.879	-21.2566	47.4219
-0.798287	-154.648	-21.3989	47.4796
-0.823275	-155.327	-21.5171	47.5306
-0.837285	-156.035	-21.6351	47.5839
-0.828461	-156.695	-21.7363	47.634
-0.803268	-157.393	-21.8363	47.6868
-0.761015	-158.134	-21.9301	47.7433
-0.683787	-158.835	-22.0144	47.7975
-0.628615	-159.514	-22.0838	47.8504
-0.576213	-160.155	-22.1517	47.9008
-0.492839	-160.796	-22.2201	47.9522
-0.379587	-161.478	-22.2984	48.0071
-0.267255	-162.11	-22.3724	48.0609
-0.084069	-162.738	-22.4627	48.1168
0.057242	-163.306	-22.5579	48.1685
0.191298	-163.938	-22.6762	48.2227
0.28036	-164.585	-22.805	48.2749
0.428939	-165.281	-22.9564	48.3311
0.544896	-165.918	-23.0949	48.3818
0.681857	-166.611	-23.2433	48.4361
0.752636	-167.308	-23.3947	48.4891
0.795744	-168.025	-23.5345	48.5433
0.8379	-168.722	-23.6632	48.5962
0.859658	-169.456	-23.7928	48.6519
0.858947	-170.179	-23.9107	48.7069
0.833233	-170.864	-24.0162	48.7594
0.756644	-171.56	-24.1163	48.8128
0.692516	-172.242	-24.2053	48.8654
0.583487	-172.878	-24.2794	48.9162
0.511316	-173.535	-24.3519	48.9676
0.393456	-174.22	-24.4177	49.023
0.311842	-174.926	-24.4837	49.0798
0.229377	-175.535	-24.541	49.1305
0.135623	-176.182	-24.6125	49.185
-0.024239	-176.75	-24.6801	49.2385
-0.175331	-177.359	-24.7738	49.2929
-0.241579	-178.014	-24.8915	49.3499
-0.391281	-178.651	-25.0158	49.4055
-0.504189	-179.285	-25.1461	49.4573
-0.602383	-179.922	-25.2783	49.5079
-0.712871	-180.584	-25.419	49.5592
-0.80874	-181.349	-25.5667	49.6172
-0.884666	-182.07	-25.7065	49.6716
-0.945938	-182.781	-25.8344	49.7264
-0.996605	-183.507	-25.9608	49.7813
-1.00976	-184.185	-26.0729	49.832
-1.00638	-184.934	-26.1911	49.8883
-0.978351	-185.68	-26.3022	49.9442
-0.925154	-186.402	-26.4018	49.9988
-0.862244	-187.078	-26.4912	50.0494
-1.10564	-187.691	-26.5618	50.1014
-1.02309	-188.365	-26.6416	50.1543
-0.862102	-188.999	-26.7137	50.2063
-0.792543	-189.666	-26.7838	50.2596
-0.603891	-190.305	-26.8569	50.3142
-0.545654	-190.964	-26.9374	50.3666
-0.407531	-191.571	-27.0208	50.4191
-0.225942	-192.131	-27.1122	50.4701
-0.113767	-192.748	-27.2248	50.5235
0.0976166	-193.294	-27.3351	50.5737
0.243127	-193.918	-27.4641	50.6247
0.410151	-194.602	-27.6132	50.6802
0.52203	-195.264	-27.7497	50.7324
0.69971	-195.95	-27.8852	50.787
0.820725	-196.598	-28.0086	50.8372
0.891281	-197.307	-28.1372	50.8912
0.943863	-197.993	-28.2529	50.9433
0.974762	-198.744	-28.3741	51.0003
0.972865	-199.437	-28.4809	51.0528
0.952382	-200.137	-28.5848	51.1061
0.921537	-200.793	-28.6747	51.1565
0.874167	-201.496	-28.7643	51.2106
0.738945	-202.172	-28.8477	51.2651
0.649804	-202.813	-28.922	51.3161
0.559142	-203.521	-28.9985	51.3721
0.474969	-204.167	-29.0677	51.424
0.373353	-204.799	-29.1351	51.4753
0.258294	-205.395	-29.1974	51.5257
0.123269	-206.011	-29.2685	51.5787
-0.0697768	-206.557	-29.3408	51.629
-0.182079	-207.127	-29.4291	51.6793
-0.306631	-207.724	-29.5364	51.7316
-0.545552	-208.287	-29.6483	51.7889
-0.667306	-208.904	-29.7839	51.8425
-0.786504	-209.569	-29.9247	51.8961
-0.933445	-210.23	-30.0704	51.9503
-1.01961	-210.955	-30.2142	52.0058
-1.11584	-211.637	-30.3475	52.0582
-1.15175	-212.316	-30.4786	52.1094
-1.17453	-212.997	-30.5994	52.1603
-1.18598	-213.693	-30.7172	52.2123
-1.17395	-214.438	-30.8339	52.2684
-1.1444	-215.167	-30.9346	52.3235
-1.078	-215.916	-31.028	52.3808
-1.00076	-216.577	-31.1036	52.4315
-0.952649	-217.308	-31.1858	52.4875
-0.85165	-217.975	-31.2477	52.5408
-0.747657	-218.626	-31.3141	52.5938
-0.64237	-219.283	-31.3826	52.6469
-0.505363	-219.963	-31.4552	52.7038
-0.335017	-220.534	-31.5288	52.754
-0.23812	-221.192	-31.6291	52.8082
-0.140865	-221.858	-31.7463	52.863
0.0195094	-222.542	-31.876	52.919
0.167343	-223.225	-32.0196	52.9742
0.35682	-223.872	-32.1579	53.0271
0.444277	-224.55	-32.3007	53.0789
0.534671	-225.257	-32.4522	53.1332
0.620162	-225.915	-32.584	53.1833
0.707714	-226.619	-32.7177	53.2369
0.744939	-227.327	-32.845	53.29
0.768675	-228.027	-32.9609	53.3427
0.767404	-228.74	-33.0737	53.3966
0.754603	-229.502	-33.1853	53.4537
0.672824	-230.194	-33.2793	53.5065
0.614122	-230.858	-33.361	53.5576
0.516629	-231.574	-33.4402	53.6142
0.422084	-232.284	-33.52	53.6694
0.345658	-232.937	-33.5826	53.7217
0.18311	-233.55	-33.6456	53.7747
0.103748	-234.208	-33.7176	53.8278
-0.0331619	-234.827	-33.7864	53.8829
-0.17037	-235.402	-33.8673	53.9332
-0.374203	-235.938	-33.9563	53.9868
-0.458835	-236.6	-34.084	54.0415
-0.647524	-237.183	-34.208	54.0958
-0.70206	-237.875	-34.3653	54.1515
-0.81791	-238.531	-34.5101	54.2047
-0.85508	-239.193	-34.6551	54.2558
-0.898772	-239.92	-34.8143	54.3119
-0.991728	-240.639	-34.9581	54.3678
-1.03009	-241.327	-35.0897	54.4205
-1.05166	-241.993	-35.2032	54.471
-1.05704	-242.717	-35.3186	54.5259
-1.04254	-243.424	-35.4223	54.5798
-1.01719	-244.135	-35.5139	54.6338
-0.947663	-244.84	-35.5991	54.6879
-0.852937	-245.578	-35.6766	54.7448
-0.724684	-246.275	-35.749	54.7995
-0.630162	-246.931	-35.8028	54.8519
-0.534561	-247.607	-35.867	54.9057
-0.45999	-248.253	-35.9288	54.9565
-0.270477	-248.869	-35.9923	55.0085
-0.148276	-249.539	-36.073	55.0649
-0.00484744	-250.148	-36.1657	55.1168
0.085494	-250.83	-36.2907	55.1724
0.196765	-251.531	-36.4315	55.2291
0.327707	-252.232	-36.5915	55.2852
0.472248	-252.922	-36.7481	55.34
0.549339	-253.592	-36.9094	55.3918
0.657477	-254.287	-37.0588	55.4458
0.742388	-255.041	-37.2138	55.5026
0.809245	-255.724	-37.3403	55.5543
0.865898	-256.435	-37.4616	55.6083
0.889783	-257.154	-37.5751	55.6629
0.89308	-257.884	-37.6825	55.7184
0.874494	-258.625	-37.7827	55.7752
0.838509	-259.308	-37.8677	55.8279
0.737683	-259.972	-37.9447	55.8804
0.665332	-260.611	-38.0055	55.931
0.533998	-261.278	-38.0742	55.9842
0.338611	-261.955	-38.1438	56.0404
0.200205	-262.599	-38.1972	56.0931
0.0672515	-263.264	-38.2668	56.1481
-0.00518291	-263.938	-38.341	56.2017
-0.104635	-264.599	-38.4299	56.2556
-0.18901	-265.264	-38.5332	56.3089
-0.413103	-265.789	-38.6258	56.3601
-0.46284	-266.488	-38.7612	56.417
-0.601282	-267.12	-38.8947	56.4709
-0.725613	-267.732	-39.0231	56.5211
-0.785279	-268.386	-39.1598	56.5722
-0.852093	-269.087	-39.3031	56.6276
-0.948511	-269.8	-39.4514	56.6839
-1.02431	-270.508	-39.587	56.739
-1.05372	-271.183	-39.7137	56.791
-1.09199	-271.85	-39.826	56.8426
-1.1044	-272.505	-39.9282	56.8932
-1.10347	-273.158	-40.024	56.9438
-1.07544	-273.866	-40.1197	56.9979
-1.037	-274.584	-40.2049	57.0531
-0.992625	-275.306	-40.2874	57.1084
-0.890041	-275.952	-40.3532	57.1593
-0.836349	-276.61	-40.4124	57.2112
-0.732397	-277.236	-40.475	57.2614
-0.633268	-277.855	-40.5397	57.3116
-0.55802	-278.483	-40.6126	57.3621
-0.40619	-279.124	-40.6997	57.4168
-0.330186	-279.775	-40.8034	57.471
-0.20572	-280.395	-40.9191	57.5217
-0.102484	-281.11	-41.0621	57.5788
0.0598375	-281.735	-41.1987	57.6311
0.115336	-282.399	-41.3571	57.6822
0.271612	-283.073	-41.5086	57.7359
0.386725	-283.853	-41.6788	57.795
0.464324	-284.518	-41.8155	57.8451
0.518136	-285.178	-41.942	57.8951
0.577159	-285.876	-42.0648	57.9475
0.610178	-286.618	-42.1841	58.0032
0.619191	-287.35	-42.2926	58.0578
0.600577	-288.031	-42.386	58.1087
0.591619	-288.738	-42.4743	58.1617
0.539434	-289.446	-42.5637	58.2154
0.418121	-290.167	-42.6462	58.2713
0.347366	-290.831	-42.722	58.3223
0.283576	-291.511	-42.8039	58.3753
0.179976	-292.205	-42.8736	58.4293
0.0883544	-292.844	-42.942	58.481
0.0638189	-293.549	-43.0209	58.5356
-0.0399677	-294.208	-43.1049	58.5887
-0.0912127	-294.889	-43.199	58.6427
-0.229717	-295.488	-43.2931	58.6951
-0.323575	-296.155	-43.4034	58.7496
-0.43649	-296.854	-43.5317	58.8071
-0.484038	-297.505	-43.6547	58.8581
-0.598393	-298.159	-43.7825	58.9113
-0.658088	-298.854	-43.9247	58.9666
-0.714686	-299.518	-44.0572	59.0184
-0.778845	-300.279	-44.2117	59.0772
-0.857052	-300.984	-44.3553	59.1319
-0.886152	-301.652	-44.4823	59.1829
-0.904932	-302.339	-44.6038	59.2357
-0.913911	-303.054	-44.7222	59.2902
-0.904612	-303.704	-44.8209	59.3403
-0.872679	-304.363	-44.9136	59.3915
-0.85146	-305.071	-45.0012	59.4464
-0.798139	-305.736	-45.0792	59.4976
-0.747807	-306.403	-45.1523	59.5488
-0.643699	-307.125	-45.2238	59.605
-0.523924	-307.816	-45.2979	59.6596
-0.448562	-308.455	-45.3663	59.7103
-0.379764	-309.127	-45.4407	59.7638
-0.301667	-309.78	-45.5282	59.8154
-0.154881	-310.399	-45.6225	59.8669
0.0145551	-311.04	-45.7328	59.9206
0.15204	-311.663	-45.8538	59.9739
0.251259	-312.332	-45.9877	60.0273
0.391029	-313.038	-46.1393	60.0832
0.510544	-313.691	-46.2769	60.1342
0.608975	-314.347	-46.4115	60.1855
0.726487	-315.002	-46.5399	60.2358
0.81905	-315.784	-46.6843	60.2951
0.870916	-316.495	-46.8062	60.3486
0.898413	-317.269	-46.9309	60.4062
0.905767	-317.936	-47.0308	60.4564
0.879426	-318.659	-47.1324	60.5114
0.866151	-319.345	-47.2178	60.5631
0.767888	-320.092	-47.3115	60.6203
0.716374	-320.797	-47.3914	60.6751
0.597557	-321.458	-47.4677	60.7281
0.539835	-322.135	-47.5435	60.7808
0.468545	-322.858	-47.6188	60.8366
0.391011	-323.506	-47.6909	60.8875
0.277711	-324.13	-47.7656	60.9385
0.198727	-324.801	-47.8568	60.9928
0.00991201	-325.459	-47.9568	61.0503
-0.0636097	-326.13	-48.0681	61.1036
-0.218187	-326.755	-48.1797	61.1573
-0.350595	-327.387	-48.2979	61.2094
-0.530579	-327.971	-48.4132	61.2595
-0.604336	-328.624	-48.5447	61.3107
-0.725893	-329.31	-48.6927	61.3651
-0.829587	-329.961	-48.8294	61.4165
-0.899521	-330.614	-48.9629	61.4675
-0.954332	-331.329	-49.1047	61.5231
-0.98661	-332.08	-49.2365	61.5808
-0.99443	-332.727	-49.3419	61.631
-0.980282	-333.381	-49.4406	61.6818
-0.947347	-334.13	-49.5355	61.7399
-0.893006	-334.803	-49.6026	61.793
-0.838517	-335.49	-49.6704	61.8468
-0.74265	-336.101	-49.7239	61.8974
-0.657302	-336.714	-49.7786	61.9481
-0.556526	-337.36	-49.8358	62.003
-0.503146	-338.022	-49.9113	62.057
-0.361339	-338.619	-49.9912	62.1085
-0.351799	-339.28	-50.0956	62.159
-0.263461	-339.974	-50.2246	62.2135
-0.210242	-340.633	-50.3554	62.2647
-0.088478	-341.304	-50.4933	62.3184
0.0628703	-342.033	-50.6539	62.3754
0.140336	-342.731	-50.8037	62.4284
0.254547	-343.461	-50.9632	62.4837
0.288496	-344.155	-51.1041	62.5356
0.358692	-344.839	-51.2365	62.5865
0.389491	-345.545	-51.3644	62.6389
0.427519	-346.274	-51.4896	62.6932
0.442866	-346.994	-51.6055	62.7469
0.438986	-347.768	-51.7231	62.805
0.414149	-348.525	-51.8334	62.862
0.392333	-349.223	-51.925	62.9149
0.366183	-349.909	-52.0106	62.9673
0.310225	-350.601	-52.0915	63.0211
0.241609	-351.254	-52.1632	63.0721
0.163113	-351.906	-52.2347	63.1226
0.0852109	-352.564	-52.3022	63.1746
-0.0386895	-353.201	-52.3756	63.2261
-0.121217	-353.864	-52.4565	63.2793
-0.251669	-354.53	-52.5388	63.3344
-0.370441	-355.259	-52.6404	63.3927
-0.465387	-355.936	-52.7397	63.4477
-0.58404	-356.586	-52.8442	63.4998
-0.637312	-357.319	-52.9716	63.5571
-0.752518	-357.999	-53.0947	63.6108
-0.812005	-358.653	-53.2176	63.661
-0.925197	-359.3	-53.3415	63.7129
-1.01166	-359.941	-53.4715	63.7636
-1.03477	-360.605	-53.6004	63.8144
-1.08624	-361.294	-53.7308	63.8671
-1.09493	-361.957	-53.8528	63.9173
-1.10775	-362.614	-53.9685	63.9673
-1.12337	-363.347	-54.092	64.0232
-1.11782	-364.027	-54.2002	64.0749
-1.09206	-364.723	-54.3051	64.1279
-1.04062	-365.373	-54.3969	64.1783
-0.970306	-366.069	-54.4901	64.2326
-0.927718	-366.801	-54.5789	64.2892
-0.819432	-367.443	-54.6541	64.3405
-0.791756	-368.16	-54.7349	64.3968
-0.697733	-368.746	-54.8031	64.4468
-0.559868	-369.319	-54.876	64.4999
-0.505551	-370.009	-54.9753	64.5566
-0.395513	-370.688	-55.0869	64.6129
-0.250474	-371.361	-55.2071	64.6698
-0.14069	-371.984	-55.3205	64.7201
0.0270146	-372.619	-55.4415	64.7737
0.0880243	-373.306	-55.5698	64.8271
0.212996	-373.997	-55.6998	64.8813
0.313746	-374.683	-55.8322	64.9341
0.373473	-375.391	-55.9603	64.9877
0.459482	-376.097	-56.0829	65.0412
0.537559	-376.77	-56.195	65.0922
0.581491	-377.461	-56.3053	65.1437
0.612287	-378.17	-56.4151	65.197
0.629338	-378.865	-56.5219	65.2493
0.630654	-379.579	-56.632	65.3033
0.620189	-380.274	-56.7377	65.3558
0.59907	-381	-56.8453	65.4105
0.567944	-381.684	-56.9428	65.4625
0.54605	-382.387	-57.0342	65.5158
0.488486	-383.067	-57.1211	65.5687
0.376293	-383.739	-57.2051	65.6213
0.272243	-384.422	-57.2872	65.6749
0.225643	-385.103	-57.3739	65.7274
0.0818998	-385.744	-57.4561	65.7801
-0.00870489	-386.389	-57.5405	65.8323
-0.134928	-387.018	-57.6229	65.8842
-0.230235	-387.661	-57.714	65.9376
-0.39233	-388.265	-57.8038	65.9895
-0.45348	-388.892	-57.9048	66.0399
-0.560173	-389.522	-58.0134	66.0908
-0.670462	-390.156	-58.1298	66.1414
-0.785952	-390.855	-58.2704	66.1972
-0.975616	-391.53	-58.409	66.2536
-1.05377	-392.191	-58.5591	66.3048
-1.15081	-392.833	-58.6978	66.3552
-1.2286	-393.52	-58.8392	66.4077
-1.24619	-394.192	-58.9684	66.4581
-1.26807	-394.857	-59.0858	66.5086
-1.26883	-395.605	-59.204	66.5655
-1.25193	-396.262	-59.2948	66.6158
-1.23266	-396.975	-59.3864	66.6701
-1.20684	-397.632	-59.463	66.7207
-1.08789	-398.302	-59.531	66.7753
-0.978296	-398.92	-59.5928	66.827
-0.849154	-399.541	-59.6543	66.88
-0.698723	-400.154	-59.7154	66.932
-0.55038	-400.693	-59.7719	66.9821
-0.437254	-401.231	-59.837	67.0329
-0.370191	-401.854	-59.9298	67.0901
-0.26944	-402.432	-60.0305	67.1411
-0.104139	-403.093	-60.1641	67.1969
0.0604547	-403.705	-60.2942	67.2472
0.190544	-404.408	-60.4434	67.3025
0.329945	-405.099	-60.6011	67.3573
0.412846	-405.76	-60.7408	67.408
0.499736	-406.428	-60.8721	67.4587
0.560478	-407.13	-60.9993	67.5113
0.611309	-407.836	-61.1186	67.5645
0.640413	-408.519	-61.226	67.6159
0.652304	-409.211	-61.3291	67.6681
0.652709	-409.888	-61.4237	67.719
0.619796	-410.625	-61.5187	67.7748
0.615636	-411.325	-61.6063	67.8281
0.549904	-411.981	-61.6849	67.879
0.483947	-412.699	-61.7717	67.9343
0.396678	-413.418	-61.8517	67.9903
0.274536	-414.126	-61.9304	68.047
0.180729	-414.828	-62.015	68.1026
0.0843323	-415.496	-62.094	68.158
0.00401772	-416.128	-62.1781	68.2092
-0.202005	-416.746	-62.2699	68.2624
-0.370444	-417.324	-62.3683	68.3125
-0.505491	-417.978	-62.4957	68.3676
-0.640017	-418.596	-62.6219	68.4196
-0.716215	-419.333	-62.7788	68.4766
-0.788474	-420.028	-62.9203	68.5304
-0.87721	-420.689	-63.0545	68.5825
-0.933004	-421.37	-63.1922	68.635
-0.989734	-422.048	-63.318	68.6868
-1.00991	-422.741	-63.437	68.7395
-1.00308	-423.446	-63.5498	68.7928
-0.974966	-424.118	-63.6474	68.8445
-0.953134	-424.838	-63.7399	68.9
-0.905377	-425.522	-63.8219	68.953
-0.807567	-426.162	-63.8861	69.0055
-0.754589	-426.783	-63.9512	69.0556
-0.631986	-427.386	-64.0136	69.1073
-0.49433	-427.967	-64.0758	69.1599
-0.411707	-428.564	-64.1466	69.2134
-0.236912	-429.127	-64.2246	69.268
-0.0904919	-429.653	-64.3126	69.3204
-0.0123681	-430.284	-64.428	69.3721
0.179315	-430.837	-64.5432	69.4258
0.36116	-431.462	-64.6659	69.4809
0.452667	-432.205	-64.8115	69.5396
0.579506	-432.865	-64.9361	69.593
0.697564	-433.543	-65.0576	69.6466
0.771784	-434.212	-65.1655	69.6975
0.843789	-434.939	-65.2762	69.7527
0.891306	-435.71	-65.3868	69.8103
0.910647	-436.433	-65.4883	69.8646
0.920528	-437.157	-65.5853	69.9186
0.913608	-437.921	-65.6907	69.9762
0.905268	-438.638	-65.7948	70.0298
0.924474	-439.339	-65.9026	70.0815
0.925364	-440.068	-66.0221	70.136
0.880942	-440.743	-66.1345	70.1878
0.871718	-441.427	-66.2444	70.2395
0.795335	-442.192	-66.3633	70.2974
0.706825	-442.885	-66.4694	70.3508
0.656227	-443.579	-66.5746	70.4034
0.609488	-444.297	-66.6814	70.4583
0.511283	-444.962	-66.7781	70.5092
0.430319	-445.694	-66.8836	70.5648
0.351684	-446.367	-66.9765	70.6159
0.271255	-447.035	-67.0701	70.6664
0.121268	-447.748	-67.1709	70.722
0.0391191	-448.424	-67.2652	70.7735
-0.0543313	-449.11	-67.3611	70.8262
-0.128137	-449.802	-67.4642	70.8797
