x	y	z	t
0.318034	449.766	73.4215	0.0524041
0.318712	448.8	73.2694	0.110488
0.317708	447.878	73.1234	0.166328
0.315052	446.961	72.9763	0.221573
0.309435	446.04	72.8237	0.277251
0.299915	445.161	72.6761	0.33049
0.286261	444.327	72.5337	0.381155
0.267361	443.441	72.3822	0.435142
0.242872	442.595	72.2352	0.4867
0.222983	441.7	72.0864	0.541441
0.190754	440.769	71.936	0.59828
0.16907	439.904	71.8025	0.651038
0.1249	438.973	71.6632	0.707504
0.0727591	438.098	71.5321	0.761818
-0.00729222	437.257	71.3999	0.814098
-0.0509536	436.398	71.2495	0.867605
-0.140771	435.561	71.0899	0.920285
-0.21813	434.752	70.9221	0.971248
-0.311128	433.904	70.7451	1.02403
-0.357734	433.084	70.5778	1.07431
-0.377243	432.244	70.4154	1.12629
-0.381978	431.337	70.266	1.18131
-0.362895	430.481	70.141	1.23323
-0.325439	429.555	70.024	1.28977
-0.249904	428.651	69.9145	1.34461
-0.188249	427.809	69.8173	1.39566
-0.119679	426.893	69.7115	1.45197
-0.0485206	426.076	69.6072	1.50286
0.0606405	425.239	69.4869	1.55576
0.153488	424.447	69.363	1.60617
0.223136	423.612	69.2114	1.65924
0.369355	422.727	69.0404	1.71651
0.431074	421.895	68.861	1.76906
0.542638	421.015	68.6806	1.82379
0.584433	420.087	68.4939	1.88045
0.633255	419.211	68.335	1.93374
0.643336	418.337	68.1866	1.98629
0.63976	417.415	68.0396	2.042
0.597955	416.51	67.9115	2.09701
0.510238	415.605	67.7925	2.1527
0.41075	414.784	67.6923	2.20446
0.303098	413.988	67.5957	2.25585
0.227186	413.167	67.5044	2.30906
0.100364	412.374	67.4109	2.36231
-0.0921578	411.569	67.3086	2.41847
-0.246387	410.845	67.1997	2.46993
-0.408669	410.108	67.0756	2.52046
-0.553617	409.317	66.9266	2.57326
-0.725262	408.483	66.7598	2.62801
-0.836551	407.651	66.6022	2.6809
-0.923857	406.851	66.4608	2.73117
-0.977026	406.008	66.3275	2.78305
-0.995102	405.134	66.1993	2.83627
-0.971029	404.285	66.0826	2.88726
-0.946541	403.411	65.9663	2.94
-0.863873	402.493	65.8537	2.9951
-0.794147	401.62	65.7533	3.04733
-0.712516	400.73	65.6414	3.10096
-0.628044	399.908	65.5361	3.15123
-0.508882	399.097	65.4225	3.2023
-0.356128	398.247	65.2906	3.25801
-0.226796	397.445	65.1557	3.31057
-0.117708	396.683	65.0166	3.36087
0.0190728	395.884	64.864	3.4133
0.16845	395.041	64.6909	3.46837
0.326553	394.167	64.5181	3.52539
0.429273	393.375	64.3565	3.57588
0.514166	392.49	64.1768	3.631
0.616596	391.628	64.0162	3.68463
0.661995	390.761	63.8654	3.73749
0.68228	389.926	63.7369	3.78781
0.67427	389.046	63.6161	3.84136
0.632972	388.126	63.5068	3.89736
0.582593	387.182	63.3937	3.95467
0.48831	386.362	63.3022	4.00486
0.419915	385.438	63.2001	4.0618
0.304493	384.545	63.0897	4.11729
0.226769	383.706	62.9862	4.17034
0.119079	382.909	62.8772	4.22196
-0.0611734	382.078	62.7538	4.27728
-0.177642	381.301	62.6222	4.3298
-0.305737	380.526	62.4808	4.38201
-0.503974	379.765	62.3375	4.43478
-0.589188	378.953	62.1728	4.48775
-0.700898	378.16	62.0182	4.53911
-0.817933	377.327	61.8585	4.59208
-0.892269	376.531	61.709	4.64234
-0.966943	375.623	61.5434	4.69885
-0.996586	374.773	61.409	4.75062
-1.00205	373.92	61.2881	4.8025
-0.982463	373.064	61.181	4.85411
-0.920902	372.198	61.0816	4.90667
-0.862782	371.312	60.989	4.96042
-0.772028	370.485	60.9005	5.01179
-0.679747	369.64	60.7976	5.06467
-0.538225	368.792	60.6917	5.11982
-0.403459	368.039	60.5865	5.16986
-0.210666	367.201	60.4576	5.22701
-0.0758107	366.425	60.3236	5.27988
0.0587972	365.629	60.1714	5.3331
0.27752	364.87	60.0161	5.38511
0.414552	364.054	59.8455	5.43729
0.517293	363.168	59.6577	5.49365
0.612494	362.347	59.4965	5.54484
0.713027	361.513	59.3433	5.59629
0.749168	360.678	59.1981	5.64804
0.755972	359.829	59.0672	5.70018
0.732923	358.921	58.9345	5.75541
0.689383	358.007	58.8109	5.81121
0.599414	357.098	58.6918	5.86703
0.521892	356.278	58.5944	5.91768
0.43762	355.407	58.4863	5.97172
0.341988	354.594	58.39	6.02248
0.191317	353.742	58.2856	6.07773
0.0927514	352.953	58.1887	6.13012
-0.0180049	352.183	58.0762	6.18174
-0.157519	351.429	57.9574	6.23218
-0.268563	350.69	57.8286	6.28257
-0.399343	349.916	57.6816	6.33446
-0.569497	349.161	57.528	6.385
-0.66102	348.325	57.3514	6.43818
-0.765517	347.505	57.1901	6.48956
-0.8587	346.601	57.0264	6.54497
-0.92726	345.7	56.8741	6.5998
-0.965015	344.785	56.7352	6.65507
-0.98194	343.932	56.6121	6.70686
-0.988468	343.087	56.5009	6.75837
-0.940732	342.226	56.387	6.81102
-0.885095	341.388	56.2801	6.86338
-0.743054	340.563	56.1776	6.91609
-0.632563	339.78	56.0845	6.96663
-0.529776	338.945	55.9877	7.02058
-0.371861	338.199	55.8908	7.07076
-0.145012	337.383	55.7679	7.12682
-0.0121999	336.582	55.6219	7.18086
0.184994	335.773	55.4599	7.23468
0.329863	334.926	55.2718	7.2903
0.451271	334.119	55.0995	7.34152
0.587951	333.214	54.9183	7.39821
0.652054	332.322	54.7478	7.45328
0.689862	331.379	54.5894	7.51039
0.675982	330.487	54.4567	7.56455
0.636122	329.597	54.3347	7.6184
0.586363	328.752	54.2338	7.66957
0.520385	327.835	54.1197	7.72513
0.429915	326.943	54.0192	7.77975
0.354543	326.128	53.9256	7.83008
0.274721	325.283	53.8258	7.88269
0.11831	324.463	53.7271	7.93634
0.0221005	323.681	53.6281	7.98682
-0.0453887	322.808	53.5032	8.04381
-0.222852	322.041	53.3754	8.0968
-0.357032	321.319	53.2367	8.14713
-0.44158	320.485	53.0558	8.20228
-0.581758	319.625	52.8589	8.25913
-0.670817	318.796	52.6771	8.3117
-0.749294	317.972	52.5053	8.36354
-0.810269	317.153	52.3461	8.41419
-0.84872	316.3	52.1997	8.4661
-0.83935	315.442	52.0717	8.51763
-0.796661	314.531	51.9495	8.57221
-0.705852	313.61	51.8332	8.62785
-0.619167	312.754	51.7313	8.67989
-0.522066	311.887	51.6198	8.73409
-0.343393	311.096	51.521	8.78591
-0.231363	310.261	51.4267	8.84009
-0.0837095	309.525	51.3441	8.89038
0.0700814	308.711	51.2402	8.94545
0.246409	307.967	51.1315	8.99773
0.35897	307.174	50.9935	9.05365
0.551552	306.398	50.844	9.10809
0.634241	305.547	50.665	9.16412
0.751419	304.699	50.4848	9.21977
0.865577	303.811	50.312	9.2759
0.920176	302.968	50.1563	9.32809
0.954159	302.141	50.0133	9.37896
0.955811	301.212	49.8648	9.435
0.926744	300.294	49.729	9.49034
0.872321	299.411	49.6044	9.54367
0.817257	298.552	49.4906	9.59583
0.714593	297.693	49.3886	9.64909
0.623169	296.825	49.2838	9.70335
0.464974	295.987	49.183	9.75732
0.383386	295.153	49.0791	9.81034
0.269015	294.375	48.9677	9.86119
0.148921	293.599	48.8431	9.91408
-0.0493769	292.831	48.7106	9.96629
-0.146405	291.983	48.553	10.0225
-0.274973	291.2	48.4047	10.0745
-0.453268	290.411	48.2539	10.1271
-0.553741	289.576	48.0875	10.1807
-0.643214	288.77	47.9381	10.2314
-0.729028	287.911	47.7879	10.2848
-0.770562	287.045	47.6469	10.3384
-0.779273	286.207	47.5283	10.389
-0.772872	285.343	47.416	10.4411
-0.746788	284.496	47.3153	10.492
-0.678784	283.594	47.2146	10.5469
-0.622393	282.666	47.1264	10.6036
-0.546714	281.835	47.0442	10.6548
-0.420339	280.96	46.957	10.7105
-0.334601	280.151	46.8653	10.7615
-0.230546	279.296	46.7561	10.8162
-0.0400434	278.563	46.6481	10.8665
0.0845931	277.762	46.5014	10.9201
0.216522	276.999	46.3369	10.9716
0.411321	276.155	46.1443	11.0288
0.513006	275.326	45.9343	11.0827
0.616349	274.49	45.7454	11.135
0.721448	273.611	45.553	11.1896
0.781244	272.785	45.3943	11.2404
0.818211	271.951	45.2511	11.2913
0.826864	271.007	45.1076	11.3486
0.807187	270.095	44.9896	11.4042
0.733914	269.189	44.8816	11.4593
0.665402	268.343	44.7968	11.5115
0.588548	267.517	44.7071	11.563
0.441829	266.65	44.6084	11.6184
0.362979	265.832	44.5223	11.671
0.221593	265.018	44.4272	11.7254
0.0761681	264.192	44.322	11.7807
-0.030178	263.358	44.1959	11.8353
-0.178709	262.514	44.0431	11.892
-0.30255	261.72	43.8796	11.9436
-0.465782	260.918	43.7003	11.9965
-0.562529	260.116	43.5183	12.048
-0.63935	259.3	43.3336	12.0997
-0.715103	258.452	43.1644	12.1525
-0.762277	257.603	43.0118	12.2049
-0.77719	256.735	42.8743	12.2575
-0.753589	255.867	42.7535	12.3095
-0.700263	254.991	42.6583	12.3622
-0.629812	254.117	42.5685	12.4148
-0.54004	253.295	42.4852	12.4652
-0.429572	252.424	42.4022	12.5201
-0.331601	251.639	42.3161	12.5703
-0.212684	250.848	42.2222	12.6217
-0.0881814	250.073	42.121	12.6731
0.0371084	249.28	42.0032	12.7257
0.19651	248.478	41.8611	12.78
0.350371	247.754	41.7137	12.8304
0.484553	246.931	41.5406	12.8849
0.62062	246.168	41.3729	12.9351
0.767833	245.341	41.1979	12.989
0.832567	244.472	41.0147	13.0437
0.896038	243.665	40.8593	13.0937
0.953317	242.761	40.6994	13.1494
0.968688	241.906	40.5605	13.2014
0.964621	241.06	40.4339	13.2528
0.927159	240.151	40.3056	13.3083
0.875151	239.328	40.1979	13.3586
0.802093	238.508	40.0953	13.4092
0.734172	237.663	39.994	13.4621
0.647028	236.812	39.8872	13.5152
0.513598	235.952	39.783	13.5705
0.397597	235.113	39.6742	13.6248
0.25447	234.272	39.5624	13.6809
0.0852371	233.429	39.4331	13.7376
0.00790533	232.566	39.2807	13.7951
-0.114816	231.808	39.1314	13.846
-0.296893	231.024	38.9687	13.8982
-0.399495	230.201	38.7867	13.9515
-0.515285	229.384	38.6196	14.0037
-0.641852	228.539	38.4546	14.0566
-0.698846	227.649	38.2961	14.111
-0.734207	226.785	38.1624	14.1634
-0.739446	225.901	38.045	14.2167
-0.703216	225.043	37.9458	14.2684
-0.662156	224.185	37.8531	14.3204
-0.61683	223.312	37.7701	14.3734
-0.519391	222.512	37.6858	14.4239
-0.410165	221.732	37.6002	14.4742
-0.281649	220.976	37.5099	14.5243
-0.188576	220.199	37.4047	14.5752
-0.0198094	219.384	37.2779	14.6317
0.105679	218.596	37.1334	14.6844
0.301867	217.835	36.9788	14.7371
0.423089	217.079	36.8143	14.7875
0.532807	216.233	36.6207	14.8412
0.666267	215.445	36.4484	14.8915
0.77502	214.561	36.2701	14.9465
0.853185	213.658	36.1025	15.0015
0.888779	212.818	35.9661	15.0519
0.898568	211.904	35.8335	15.1066
0.864998	211.053	35.7207	15.1577
0.817052	210.174	35.6202	15.2108
0.747755	209.284	35.5164	15.2659
0.658838	208.487	35.4292	15.3165
0.513968	207.641	35.3406	15.3723
0.393508	206.82	35.2421	15.4272
0.210681	206.064	35.146	15.4804
0.0836295	205.306	35.038	15.5343
-0.139269	204.531	34.9088	15.589
-0.269575	203.772	34.7634	15.6421
-0.4271	203.027	34.6079	15.6921
-0.595899	202.218	34.4334	15.7448
-0.752756	201.382	34.2548	15.7986
-0.842077	200.558	34.0849	15.8503
-0.921566	199.714	33.9244	15.9029
-0.957251	198.881	33.7891	15.9535
-0.962682	197.991	33.6594	16.0072
-0.94225	197.133	33.5462	16.0587
-0.92212	196.242	33.4438	16.1115
-0.850752	195.307	33.3337	16.1674
-0.766532	194.385	33.2283	16.223
-0.656205	193.527	33.119	16.277
-0.527867	192.672	33.0086	16.3317
-0.415893	191.885	32.9011	16.3831
-0.306975	191.12	32.7908	16.4343
-0.13839	190.325	32.6654	16.4905
-0.0447243	189.599	32.5329	16.5421
0.0852455	188.857	32.3882	16.5948
0.272021	188.098	32.2368	16.6474
0.385311	187.274	32.0615	16.7023
0.482575	186.486	31.9007	16.7536
0.59178	185.683	31.7454	16.8051
0.676702	184.836	31.6002	16.8571
0.714447	184.011	31.4723	16.9072
0.732468	183.109	31.3454	16.9615
0.730835	182.244	31.2276	17.0133
0.715751	181.413	31.1177	17.0633
0.686913	180.561	31.0094	17.1149
0.606815	179.693	30.9018	17.1684
0.533618	178.868	30.8003	17.22
0.457532	178.059	30.7	17.2712
0.381036	177.261	30.6052	17.3231
0.235162	176.435	30.4959	17.3789
0.16971	175.673	30.3919	17.4317
0.0575457	174.889	30.2662	17.4858
-0.123582	174.153	30.1339	17.5374
-0.241365	173.355	29.9739	17.5926
-0.347127	172.504	29.8038	17.6476
-0.510144	171.692	29.6364	17.7001
-0.601901	170.835	29.4569	17.7544
-0.732398	169.919	29.2842	17.8111
-0.79794	169.03	29.1231	17.8656
-0.847411	168.115	28.9817	17.9214
-0.86336	167.244	28.8686	17.9737
-0.853343	166.347	28.7628	18.0278
-0.793765	165.51	28.6778	18.0786
-0.731104	164.594	28.5958	18.1343
-0.658312	163.775	28.5153	18.1846
-0.549853	162.947	28.4274	18.2368
-0.424047	162.141	28.3382	18.288
-0.249286	161.349	28.2407	18.3405
-0.162736	160.575	28.1299	18.3918
-0.0177873	159.817	27.9978	18.4432
0.0956057	158.985	27.8317	18.4978
0.265515	158.196	27.6471	18.5525
0.373621	157.411	27.4681	18.6033
0.479996	156.57	27.2855	18.6564
0.590523	155.666	27.0948	18.713
0.665465	154.814	26.9357	18.7651
0.723287	153.954	26.788	18.8172
0.750147	153.051	26.6488	18.872
0.751699	152.144	26.5196	18.9268
0.728473	151.301	26.409	18.9777
0.677087	150.399	26.2986	19.0327
0.609892	149.548	26.1918	19.085
0.517424	148.704	26.085	19.1381
0.398335	147.832	25.9739	19.1945
0.290593	147.029	25.8637	19.2463
0.178497	146.259	25.753	19.2971
0.00620013	145.458	25.628	19.3519
-0.0979983	144.734	25.5026	19.4021
-0.228547	143.924	25.3583	19.4575
-0.389698	143.121	25.2002	19.5124
-0.536559	142.317	25.0416	19.5659
-0.691354	141.472	24.8797	19.6203
-0.773642	140.674	24.7271	19.6703
-0.825324	139.839	24.5735	19.7226
-0.877189	138.919	24.4302	19.7792
-0.887696	138.046	24.3109	19.8326
-0.865497	137.136	24.1962	19.8883
-0.840398	136.239	24.1044	19.9424
-0.783363	135.349	24.0104	19.9963
-0.681763	134.486	23.917	20.0493
-0.617153	133.598	23.8197	20.104
-0.437666	132.722	23.7082	20.1601
-0.3237	131.924	23.6009	20.2127
-0.210251	131.056	23.4698	20.2689
-0.0222527	130.295	23.3405	20.3216
0.0882859	129.514	23.1856	20.3752
0.291403	128.704	23.0092	20.4325
0.436989	127.909	22.8346	20.4848
0.585632	127.057	22.6513	20.5401
0.698087	126.259	22.4816	20.591
0.787929	125.379	22.3021	20.6451
0.860621	124.485	22.141	20.7
0.884811	123.648	22.003	20.7507
0.884876	122.757	21.8725	20.8052
0.834398	121.889	21.7566	20.8584
0.790649	120.984	21.6493	20.9139
0.706503	120.182	21.5575	20.964
0.599783	119.329	21.4579	21.0192
0.427956	118.568	21.3735	21.0699
0.334851	117.764	21.2853	21.1227
0.217176	116.943	21.1807	21.1782
-0.00393116	116.23	21.0781	21.2299
-0.110326	115.419	20.9394	21.2855
-0.334702	114.681	20.8003	21.3409
-0.452546	113.907	20.6309	21.3945
-0.63528	113.084	20.4537	21.4499
-0.756365	112.254	20.2739	21.5038
-0.855466	111.395	20.1067	21.5583
-0.948911	110.514	19.9515	21.6124
-0.986142	109.595	19.8153	21.6675
-0.988898	108.716	19.7013	21.7201
-0.984249	107.809	19.6034	21.7746
-0.941771	106.963	19.5156	21.8253
-0.87292	106.108	19.4214	21.8775
-0.73877	105.239	19.3211	21.9312
-0.66731	104.398	19.231	21.9835
-0.541981	103.553	19.121	22.0376
-0.369911	102.788	19.0104	22.0882
-0.152796	102.048	18.8907	22.1388
-0.000496626	101.304	18.7536	22.1904
0.168847	100.543	18.5997	22.2424
0.28981	99.7019	18.4159	22.2981
0.460139	98.8696	18.227	22.3532
0.577981	97.9852	18.0416	22.4095
0.705681	97.1675	17.8737	22.4606
0.782727	96.2629	17.7051	22.5159
0.834359	95.3571	17.5585	22.5709
0.848237	94.4957	17.4362	22.6229
0.847914	93.5963	17.3279	22.6776
0.814417	92.7751	17.2372	22.7277
0.732818	91.916	17.1451	22.7809
0.681414	91.0781	17.0659	22.8335
0.604031	90.2044	16.9725	22.8885
0.500708	89.43	16.8913	22.9386
0.324419	88.653	16.8039	22.9919
0.238349	87.8147	16.7025	23.0479
0.0450072	87.0362	16.5919	23.1014
-0.110277	86.302	16.4745	23.1524
-0.211878	85.5455	16.3317	23.2038
-0.360932	84.7719	16.1743	23.2558
-0.509195	83.988	16.0036	23.3087
-0.689025	83.1937	15.829	23.3613
-0.78527	82.3558	15.6431	23.4149
-0.896193	81.4944	15.4722	23.4692
-0.956144	80.6257	15.3122	23.5232
-0.976625	79.6994	15.1651	23.5797
-0.968429	78.8039	15.0422	23.6335
-0.938909	77.9581	14.9366	23.6841
-0.881248	77.0625	14.8279	23.738
-0.787757	76.1541	14.7293	23.7942
-0.660863	75.2811	14.6353	23.8494
-0.598338	74.4238	14.5562	23.9035
-0.510829	73.6493	14.4766	23.954
-0.398631	72.8442	14.3824	24.0072
-0.23788	72.0145	14.27	24.0626
-0.111603	71.2598	14.1501	24.1127
-0.0363454	70.4607	13.9915	24.1656
0.14187	69.6169	13.8087	24.2217
0.264181	68.8224	13.6185	24.2732
0.374674	68.0349	13.411	24.3235
0.490576	67.1227	13.2062	24.3805
0.600306	66.2291	13.0111	24.4355
0.66555	65.3181	12.8446	24.4908
0.684648	64.3767	12.6959	24.5475
0.662563	63.4548	12.5764	24.6035
0.614984	62.5272	12.4672	24.6601
0.526258	61.6391	12.3788	24.715
0.444483	60.7989	12.2871	24.7679
0.304081	59.9991	12.1969	24.82
0.192827	59.2245	12.1031	24.8705
0.11716	58.4168	11.9998	24.9244
-0.0262697	57.6832	11.8942	24.9753
-0.225044	56.9169	11.7742	25.0303
-0.349311	56.1658	11.6469	25.0818
-0.4735	55.3844	11.5008	25.1365
-0.64437	54.5559	11.3415	25.1926
-0.739441	53.75	11.1747	25.2457
-0.852	52.9478	11.0157	25.2977
-0.960571	52.1151	10.8574	25.3503
-1.01123	51.2812	10.7124	25.4027
-1.03033	50.437	10.5865	25.4549
-1.02767	49.5233	10.465	25.5105
-0.99852	48.6371	10.3622	25.5644
-0.954097	47.7668	10.2649	25.6172
-0.875023	46.8791	10.1619	25.6715
-0.796146	46.0471	10.0627	25.7231
-0.726931	45.1888	9.96155	25.7768
-0.594332	44.3347	9.85441	25.8318
-0.54249	43.5056	9.75416	25.8843
-0.456383	42.6994	9.64788	25.9365
-0.317732	41.8909	9.53136	25.9907
-0.163762	41.0861	9.39774	26.0455
-0.0807651	40.2898	9.24655	26.0984
0.0857972	39.4439	9.06359	26.1546
0.206773	38.5901	8.87562	26.2091
0.321298	37.7822	8.69435	26.2602
0.444865	36.8887	8.49974	26.3159
0.520692	36.0612	8.34141	26.3667
0.579162	35.1759	8.19337	26.421
0.595838	34.3467	8.07326	26.4715
0.580068	33.5193	7.96513	26.5221
0.540664	32.609	7.85804	26.5782
0.468897	31.6949	7.75457	26.6348
0.389415	30.891	7.6597	26.685
0.311587	30.0517	7.55252	26.7384
0.17601	29.258	7.44568	26.7903
0.107588	28.3802	7.32449	26.8467
-0.00231827	27.5625	7.20447	26.9006
-0.166485	26.7948	7.0811	26.9521
-0.287276	25.9949	6.9388	27.0071
-0.452391	25.1506	6.77973	27.0639
-0.547147	24.3354	6.60821	27.1179
-0.652223	23.5526	6.44467	27.1685
-0.758672	22.742	6.2808	27.2206
-0.81708	21.9115	6.12533	27.2726
-0.84967	21.0354	5.97959	27.3269
-0.864899	20.1567	5.85447	27.3806
-0.845072	19.3028	5.74701	27.4329
-0.819137	18.4076	5.65235	27.4875
-0.717895	17.523	5.55935	27.5421
-0.649784	16.6694	5.47989	27.5951
-0.531558	15.8037	5.3862	27.6501
-0.384107	15.0171	5.29798	27.7019
-0.235832	14.2673	5.19925	27.753
-0.0951735	13.5378	5.08833	27.8031
0.0716091	12.8134	4.95949	27.8533
0.18194	12.0331	4.80579	27.9046
0.290895	11.2178	4.62485	27.9578
0.451235	10.3582	4.44093	28.0126
0.539351	9.47984	4.24671	28.0671
0.655123	8.62156	4.07475	28.1206
0.749763	7.75983	3.9149	28.1733
0.7864	6.83891	3.75703	28.2293
0.796333	5.91844	3.61961	28.2855
0.779559	5.09525	3.50682	28.3357
0.730839	4.18773	3.38839	28.3913
0.663479	3.3529	3.28437	28.4426
0.581243	2.46814	3.178	28.497
0.464766	1.56739	3.06138	28.5535
0.371711	0.756719	2.95869	28.6047
0.287448	-0.0344644	2.86453	28.6558
0.18671	-0.895334	2.7529	28.7116
0.0364257	-1.6782	2.65046	28.7648
-0.055695	-2.43051	2.54738	28.8161
-0.170256	-3.20096	2.42544	28.8688
-0.273082	-3.93619	2.29456	28.919
-0.427871	-4.74699	2.1392	28.9741
-0.522654	-5.5785	1.96106	29.0292
-0.678677	-6.40217	1.78279	29.0839
-0.797452	-7.19136	1.61104	29.1346
-0.880918	-7.98886	1.43986	29.1861
-0.945081	-8.81426	1.28617	29.238
-0.997943	-9.67553	1.14294	29.2912
-1.01047	-10.5702	1.01352	29.3453
-0.994466	-11.436	0.902744	29.3974
-0.928484	-12.3362	0.796804	29.452
-0.869477	-13.264	0.702232	29.5081
-0.777218	-14.121	0.611815	29.5617
-0.686215	-14.9926	0.525124	29.6166
-0.581127	-15.7661	0.439214	29.6674
-0.463434	-16.5107	0.343444	29.7184
-0.329827	-17.2303	0.238527	29.7698
-0.119162	-17.9566	0.113482	29.8227
0.026424	-18.6541	-0.0252953	29.8741
0.108916	-19.5284	-0.212531	29.9312
0.284359	-20.3243	-0.387531	29.9841
0.378509	-21.1962	-0.579217	30.0391
0.501824	-22.0388	-0.745735	30.092
0.555611	-22.9474	-0.91311	30.1474
0.600197	-23.8442	-1.06144	30.2022
0.602419	-24.7182	-1.19049	30.2556
0.586304	-25.5839	-1.30998	30.3079
0.537119	-26.4981	-1.43099	30.3635
0.485392	-27.3263	-1.53436	30.4142
0.416845	-28.1766	-1.63338	30.4665
0.352601	-29.0436	-1.74082	30.5202
0.263597	-29.8588	-1.8411	30.5719
0.148282	-30.6349	-1.94067	30.6225
0.096016	-31.4955	-2.05897	30.6785
-0.0654568	-32.3057	-2.18209	30.7344
-0.199531	-33.0458	-2.30637	30.7852
-0.320745	-33.7777	-2.44674	30.8373
-0.442912	-34.5589	-2.60292	30.8904
-0.582405	-35.3875	-2.78468	30.9455
-0.698678	-36.1715	-2.95464	30.9962
-0.812392	-37.0048	-3.12676	31.0492
-0.919573	-37.8997	-3.29746	31.1052
-0.964773	-38.7469	-3.44714	31.1572
-0.989965	-39.5878	-3.57484	31.2085
-0.976262	-40.4709	-3.69695	31.2619
-0.945656	-41.3691	-3.80455	31.3159
-0.876864	-42.2413	-3.90454	31.369
-0.765787	-43.1197	-3.99895	31.4234
-0.667787	-44.0141	-4.07892	31.4794
-0.505622	-44.8372	-4.15912	31.5331
-0.391404	-45.6235	-4.24159	31.584
-0.289769	-46.3849	-4.33153	31.6359
-0.134351	-47.1271	-4.44606	31.6879
0.0214574	-47.8646	-4.58012	31.7398
0.200406	-48.6754	-4.74994	31.7965
0.338946	-49.4281	-4.91356	31.8482
0.521239	-50.2882	-5.09762	31.9052
0.607704	-51.1998	-5.29457	31.9624
0.725207	-52.0501	-5.46372	32.0156
0.793333	-52.895	-5.62077	32.0675
0.836893	-53.7657	-5.76358	32.1205
0.84407	-54.666	-5.8976	32.1754
0.820277	-55.563	-6.01785	32.23
0.777272	-56.4076	-6.12487	32.2816
0.71435	-57.2426	-6.22375	32.3325
0.633829	-58.0855	-6.31904	32.3837
0.819748	-58.8694	-6.38896	32.4377
0.690188	-59.6802	-6.47824	32.4892
0.561204	-60.4705	-6.57229	32.5406
0.398655	-61.2767	-6.67648	32.5936
0.325366	-62.1302	-6.79354	32.649
0.164861	-62.9218	-6.914	32.703
0.0770965	-63.7619	-7.06015	32.7591
-0.0334293	-64.5344	-7.20828	32.8103
-0.210034	-65.3315	-7.37081	32.8644
-0.314999	-66.1521	-7.5553	32.9184
-0.427697	-66.9453	-7.7297	32.9691
-0.56037	-67.7878	-7.90813	33.023
-0.647766	-68.6144	-8.07599	33.0748
-0.689367	-69.4709	-8.24299	33.1277
-0.721126	-70.3052	-8.38349	33.1792
-0.730165	-71.1699	-8.51229	33.2318
-0.710075	-72.0792	-8.62852	33.2865
-0.667913	-72.9484	-8.7293	33.3391
-0.568242	-73.8487	-8.83316	33.3944
-0.468956	-74.6588	-8.92549	33.4444
-0.40189	-75.4969	-9.02761	33.4973
-0.292146	-76.3102	-9.13764	33.5493
-0.153089	-77.093	-9.24916	33.6017
-0.0122247	-77.8579	-9.36625	33.6548
0.0657017	-78.6934	-9.50594	33.711
0.234513	-79.4908	-9.65233	33.7661
0.332895	-80.2309	-9.80606	33.8171
0.465408	-81.0216	-9.96604	33.8696
0.621992	-81.8604	-10.1334	33.9237
0.725603	-82.7221	-10.3069	33.9781
0.797508	-83.5689	-10.4571	34.0301
0.844214	-84.4449	-10.5991	34.0835
0.863022	-85.3479	-10.7259	34.1389
0.84531	-86.2143	-10.8388	34.1924
0.786263	-87.0249	-10.9374	34.2425
0.724103	-87.8666	-11.0355	34.2944
0.629984	-88.6889	-11.129	34.346
0.526881	-89.5264	-11.2198	34.3996
0.437827	-90.3634	-11.3191	34.4529
0.298703	-91.2071	-11.4177	34.5088
0.163526	-92.0085	-11.524	34.5625
0.0285937	-92.763	-11.6346	34.6135
-0.172318	-93.4838	-11.7532	34.6642
-0.280911	-94.2742	-11.8981	34.7188
-0.427026	-95.0079	-12.0427	34.7689
-0.567153	-95.8015	-12.2057	34.8221
-0.741975	-96.63	-12.3835	34.8773
-0.842253	-97.4218	-12.545	34.9277
-0.949875	-98.3018	-12.7071	34.9824
-0.99917	-99.1776	-12.8544	35.0365
-1.0174	-100.043	-12.9831	35.0895
-1.00322	-100.891	-13.0953	35.1418
-0.966285	-101.775	-13.2011	35.1952
-0.922009	-102.68	-13.2932	35.2496
-0.858131	-103.534	-13.3816	35.3023
-0.750782	-104.332	-13.464	35.3523
-0.58051	-105.12	-13.5495	35.4036
-0.480782	-105.939	-13.648	35.4572
-0.343291	-106.768	-13.7651	35.5129
-0.22237	-107.515	-13.8831	35.5633
-0.0315312	-108.267	-14.0226	35.6169
0.0911018	-109.03	-14.1879	35.6701
0.232667	-109.783	-14.3573	35.7218
0.42483	-110.586	-14.5387	35.7754
0.521448	-111.399	-14.7279	35.8276
0.618422	-112.271	-14.9049	35.882
0.703823	-113.114	-15.0645	35.9334
0.737995	-113.96	-15.2124	35.9847
0.764958	-114.843	-15.3531	36.0375
0.77217	-115.676	-15.4744	36.0876
0.761599	-116.578	-15.5964	36.1423
0.714355	-117.488	-15.7056	36.1986
0.680783	-118.309	-15.8029	36.2497
0.556998	-119.179	-15.9052	36.3062
0.496519	-120.04	-15.999	36.3615
0.396272	-120.899	-16.0998	36.4178
0.305664	-121.645	-16.2029	36.4679
0.199139	-122.47	-16.3315	36.5226
0.0390351	-123.267	-16.4705	36.5769
-0.0907936	-124.018	-16.6177	36.6273
-0.19659	-124.804	-16.79	36.6796
-0.299745	-125.607	-16.9586	36.7309
-0.407552	-126.445	-17.1263	36.7842
-0.468827	-127.329	-17.2895	36.839
-0.506766	-128.24	-17.4331	36.8944
-0.516683	-129.142	-17.5506	36.9485
-0.475847	-130.067	-17.6602	37.0039
-0.426183	-130.939	-17.7538	37.0571
-0.377278	-131.802	-17.842	37.1101
-0.284922	-132.615	-17.9334	37.1617
-0.213781	-133.41	-18.0262	37.2121
-0.0597287	-134.181	-18.1235	37.264
0.023077	-135.015	-18.2442	37.319
0.171492	-135.839	-18.3814	37.3742
0.264637	-136.654	-18.5436	37.4287
0.434884	-137.499	-18.7211	37.4845
0.540435	-138.335	-18.9157	37.5383
0.644803	-139.149	-19.0933	37.59
0.732591	-139.963	-19.2616	37.641
0.83017	-140.811	-19.4216	37.6935
0.874913	-141.68	-19.5749	37.7467
0.898152	-142.55	-19.7185	37.7996
0.87665	-143.445	-19.8529	37.8542
0.83698	-144.304	-19.9696	37.9069
0.766507	-145.128	-20.0699	37.9576
0.692745	-145.999	-20.163	38.0113
0.54347	-146.846	-20.2583	38.0658
0.43245	-147.668	-20.3414	38.1198
0.280462	-148.427	-20.4242	38.1709
0.163322	-149.204	-20.5188	38.2224
-0.0264469	-149.92	-20.6148	38.2737
-0.176715	-150.734	-20.7413	38.3302
-0.33969	-151.496	-20.8762	38.3816
-0.465193	-152.265	-21.0275	38.4327
-0.656809	-153.06	-21.1947	38.4857
-0.771253	-153.867	-21.3691	38.5376
-0.88848	-154.715	-21.5555	38.5917
-0.965877	-155.598	-21.7282	38.646
-1.03068	-156.466	-21.8903	38.6997
-1.05786	-157.345	-22.0282	38.7537
-1.05045	-158.244	-22.1406	38.8086
-1.02652	-159.062	-22.2351	38.8588
-0.9959	-159.937	-22.3378	38.9125
-0.951488	-160.833	-22.4437	38.9675
-0.900539	-161.678	-22.5344	39.0197
-0.835948	-162.501	-22.6284	39.0712
-0.710954	-163.326	-22.7274	39.1237
-0.628036	-164.187	-22.8321	39.1786
-0.516587	-164.985	-22.939	39.2306
-0.417992	-165.758	-23.0499	39.2807
-0.263082	-166.502	-23.1643	39.3308
-0.0903316	-167.277	-23.2997	39.3838
0.0469317	-168.113	-23.4589	39.4403
0.186431	-168.871	-23.614	39.4909
0.401224	-169.663	-23.7805	39.5449
0.533821	-170.456	-23.9504	39.5964
0.643242	-171.271	-24.1293	39.6486
0.747043	-172.107	-24.2912	39.7007
0.827489	-172.94	-24.4401	39.7525
0.885575	-173.821	-24.5808	39.8067
0.898833	-174.7	-24.7083	39.8606
0.891701	-175.54	-24.8246	39.9123
0.855152	-176.398	-24.9404	39.9654
0.808699	-177.248	-25.0515	40.0181
0.753575	-178.107	-25.1584	40.0717
0.625105	-178.974	-25.2712	40.1268
0.553616	-179.828	-25.3778	40.1807
0.428821	-180.67	-25.4916	40.2358
0.350282	-181.48	-25.598	40.2889
0.214058	-182.257	-25.7082	40.3403
0.0649308	-182.998	-25.8215	40.3918
-0.115571	-183.836	-25.9635	40.4483
-0.24009	-184.615	-26.1121	40.5012
-0.426354	-185.439	-26.2759	40.5563
-0.549373	-186.293	-26.4574	40.6115
-0.688872	-187.161	-26.6302	40.6669
-0.748275	-188.029	-26.7986	40.721
-0.793934	-188.923	-26.9507	40.7756
-0.79203	-189.755	-27.0801	40.8258
-0.775343	-190.663	-27.2097	40.8804
-0.684263	-191.553	-27.334	40.9347
-0.607631	-192.432	-27.4524	40.989
-0.53134	-193.236	-27.5583	41.0403
-0.443205	-194.023	-27.6559	41.0916
-0.261952	-194.862	-27.7569	41.149
-0.169978	-195.61	-27.8494	41.2001
-0.0468367	-196.386	-27.9585	41.2541
0.141396	-197.122	-28.0787	41.3064
0.228166	-197.945	-28.2335	41.3613
0.351129	-198.751	-28.3939	41.4144
0.492988	-199.564	-28.5596	41.4664
0.589219	-200.39	-28.7234	41.5187
0.654735	-201.278	-28.8899	41.574
0.703369	-202.151	-29.0366	41.6272
0.715503	-203.015	-29.1649	41.6794
0.699768	-203.892	-29.286	41.7322
0.649303	-204.761	-29.3969	41.785
0.587192	-205.641	-29.4989	41.839
0.504396	-206.454	-29.5954	41.8905
0.358607	-207.308	-29.6996	41.9456
0.238495	-208.06	-29.7914	41.9963
0.16221	-208.853	-29.8918	42.0506
-0.0334551	-209.598	-29.9993	42.1054
-0.114598	-210.415	-30.1306	42.1603
-0.239912	-211.175	-30.2653	42.2134
-0.404395	-211.979	-30.4181	42.2669
-0.508891	-212.819	-30.5954	42.3214
-0.629371	-213.622	-30.7624	42.3731
-0.754863	-214.48	-30.935	42.4273
-0.826779	-215.304	-31.0817	42.4785
-0.870253	-216.175	-31.2178	42.5317
-0.873919	-217.064	-31.3411	42.5855
-0.866563	-217.989	-31.4525	42.6414
-0.790842	-218.9	-31.5542	42.6962
-0.707411	-219.726	-31.6398	42.7466
-0.647696	-220.606	-31.7266	42.7997
-0.548554	-221.475	-31.8227	42.8543
-0.424645	-222.266	-31.9217	42.9051
-0.269205	-223.002	-32.0251	42.9552
-0.0701544	-223.775	-32.1571	43.0104
0.0974405	-224.493	-32.2983	43.0607
0.222809	-225.265	-32.4623	43.1141
0.379642	-226.038	-32.6334	43.1665
0.51005	-226.847	-32.8243	43.22
0.632893	-227.689	-33.0048	43.2735
0.7369	-228.49	-33.1691	43.3239
0.848635	-229.347	-33.3293	43.3774
0.897226	-230.232	-33.4817	43.432
0.921691	-231.054	-33.6099	43.4832
0.923524	-231.865	-33.7268	43.5335
0.889807	-232.699	-33.8381	43.5852
0.841758	-233.542	-33.9447	43.6374
0.766115	-234.337	-34.0387	43.6876
0.713046	-235.198	-34.1355	43.7419
0.554047	-236.056	-34.2384	43.7985
0.485837	-236.83	-34.3263	43.8505
0.35448	-237.651	-34.4328	43.9058
0.180448	-238.382	-34.5334	43.9579
0.0425108	-239.089	-34.6395	44.0085
-0.0648957	-239.873	-34.7729	44.0632
-0.206986	-240.59	-34.9045	44.1142
-0.38963	-241.367	-35.055	44.1677
-0.508668	-242.224	-35.2286	44.2237
-0.652319	-243.069	-35.3912	44.2777
-0.741449	-243.92	-35.5501	44.3312
-0.815119	-244.734	-35.6857	44.3817
-0.860061	-245.617	-35.8162	44.4356
-0.876789	-246.507	-35.9358	44.4903
-0.856012	-247.353	-36.0475	44.5419
-0.811885	-248.258	-36.1624	44.5973
-0.750674	-249.091	-36.2612	44.6475
-0.685769	-249.991	-36.3679	44.7022
-0.605091	-250.84	-36.4745	44.7544
-0.465807	-251.693	-36.585	44.8081
-0.37673	-252.492	-36.692	44.8587
-0.290263	-253.322	-36.8081	44.9118
-0.10305	-254.142	-36.9342	44.9673
0.0302875	-254.955	-37.075	45.0227
0.237429	-255.78	-37.2308	45.0795
0.356079	-256.553	-37.4029	45.1324
0.475895	-257.319	-37.5726	45.183
0.612623	-258.163	-37.7554	45.2369
0.730833	-259.067	-37.9465	45.2935
0.817589	-259.895	-38.1027	45.3452
0.883731	-260.775	-38.2519	45.399
0.908465	-261.61	-38.3774	45.4503
0.905604	-262.516	-38.5027	45.5061
0.864239	-263.345	-38.6089	45.5576
0.807488	-264.199	-38.7069	45.6105
0.736534	-265.005	-38.7997	45.6616
0.663886	-265.804	-38.8911	45.7116
0.513743	-266.659	-38.9939	45.7671
0.403596	-267.451	-39.0903	45.8194
0.299965	-268.258	-39.1877	45.8734
0.118064	-269.05	-39.2962	45.928
0.00263467	-269.808	-39.41	45.98
-0.111219	-270.556	-39.5399	46.0326
-0.246055	-271.272	-39.6749	46.0829
-0.353786	-272.055	-39.8317	46.1351
-0.504493	-272.855	-39.9988	46.1886
-0.598215	-273.688	-40.1778	46.2415
-0.702165	-274.562	-40.3477	46.2968
-0.781196	-275.372	-40.4961	46.347
-0.818249	-276.221	-40.6335	46.3995
-0.836756	-277.067	-40.7566	46.4507
-0.819943	-277.927	-40.869	46.5028
-0.771615	-278.81	-40.9777	46.5563
-0.704952	-279.666	-41.0771	46.608
-0.650756	-280.59	-41.1836	46.6643
-0.516923	-281.413	-41.2791	46.7161
-0.436546	-282.296	-41.3888	46.771
-0.314871	-283.134	-41.5045	46.8257
-0.0923048	-283.93	-41.6251	46.8801
0.0417086	-284.679	-41.7584	46.9315
0.141592	-285.443	-41.9095	46.9822
0.306388	-286.191	-42.0695	47.0347
0.49249	-287.016	-42.2504	47.0901
0.590891	-287.821	-42.439	47.1422
0.754669	-288.668	-42.6183	47.1969
0.82315	-289.526	-42.7862	47.2505
0.873815	-290.388	-42.9447	47.3039
0.89997	-291.261	-43.0828	47.3576
0.882791	-292.127	-43.2089	47.4106
0.843674	-292.935	-43.3125	47.4608
0.775799	-293.746	-43.4181	47.5112
0.694425	-294.596	-43.5275	47.5646
0.549491	-295.427	-43.636	47.618
0.45187	-296.247	-43.7439	47.6709
0.313619	-297.044	-43.8643	47.7241
0.179769	-297.796	-43.9831	47.7743
-0.0491085	-298.534	-44.107	47.828
-0.203162	-299.242	-44.2295	47.878
-0.337018	-299.961	-44.3539	47.9296
-0.459815	-300.694	-44.4821	47.9804
-0.562773	-301.444	-44.614	48.0309
-0.634484	-302.208	-44.7504	48.0813
-0.715851	-302.996	-44.8963	48.1323
-0.775156	-303.815	-45.0414	48.1843
-0.811463	-304.662	-45.184	48.2367
-0.803569	-305.536	-45.3236	48.29
-0.766245	-306.487	-45.4562	48.3475
-0.697995	-307.326	-45.5527	48.399
-0.641691	-308.238	-45.6356	48.4544
-0.509961	-309.071	-45.7062	48.5072
-0.437016	-309.941	-45.7631	48.5621
-0.341005	-310.74	-45.8256	48.6134
-0.178036	-311.545	-45.8996	48.6677
-0.0372245	-312.293	-45.9822	48.7189
0.0546779	-313.157	-46.1116	48.7753
0.240887	-313.965	-46.2646	48.8309
0.373375	-314.774	-46.4503	48.8848
0.497666	-315.555	-46.6277	48.9354
0.653217	-316.377	-46.8046	48.9885
0.749412	-317.208	-46.981	49.0412
0.830452	-318.075	-47.1418	49.095
0.898115	-318.899	-47.2867	49.1465
0.939324	-319.782	-47.4305	49.2008
0.950399	-320.669	-47.5638	49.255
0.937094	-321.508	-47.6828	49.3064
0.883829	-322.393	-47.8064	49.3606
0.824561	-323.223	-47.9146	49.412
0.725278	-324.1	-48.0317	49.4666
0.627353	-324.938	-48.1393	49.519
0.533269	-325.78	-48.2376	49.5724
0.386817	-326.63	-48.3415	49.628
0.292218	-327.464	-48.4437	49.6826
0.12426	-328.296	-48.5592	49.7384
0.00960047	-329.05	-48.674	49.7892
-0.0965782	-329.821	-48.8028	49.8405
-0.192178	-330.629	-48.9604	49.8954
-0.330013	-331.359	-49.1107	49.9462
-0.458195	-332.107	-49.2742	49.9967
-0.583835	-332.857	-49.442	50.0468
-0.700344	-333.654	-49.6149	50.0987
-0.761072	-334.523	-49.7988	50.1542
-0.813822	-335.374	-49.9588	50.2074
-0.834553	-336.245	-50.103	50.261
-0.815766	-337.153	-50.2361	50.3165
-0.760228	-338.005	-50.3495	50.3685
-0.709855	-338.907	-50.4497	50.4235
-0.637365	-339.78	-50.5456	50.4776
-0.495947	-340.615	-50.631	50.531
-0.36704	-341.392	-50.7055	50.5814
-0.258338	-342.189	-50.7786	50.6346
-0.126043	-342.982	-50.8692	50.6872
0.0290523	-343.774	-50.9741	50.742
0.159711	-344.528	-51.0951	50.7937
0.318363	-345.248	-51.2307	50.8445
0.465221	-346.021	-51.3907	50.8969
0.601725	-346.868	-51.5713	50.9519
0.688888	-347.645	-51.7509	51.0021
0.765118	-348.5	-51.9204	51.055
0.858235	-349.376	-52.0818	51.1089
0.914062	-350.265	-52.2324	51.1627
0.942623	-351.153	-52.3672	51.2164
0.936616	-352.021	-52.4895	51.269
0.903499	-352.901	-52.6007	51.3223
0.857373	-353.746	-52.707	51.374
0.787573	-354.562	-52.8115	51.4244
0.66044	-355.464	-52.931	51.4811
0.561311	-356.299	-53.0387	51.534
0.433058	-357.081	-53.1455	51.5848
0.295397	-357.88	-53.26	51.6374
0.101621	-358.649	-53.3737	51.6899
0.0104727	-359.495	-53.506	51.7453
-0.133971	-360.268	-53.636	51.7982
-0.367694	-360.986	-53.7599	51.8489
-0.510973	-361.752	-53.9019	51.9007
-0.607975	-362.585	-54.0642	51.9557
-0.726732	-363.381	-54.2178	52.0075
-0.845809	-364.166	-54.372	52.0585
-0.910359	-364.958	-54.5214	52.1086
-0.946258	-365.833	-54.6738	52.1626
-0.976355	-366.703	-54.8066	52.2159
-0.984143	-367.535	-54.9207	52.2672
-0.940302	-368.415	-55.0293	52.3214
-0.891442	-369.247	-55.1205	52.3721
-0.843009	-370.095	-55.2019	52.4247
-0.764271	-370.961	-55.2981	52.479
-0.684346	-371.764	-55.3886	52.5297
-0.562051	-372.593	-55.485	52.5843
-0.478617	-373.362	-55.5861	52.6346
-0.346741	-374.133	-55.6991	52.6863
-0.122072	-374.899	-55.8307	52.7403
0.0105779	-375.64	-55.9847	52.7923
0.152129	-376.485	-56.1639	52.8478
0.298835	-377.242	-56.3426	52.8982
0.463706	-378.06	-56.5344	52.9518
0.573691	-378.9	-56.7363	53.005
0.677199	-379.775	-56.9204	53.0588
0.713405	-380.658	-57.093	53.1123
0.722512	-381.523	-57.2499	53.1648
0.692203	-382.414	-57.3855	53.2189
0.648045	-383.248	-57.4939	53.2701
0.597105	-384.155	-57.5895	53.3258
0.528878	-384.958	-57.6692	53.377
0.407136	-385.806	-57.7552	53.4325
0.353313	-386.577	-57.8253	53.484
0.241121	-387.335	-57.9092	53.5365
0.144846	-388.058	-57.9977	53.5875
-0.035103	-388.76	-58.0988	53.6395
-0.154342	-389.485	-58.221	53.69
-0.269266	-390.236	-58.3622	53.742
-0.355753	-391.007	-58.5276	53.7939
-0.497261	-391.85	-58.7035	53.8488
-0.576657	-392.636	-58.8681	53.8992
-0.634348	-393.517	-59.0441	53.9546
-0.685119	-394.328	-59.1883	54.0046
-0.705793	-395.174	-59.3196	54.0558
-0.684298	-396.104	-59.4449	54.1122
-0.660139	-396.959	-59.5293	54.1634
-0.595365	-397.838	-59.6164	54.217
-0.485213	-398.71	-59.7026	54.2719
-0.439194	-399.567	-59.7799	54.3254
-0.345629	-400.318	-59.8614	54.3754
-0.169847	-401.062	-59.9579	54.4287
-0.0195296	-401.766	-60.0672	54.4799
0.0878713	-402.525	-60.2082	54.5333
0.269858	-403.305	-60.362	54.589
0.339468	-404.066	-60.5243	54.6393
0.486957	-404.876	-60.7157	54.693
0.619367	-405.725	-60.9046	54.7473
0.737483	-406.598	-61.0864	54.8026
0.830594	-407.428	-61.248	54.8536
0.879921	-408.307	-61.3908	54.9074
0.905547	-409.14	-61.5118	54.9587
0.909174	-410.018	-61.6281	55.0124
0.885831	-410.879	-61.7262	55.0649
0.841811	-411.771	-61.8303	55.1192
1.01207	-412.681	-61.9246	55.1747
0.844834	-413.424	-62.0028	55.2288
0.695794	-414.205	-62.0885	55.2805
0.633125	-415.011	-62.175	55.3334
0.516893	-415.775	-62.2684	55.3851
0.397666	-416.51	-62.3644	55.4358
0.258129	-417.212	-62.4679	55.4859
0.11334	-417.945	-62.5924	55.5374
-0.0992817	-418.699	-62.7369	55.5916
-0.178211	-419.514	-62.9134	55.6455
-0.34381	-420.333	-63.0938	55.7002
-0.505316	-421.097	-63.2687	55.7511
-0.613085	-421.897	-63.4422	55.8023
-0.702813	-422.753	-63.6166	55.8556
-0.802441	-423.627	-63.7706	55.91
-0.850186	-424.527	-63.9093	55.9653
-0.880055	-425.345	-64.0229	56.0158
-0.888432	-426.165	-64.1274	56.0662
-0.870349	-426.976	-64.2193	56.1165
-0.83244	-427.811	-64.3071	56.1683
-0.752215	-428.631	-64.3948	56.2198
-0.706635	-429.515	-64.4845	56.2757
-0.6337	-430.33	-64.5764	56.328
-0.549528	-431.075	-64.6622	56.3781
-0.376481	-431.863	-64.7635	56.4331
-0.270098	-432.569	-64.8635	56.4845
-0.133194	-433.277	-64.9787	56.5354
0.0493051	-434.062	-65.1271	56.591
0.178949	-434.859	-65.2967	56.6459
0.320375	-435.611	-65.4595	56.697
0.476491	-436.414	-65.6335	56.75
0.612994	-437.201	-65.8017	56.8012
0.699995	-438.024	-65.9668	56.853
0.781432	-438.87	-66.1247	56.9063
0.863322	-439.699	-66.2603	56.9582
0.901674	-440.602	-66.3935	57.0135
0.921287	-441.478	-66.5086	57.0673
0.919873	-442.349	-66.6222	57.1213
0.906058	-443.204	-66.7295	57.1734
0.873677	-444.04	-66.824	57.2242
0.832714	-444.934	-66.9299	57.2782
0.778564	-445.851	-67.0389	57.3334
1.08196	-446.611	-67.1147	57.3861
1.0155	-447.429	-67.2175	57.4379
0.895921	-448.274	-67.3319	57.4919
0.855735	-449.149	-67.4597	57.5472
0.737763	-449.968	-67.585	57.6006
0.669415	-450.79	-67.7141	57.6542
0.580856	-451.648	-67.8562	57.709
0.446556	-452.496	-67.9981	57.7632
0.350407	-453.295	-68.13	57.8136
0.270675	-454.126	-68.2669	57.8663
0.161949	-454.962	-68.402	57.9191
0.0892425	-455.768	-68.5313	57.9699
0.0270295	-456.66	-68.6742	58.0252
-0.0400761	-457.552	-68.8144	58.0803
-0.0974915	-458.399	-68.9467	58.1327
-0.138348	-459.244	-69.0738	58.184
