x	y	z	t
0.47485	449.89	73.5348	0.0512256
0.468166	448.933	73.3871	0.10895
0.4638	448.084	73.2535	0.160189
0.457413	447.139	73.103	0.217275
0.450907	446.224	72.9556	0.27247
0.44395	445.341	72.8131	0.326067
0.42902	444.48	72.6727	0.378016
0.413647	443.569	72.5254	0.432827
0.391094	442.723	72.3865	0.484205
0.359709	441.836	72.2349	0.538275
0.33318	440.92	72.0762	0.594423
0.295996	440.074	71.9248	0.646732
0.265128	439.131	71.7605	0.704061
0.217527	438.259	71.6191	0.757434
0.197909	437.416	71.4863	0.808765
0.148016	436.587	71.3577	0.860051
0.0593852	435.684	71.2146	0.916238
-0.0050768	434.858	71.076	0.967755
-0.0467564	433.981	70.9138	1.02205
-0.149485	433.097	70.7427	1.07724
-0.193415	432.256	70.5666	1.12951
-0.269563	431.331	70.3861	1.1862
-0.297444	430.483	70.2236	1.23803
-0.304276	429.666	70.0747	1.2884
-0.299214	428.794	69.9361	1.34133
-0.274976	427.939	69.8104	1.39272
-0.215708	427.011	69.6845	1.4488
-0.13393	426.169	69.572	1.5002
-0.0517404	425.299	69.4548	1.55307
0.0689154	424.384	69.3338	1.60988
0.181821	423.505	69.2132	1.6645
0.293242	422.705	69.1002	1.71526
0.423596	421.889	68.972	1.76899
0.524015	421.049	68.8279	1.82361
0.655915	420.223	68.6643	1.87913
0.755998	419.395	68.5003	1.93282
0.847013	418.6	68.3384	1.98363
0.921182	417.768	68.1718	2.03567
0.987998	416.914	68.0031	2.08877
1.03523	416.025	67.848	2.14331
1.05986	415.16	67.7107	2.19612
1.06028	414.293	67.5922	2.24867
1.03662	413.444	67.4865	2.30037
0.993688	412.568	67.384	2.35352
0.899556	411.719	67.2846	2.40592
0.838771	410.83	67.181	2.46098
0.705376	409.958	67.0704	2.51644
0.617313	409.159	66.9688	2.56881
0.522719	408.301	66.8442	2.62477
0.333458	407.575	66.7277	2.67609
0.235706	406.814	66.5872	2.72893
0.0782422	406.106	66.4481	2.77973
-0.0699562	405.265	66.2841	2.83588
-0.236863	404.486	66.1278	2.88719
-0.326086	403.659	65.9567	2.93984
-0.395528	402.799	65.7959	2.9932
-0.455366	401.891	65.6443	3.04841
-0.473069	401.019	65.5214	3.10032
-0.477538	400.128	65.4078	3.15313
-0.465678	399.288	65.3087	3.2032
-0.431555	398.356	65.2099	3.25935
-0.391147	397.504	65.1163	3.3113
-0.342143	396.699	65.0234	3.36145
-0.185827	395.797	64.9052	3.41883
-0.117635	394.905	64.7754	3.47538
0.0191332	394.135	64.6495	3.52544
0.123154	393.307	64.5062	3.57822
0.181713	392.471	64.3457	3.63146
0.331271	391.607	64.1817	3.6872
0.388356	390.778	64.0171	3.73951
0.474244	389.861	63.8506	3.79626
0.538627	388.943	63.6916	3.85231
0.578271	388.032	63.5493	3.90769
0.591546	387.176	63.4303	3.95906
0.584689	386.324	63.3194	4.01024
0.527493	385.374	63.202	4.06788
0.491454	384.497	63.1056	4.12113
0.423426	383.638	63	4.17422
0.315242	382.806	62.8925	4.22659
0.264355	381.938	62.7754	4.28166
0.172245	381.169	62.6577	4.33218
0.00959691	380.345	62.5178	4.38723
-0.0667842	379.479	62.3453	4.44357
-0.212267	378.68	62.1746	4.49624
-0.308739	377.824	61.977	4.55091
-0.389159	376.969	61.7953	4.60482
-0.477715	376.146	61.6345	4.65605
-0.504297	375.229	61.4792	4.71172
-0.503857	374.315	61.3465	4.7661
-0.462469	373.468	61.2406	4.81658
-0.423875	372.562	61.1428	4.87043
-0.334575	371.643	61.0403	4.92556
-0.255289	370.799	60.9476	4.97747
-0.195802	369.916	60.8509	5.0326
-0.115677	369.115	60.7513	5.08412
-0.0178043	368.324	60.6394	5.13619
0.147901	367.574	60.5171	5.18752
0.212827	366.794	60.3667	5.23951
0.306341	366.02	60.2097	5.29059
0.420077	365.235	60.0407	5.34182
0.533251	364.42	59.8647	5.39345
0.624981	363.622	59.6937	5.44363
0.720224	362.716	59.5088	5.49992
0.781531	361.794	59.3452	5.55654
0.8002	360.921	59.2059	5.60971
0.792425	360.079	59.0874	5.66103
0.754829	359.15	58.967	5.71699
0.695886	358.318	58.8706	5.7674
0.607771	357.412	58.7729	5.82296
0.532258	356.606	58.6845	5.87326
0.391734	355.732	58.5833	5.9294
0.317595	354.878	58.4872	5.98451
0.179408	354.03	58.3795	6.0411
0.03597	353.253	58.2613	6.09476
-0.130681	352.434	58.116	6.15135
-0.265627	351.66	57.9628	6.20417
-0.455473	350.9	57.8025	6.25595
-0.583334	350.115	57.6367	6.30727
-0.671495	349.283	57.4675	6.35963
-0.748389	348.418	57.2909	6.41333
-0.803927	347.603	57.1457	6.46338
-0.833068	346.725	57.0055	6.51649
-0.814616	345.887	56.8859	6.56741
-0.790596	344.965	56.7721	6.62314
-0.720635	344.127	56.6762	6.67425
-0.598259	343.279	56.5838	6.72674
-0.503502	342.375	56.4916	6.78408
-0.374614	341.559	56.4021	6.83713
-0.244846	340.745	56.3121	6.89095
-0.131166	339.989	56.2098	6.94221
0.0301585	339.214	56.089	6.99606
0.243102	338.442	55.9512	7.04981
0.364566	337.689	55.7931	7.10047
0.506627	336.857	55.6175	7.15495
0.628562	336.03	55.4438	7.20747
0.745019	335.235	55.2818	7.25749
0.82743	334.312	55.1072	7.31465
0.88875	333.394	54.9468	7.37018
0.916705	332.469	54.8004	7.42592
0.922603	331.522	54.6575	7.48244
0.894592	330.599	54.5214	7.53765
0.861901	329.708	54.4001	7.591
0.80974	328.848	54.2861	7.64305
0.697685	327.949	54.1696	7.69817
0.607226	327.09	54.0658	7.75173
0.517997	326.286	53.9655	7.80244
0.426289	325.482	53.8662	7.85328
0.257601	324.672	53.765	7.90695
0.158804	323.814	53.6511	7.96326
0.0356351	323.022	53.5316	8.01505
-0.133436	322.227	53.3966	8.0685
-0.251225	321.47	53.2546	8.11861
-0.3458	320.622	53.0816	8.17279
-0.456873	319.827	52.9195	8.22357
-0.563802	318.992	52.7535	8.276
-0.658367	318.153	52.5947	8.32797
-0.704333	317.293	52.445	8.37993
-0.73878	316.416	52.3115	8.43229
-0.754544	315.552	52.1891	8.48368
-0.735514	314.638	52.0654	8.53848
-0.709693	313.738	51.9528	8.59249
-0.66289	312.888	51.8474	8.6439
-0.557731	311.983	51.737	8.70014
-0.460613	311.159	51.6347	8.75235
-0.372291	310.314	51.5213	8.80557
-0.256623	309.545	51.4156	8.85578
-0.112703	308.779	51.3031	8.90707
0.0355287	307.93	51.1669	8.96307
0.168412	307.146	51.0265	9.0155
0.344614	306.329	50.8685	9.07056
0.482351	305.473	50.6828	9.12684
0.632578	304.592	50.4892	9.18327
0.749406	303.788	50.3224	9.23402
0.840537	302.965	50.1636	9.28497
0.913666	302.135	50.0167	9.33557
0.951718	301.206	49.871	9.39168
0.942323	300.278	49.7401	9.44807
0.921196	299.403	49.6335	9.50132
0.860492	298.579	49.5398	9.55212
0.767517	297.674	49.4372	9.60776
0.701841	296.808	49.3477	9.66218
0.592956	295.957	49.254	9.71649
0.481636	295.16	49.1676	9.76766
0.320196	294.393	49.0816	9.81846
0.234584	293.603	48.9823	9.87109
0.114184	292.832	48.8625	9.92209
-0.0420084	292	48.7147	9.97766
-0.213461	291.191	48.5432	10.0321
-0.351072	290.414	48.3702	10.0833
-0.500817	289.569	48.1833	10.1375
-0.614827	288.781	48.0094	10.1876
-0.687527	287.913	47.8262	10.2413
-0.762518	287.045	47.6653	10.2946
-0.796353	286.209	47.527	10.3456
-0.793302	285.334	47.3968	10.3985
-0.763047	284.496	47.2796	10.4492
-0.725186	283.58	47.165	10.5046
-0.655501	282.652	47.0496	10.5608
-0.600109	281.826	46.956	10.6113
-0.513295	280.934	46.8453	10.6671
-0.363475	280.146	46.7502	10.7179
-0.292704	279.295	46.6489	10.7717
-0.142423	278.44	46.5388	10.8279
-0.0551067	277.594	46.4223	10.8832
0.0546931	276.775	46.2932	10.9374
0.206236	275.991	46.1462	10.9924
0.330764	275.2	45.9856	11.0467
0.527442	274.432	45.8166	11.099
0.633229	273.578	45.6186	11.1541
0.749721	272.765	45.442	11.2055
0.851953	271.961	45.276	11.2559
0.936235	271.06	45.1053	11.3114
0.972741	270.198	44.9644	11.3639
0.969492	269.286	44.8318	11.4191
0.932553	268.445	44.7249	11.4707
0.885629	267.61	44.6402	11.522
0.799885	266.742	44.5529	11.5759
0.675032	265.902	44.4692	11.6291
0.586006	265.029	44.386	11.6849
0.438161	264.152	44.2868	11.7414
0.363872	263.279	44.1824	11.7979
0.231699	262.537	44.0777	11.848
0.0612778	261.787	43.9528	11.899
-0.0260855	260.964	43.7896	11.955
-0.231562	260.207	43.6285	12.0082
-0.340031	259.441	43.4574	12.0589
-0.438285	258.625	43.2633	12.112
-0.566447	257.822	43.0887	12.1633
-0.661529	256.966	42.9143	12.2169
-0.753102	256.098	42.7552	12.2704
-0.796801	255.251	42.6195	12.3215
-0.798922	254.357	42.4946	12.3752
-0.770651	253.457	42.3847	12.43
-0.723683	252.532	42.2934	12.4858
-0.622097	251.629	42.195	12.5415
-0.55629	250.806	42.1124	12.5929
-0.431327	250.001	42.0242	12.6449
-0.317102	249.225	41.9311	12.6957
-0.145103	248.415	41.8263	12.7496
0.00245958	247.696	41.7205	12.8
0.130616	246.887	41.5858	12.8555
0.274334	246.168	41.4491	12.9062
0.502391	245.391	41.2908	12.9614
0.619089	244.542	41.1014	13.0173
0.726072	243.741	40.9282	13.0682
0.854923	242.869	40.7461	13.123
0.93062	242.036	40.5924	13.1742
0.979921	241.175	40.4485	13.2258
0.996403	240.328	40.3233	13.2765
0.974897	239.404	40.2035	13.3323
0.908086	238.497	40.0924	13.3876
0.842515	237.641	39.9931	13.4404
0.791359	236.787	39.902	13.4933
0.697972	235.904	39.799	13.5489
0.562661	235.067	39.7061	13.6032
0.395348	234.195	39.5966	13.6602
0.260341	233.438	39.4946	13.7106
0.182759	232.573	39.3587	13.7672
0.0470397	231.83	39.2218	13.8172
-0.0810063	231.052	39.0663	13.8684
-0.266588	230.243	38.8959	13.9221
-0.369293	229.45	38.7148	13.974
-0.46633	228.607	38.5399	14.0275
-0.574966	227.775	38.3744	14.0798
-0.630144	226.919	38.2159	14.1329
-0.666531	226.041	38.0746	14.1863
-0.680971	225.154	37.9484	14.2395
-0.667888	224.275	37.8378	14.2917
-0.647943	223.363	37.7428	14.3455
-0.575722	222.424	37.6382	14.4021
-0.523251	221.519	37.548	14.4574
-0.385909	220.706	37.4615	14.5089
-0.302468	219.909	37.3758	14.5592
-0.194158	219.095	37.2813	14.612
-0.0917258	218.337	37.1833	14.6621
-0.0167688	217.529	37.0591	14.7154
0.159149	216.732	36.9143	14.7698
0.244832	215.923	36.738	14.8238
0.402978	215.153	36.5652	14.8755
0.574977	214.305	36.3771	14.9313
0.676097	213.519	36.2033	14.9813
0.762939	212.693	36.0271	15.0327
0.829251	211.815	35.868	15.0867
0.867702	210.969	35.7351	15.1383
0.867174	210.086	35.6094	15.1918
0.85519	209.196	35.4945	15.2466
0.821978	208.337	35.387	15.299
0.771158	207.463	35.2889	15.3534
0.69477	206.596	35.186	15.4076
0.540204	205.773	35.0879	15.4614
0.472841	204.897	34.9843	15.5176
0.298625	204.094	34.8806	15.5716
0.191979	203.326	34.7715	15.622
0.0722672	202.474	34.6317	15.6794
-0.124181	201.741	34.4939	15.73
-0.254011	200.894	34.3172	15.7871
-0.386833	200.113	34.1454	15.8382
-0.547973	199.314	33.9701	15.8906
-0.640973	198.522	33.8032	15.941
-0.719334	197.661	33.6228	15.9949
-0.781604	196.796	33.4719	16.0482
-0.805698	195.916	33.3408	16.1018
-0.797611	195.025	33.2314	16.1553
-0.760488	194.149	33.134	16.208
-0.671329	193.283	33.0447	16.2603
-0.594733	192.415	32.9605	16.3134
-0.468093	191.598	32.8757	16.3652
-0.355764	190.803	32.7916	16.4158
-0.240128	189.992	32.6982	16.4678
-0.11946	189.225	32.6007	16.5187
0.0280215	188.483	32.4909	16.5693
0.234862	187.734	32.3607	16.6216
0.340153	186.933	32.1909	16.6756
0.489752	186.173	32.0208	16.7267
0.65301	185.337	31.8341	16.7811
0.767971	184.548	31.6606	16.8317
0.848947	183.687	31.4811	16.8861
0.926631	182.803	31.3235	16.9414
0.960723	181.881	31.1713	16.9978
0.968628	180.968	31.0367	17.0531
0.949987	180.117	30.9229	17.1049
0.898562	179.264	30.8164	17.1568
0.831655	178.455	30.7222	17.2068
0.754888	177.624	30.6245	17.2583
0.642382	176.765	30.5282	17.3134
0.514762	175.933	30.4254	17.3681
0.38732	175.13	30.3213	17.4215
0.290741	174.317	30.2029	17.4771
0.111091	173.581	30.0816	17.5297
-0.00620297	172.85	29.9466	17.5803
-0.132022	172.054	29.7911	17.6331
-0.254231	171.221	29.6117	17.6881
-0.426555	170.398	29.4349	17.742
-0.531461	169.58	29.2581	17.7936
-0.63377	168.752	29.0953	17.8455
-0.704923	167.916	28.9506	17.8967
-0.744827	167.05	28.8211	17.9494
-0.742789	166.173	28.7043	18.0025
-0.721529	165.295	28.6106	18.0551
-0.659291	164.388	28.5152	18.1095
-0.55767	163.461	28.4246	18.1661
-0.424377	162.596	28.3324	18.2206
-0.358378	161.735	28.2417	18.2748
-0.219204	160.949	28.1478	18.3266
-0.0900016	160.193	28.0482	18.3774
0.116067	159.407	27.9283	18.4316
0.21192	158.658	27.7922	18.4834
0.333131	157.865	27.6316	18.5386
0.511218	157.131	27.4682	18.589
0.641818	156.297	27.2836	18.6433
0.739585	155.516	27.1109	18.6935
0.820067	154.61	26.9258	18.7505
0.88722	153.718	26.7674	18.8057
0.90927	152.828	26.6289	18.8598
0.903178	151.902	26.4985	18.9157
0.874326	151.069	26.3896	18.9661
0.793995	150.17	26.2765	19.0212
0.721913	149.325	26.176	19.0733
0.663844	148.472	26.0836	19.1265
0.51345	147.619	25.9842	19.1822
0.461379	146.826	25.8973	19.2341
0.320822	146.026	25.7962	19.2892
0.155226	145.27	25.689	19.3438
0.0289817	144.515	25.5638	19.3969
-0.128552	143.729	25.4212	19.4511
-0.287907	142.945	25.2539	19.5052
-0.411052	142.131	25.0835	19.5587
-0.570399	141.269	24.9063	19.6136
-0.639179	140.368	24.7237	19.6691
-0.700284	139.466	24.5584	19.724
-0.722258	138.556	24.4102	19.7787
-0.70629	137.669	24.2798	19.8318
-0.676405	136.719	24.1591	19.8885
-0.601914	135.83	24.0503	19.9416
-0.530782	134.963	23.9499	19.9939
-0.46812	134.042	23.8496	20.0497
-0.376588	133.227	23.7521	20.1003
-0.24253	132.396	23.6509	20.1541
-0.118465	131.543	23.5346	20.2094
0.0264982	130.773	23.4208	20.26
0.212651	130.009	23.2957	20.3124
0.318158	129.178	23.1385	20.3688
0.49125	128.405	22.9821	20.4207
0.612872	127.622	22.8167	20.472
0.729363	126.824	22.6466	20.5235
0.821098	125.939	22.4608	20.5796
0.913335	125.103	22.3064	20.6312
0.950791	124.283	22.1658	20.6814
0.963379	123.443	22.0357	20.7323
0.951432	122.572	21.9111	20.7853
0.916581	121.698	21.7937	20.8386
0.838616	120.859	21.6873	20.8897
0.745938	120.046	21.5929	20.94
0.684291	119.17	21.4949	20.9947
0.571865	118.365	21.4011	21.0462
0.459285	117.552	21.3027	21.0986
0.302014	116.745	21.1967	21.1534
0.203906	115.933	21.0755	21.2081
0.0208799	115.148	20.9399	21.2632
-0.0917851	114.403	20.7891	21.3147
-0.218142	113.629	20.6295	21.3673
-0.379896	112.772	20.4504	21.4241
-0.47611	111.967	20.2682	21.4767
-0.623988	111.092	20.0894	21.5333
-0.685548	110.254	19.9213	21.5856
-0.729638	109.372	19.7741	21.6392
-0.749401	108.499	19.6428	21.6921
-0.725058	107.603	19.5281	21.746
-0.693868	106.741	19.4279	21.7983
-0.632329	105.911	19.3461	21.8485
-0.555809	105.047	19.2565	21.9012
-0.396289	104.225	19.1732	21.9531
-0.297168	103.375	19.0835	22.0073
-0.145281	102.47	18.9724	22.0657
-0.0362151	101.675	18.8621	22.118
0.101134	100.924	18.7438	22.1681
0.259055	100.109	18.5999	22.2231
0.358003	99.3573	18.4429	22.2749
0.48472	98.5463	18.2719	22.3295
0.593016	97.7466	18.0975	22.3811
0.719703	96.9534	17.93	22.4319
0.784677	96.0456	17.7506	22.4882
0.859767	95.135	17.5954	22.5443
0.890185	94.3153	17.4662	22.5944
0.897482	93.381	17.3359	22.651
0.872824	92.4991	17.217	22.7049
0.827244	91.6528	17.115	22.757
0.762295	90.7934	17.0107	22.8104
0.657565	89.9101	16.9119	22.8659
0.56162	89.0659	16.8091	22.9197
0.450626	88.2905	16.7112	22.97
0.317121	87.4537	16.6021	23.0257
0.21204	86.7003	16.4917	23.076
0.0915066	85.9108	16.3639	23.1297
-0.0970205	85.1428	16.2213	23.1837
-0.216417	84.3475	16.0605	23.2388
-0.405107	83.5572	15.8945	23.2932
-0.512074	82.7705	15.7174	23.3453
-0.623603	81.9055	15.5421	23.4007
-0.721602	81.0673	15.379	23.4537
-0.777812	80.2567	15.2361	23.5039
-0.806895	79.3493	15.0983	23.559
-0.799679	78.4138	14.9742	23.6152
-0.776828	77.4943	14.8637	23.67
-0.700261	76.6373	14.7733	23.7214
-0.619023	75.8132	14.684	23.7716
-0.51626	74.9889	14.5952	23.8227
-0.448113	74.1315	14.5036	23.8759
-0.288998	73.2496	14.3949	23.9332
-0.209017	72.4416	14.2926	23.9855
-0.115426	71.6633	14.1763	24.0356
-0.0128508	70.8745	14.0401	24.0879
0.111184	70.1068	13.8886	24.1386
0.291807	69.2593	13.7123	24.195
0.427795	68.4953	13.5314	24.2462
0.549243	67.6449	13.3503	24.3011
0.652731	66.8477	13.1845	24.3521
0.753866	65.966	13.0124	24.4078
0.810203	65.1547	12.8729	24.458
0.838226	64.337	12.7473	24.508
0.840463	63.5105	12.6325	24.5585
0.808551	62.573	12.5139	24.6154
0.764035	61.6878	12.4042	24.6696
0.689127	60.8462	12.3029	24.722
0.609901	60.0138	12.2037	24.7747
0.548503	59.1485	12.107	24.8292
0.386593	58.3167	12.0064	24.8839
0.294043	57.4921	11.9106	24.9381
0.182812	56.7465	11.8119	24.9882
0.0580117	56.0104	11.7025	25.0383
-0.0878254	55.2601	11.5765	25.0899
-0.231384	54.5139	11.4427	25.1412
-0.400889	53.7268	11.2827	25.1957
-0.530779	52.9223	11.1187	25.2492
-0.636669	52.1232	10.9543	25.3017
-0.743526	51.2849	10.7802	25.3554
-0.828308	50.4456	10.6127	25.4078
-0.862884	49.5546	10.4583	25.4622
-0.873943	48.6199	10.315	25.5185
-0.861312	47.7495	10.198	25.5709
-0.828998	46.8438	10.0853	25.6251
-0.790666	45.9891	10.0003	25.6776
-0.682493	45.0851	9.89581	25.7333
-0.592081	44.2802	9.80415	25.7837
-0.497286	43.4389	9.70748	25.8372
-0.380988	42.6436	9.60742	25.8888
-0.212784	41.8368	9.49798	25.943
-0.112295	40.994	9.37013	25.9987
0.0737323	40.202	9.22824	26.0534
0.183694	39.4217	9.0638	26.1074
0.37396	38.6087	8.88985	26.1623
0.481568	37.8373	8.71422	26.2128
0.559021	36.9734	8.51259	26.2683
0.676938	36.0813	8.32443	26.3248
0.735746	35.1706	8.14768	26.3815
0.771409	34.2664	8.00152	26.4372
0.761457	33.3407	7.86758	26.4933
0.744065	32.4324	7.75484	26.5482
0.676852	31.6125	7.66188	26.5987
0.580816	30.7653	7.57311	26.6525
0.508825	29.9414	7.49385	26.7055
0.435129	29.171	7.42983	26.7574
0.36751	28.3335	7.33712	26.8126
0.262854	27.5581	7.24506	26.8666
0.137959	26.8225	7.13612	26.9174
0.0203677	26.063	7.00495	26.9698
-0.126978	25.3256	6.86194	27.0203
-0.271253	24.5015	6.69286	27.075
-0.364334	23.6838	6.51008	27.1276
-0.475393	22.8474	6.33543	27.1812
-0.594164	22.0191	6.17174	27.2335
-0.658246	21.1611	6.01736	27.2867
-0.710524	20.2776	5.88554	27.3404
-0.732761	19.4253	5.77352	27.3922
-0.722969	18.4837	5.6593	27.4487
-0.683985	17.5775	5.54977	27.5034
-0.647339	16.6986	5.45156	27.5566
-0.599047	15.8088	5.34411	27.6112
-0.486469	14.9871	5.24315	27.6634
-0.397808	14.1824	5.14222	27.7152
-0.314638	13.4129	5.0407	27.7658
-0.246885	12.6424	4.92512	27.817
-0.133649	11.8164	4.78317	27.8725
0.0178565	11.0242	4.61991	27.9272
0.166569	10.191	4.44321	27.9833
0.317943	9.4052	4.26638	28.0351
0.4014	8.57099	4.07178	28.0889
0.502388	7.72485	3.89346	28.1425
0.599595	6.83407	3.716	28.1985
0.660362	5.93947	3.56496	28.2541
0.680396	5.03491	3.43445	28.3097
0.663551	4.16321	3.32186	28.3634
0.637326	3.27894	3.22458	28.4172
0.592005	2.39546	3.12421	28.4712
0.499062	1.50686	3.01913	28.5264
0.431377	0.695206	2.92786	28.5773
0.279988	-0.16789	2.81594	28.6333
0.216888	-1.01256	2.70379	28.6883
0.106823	-1.76338	2.59312	28.74
-0.0215414	-2.53378	2.46671	28.7926
-0.192368	-3.28874	2.32761	28.8478
-0.337893	-4.00062	2.1908	28.8981
-0.490371	-4.80903	2.0295	28.9535
-0.625436	-5.6392	1.85493	29.0084
-0.720724	-6.48022	1.69335	29.0623
-0.798125	-7.28184	1.54232	29.1126
-0.865123	-8.11142	1.40395	29.1646
-0.880674	-8.95402	1.27964	29.2162
-0.878739	-9.84061	1.17004	29.2699
-0.834968	-10.706	1.0723	29.3225
-0.775999	-11.6019	0.976104	29.3768
-0.730745	-12.5082	0.891254	29.432
-0.593787	-13.3521	0.797508	29.4859
-0.493346	-14.1759	0.705778	29.5396
-0.318765	-14.9972	0.594083	29.5953
-0.243501	-15.791	0.468747	29.6488
-0.110473	-16.5067	0.337095	29.7001
0.093143	-17.2536	0.182876	29.7541
0.194273	-18.0736	-0.00117004	29.8087
0.354364	-18.9366	-0.184292	29.8652
0.441392	-19.7778	-0.364009	29.9187
0.537782	-20.6972	-0.536601	29.9753
0.583957	-21.5407	-0.682411	30.027
0.617084	-22.4584	-0.824109	30.0827
0.624383	-23.2973	-0.941573	30.1339
0.619098	-24.1877	-1.05337	30.1885
0.567412	-25.0784	-1.16139	30.2426
0.52255	-25.9375	-1.26118	30.2949
0.471208	-26.8528	-1.36334	30.351
0.39951	-27.7051	-1.46267	30.404
0.311934	-28.5133	-1.55695	30.4545
0.153548	-29.2968	-1.65138	30.5061
0.0917584	-30.1205	-1.75701	30.5594
-0.038003	-30.8805	-1.86974	30.6106
-0.215219	-31.6932	-2.00367	30.6665
-0.330499	-32.4648	-2.14803	30.7199
-0.482929	-33.3134	-2.3132	30.7758
-0.564946	-34.1245	-2.49261	30.8285
-0.728412	-34.9763	-2.6726	30.8835
-0.790759	-35.7865	-2.84197	30.934
-0.868018	-36.6525	-3.02012	30.9876
-0.920123	-37.5454	-3.17695	31.0419
-0.957045	-38.429	-3.31789	31.0953
-0.959003	-39.2647	-3.43591	31.146
-0.952751	-40.1619	-3.54674	31.2001
-0.918774	-41.0433	-3.6508	31.2538
-0.835506	-41.8914	-3.74724	31.3067
-0.781271	-42.7638	-3.83888	31.3614
-0.681251	-43.5706	-3.93551	31.4132
-0.547039	-44.385	-4.03478	31.4677
-0.416463	-45.1727	-4.14206	31.5209
-0.202779	-45.9449	-4.25742	31.5755
-0.0960024	-46.7038	-4.38607	31.6283
0.0651249	-47.5201	-4.53731	31.6841
0.257037	-48.3067	-4.69386	31.7374
0.402019	-49.0989	-4.86653	31.7899
0.538461	-49.897	-5.03413	31.8414
0.68857	-50.7694	-5.20652	31.8958
0.797104	-51.6724	-5.37786	31.951
0.873739	-52.4938	-5.51834	32.0015
0.933747	-53.3799	-5.65845	32.0554
0.95198	-54.2254	-5.78113	32.107
0.939024	-55.0899	-5.8965	32.1598
0.879902	-56.0038	-6.01588	32.2155
0.814004	-56.8607	-6.1211	32.2675
0.739771	-57.6949	-6.21421	32.3188
0.665192	-58.5605	-6.3191	32.3718
0.503075	-59.4235	-6.42497	32.426
0.403625	-60.2105	-6.52414	32.4763
0.307928	-61.0404	-6.63468	32.53
0.173249	-61.8009	-6.74778	32.581
-0.0355192	-62.6127	-6.88142	32.6374
-0.140554	-63.3582	-7.01994	32.6881
-0.285366	-64.1187	-7.16861	32.7397
-0.401968	-64.9045	-7.32963	32.7919
-0.528284	-65.6825	-7.49599	32.8427
-0.698204	-66.547	-7.68296	32.8991
-0.782409	-67.3801	-7.85171	32.9519
-0.872275	-68.2403	-8.01913	33.0058
-0.907707	-69.0998	-8.17197	33.0594
-0.91517	-69.9264	-8.30032	33.1108
-0.901712	-70.749	-8.41761	33.1622
-0.845215	-71.6138	-8.5281	33.2157
-0.794226	-72.4927	-8.61988	33.2704
-0.715434	-73.2985	-8.70507	33.3208
-0.574935	-74.1644	-8.79784	33.3763
-0.499048	-75.0424	-8.88654	33.4324
-0.307006	-75.8217	-8.97283	33.4857
-0.151923	-76.5694	-9.06219	33.5373
-0.038273	-77.333	-9.16539	33.5912
0.116699	-78.0269	-9.2807	33.6413
0.253246	-78.7281	-9.41428	33.6924
0.472433	-79.4866	-9.56894	33.7464
0.592333	-80.2791	-9.7471	33.7987
0.718953	-81.1166	-9.92671	33.8522
0.827579	-81.9561	-10.1019	33.9043
0.927204	-82.8343	-10.2722	33.9579
0.96784	-83.6859	-10.4248	34.0095
0.985694	-84.5441	-10.5618	34.0615
0.961642	-85.4616	-10.6973	34.1174
0.922132	-86.3466	-10.8101	34.1716
0.83671	-87.2405	-10.9151	34.2272
0.76572	-88.1356	-11.0074	34.2833
0.611667	-88.9816	-11.0985	34.3377
0.517897	-89.8223	-11.183	34.3919
0.390691	-90.5779	-11.2702	34.4421
0.22737	-91.3463	-11.3706	34.4948
-0.00625433	-92.0836	-11.4827	34.5461
-0.135549	-92.858	-11.6183	34.5991
-0.306342	-93.6374	-11.7678	34.6536
-0.476672	-94.4639	-11.9442	34.7093
-0.651896	-95.3202	-12.1212	34.7653
-0.730781	-96.1951	-12.3064	34.8204
-0.828508	-97.068	-12.4841	34.8749
-0.857506	-97.9843	-12.6586	34.9311
-0.880531	-98.8888	-12.8085	34.9862
-0.871682	-99.7556	-12.9365	35.0392
-0.839879	-100.617	-13.0496	35.0914
-0.798102	-101.467	-13.152	35.1429
-0.687861	-102.367	-13.2588	35.1984
-0.617555	-103.221	-13.3478	35.2514
-0.477126	-104.079	-13.445	35.3063
-0.393475	-104.916	-13.535	35.3609
-0.167946	-105.706	-13.6308	35.4163
-0.068638	-106.476	-13.7348	35.4696
0.0487977	-107.271	-13.8631	35.5224
0.251811	-108.037	-14.0034	35.5774
0.339977	-108.804	-14.1627	35.6294
0.480064	-109.574	-14.3265	35.6811
0.607433	-110.385	-14.4995	35.7341
0.746787	-111.181	-14.6675	35.7855
0.82445	-112.035	-14.8415	35.8392
0.881572	-112.907	-14.9976	35.8933
0.928199	-113.764	-15.1381	35.9455
0.929255	-114.629	-15.2679	35.9983
0.912365	-115.468	-15.3795	36.0496
0.866821	-116.344	-15.4884	36.1034
0.808249	-117.157	-15.5807	36.1536
0.677383	-118.036	-15.6809	36.2094
0.601288	-118.923	-15.7757	36.2655
0.447968	-119.741	-15.867	36.3197
0.335831	-120.618	-15.9811	36.376
0.165176	-121.374	-16.0886	36.4277
0.0308371	-122.131	-16.2105	36.4794
-0.0700973	-122.938	-16.3585	36.5336
-0.178194	-123.694	-16.5094	36.5844
-0.338173	-124.505	-16.677	36.6386
-0.438742	-125.36	-16.8671	36.6939
-0.576358	-126.211	-17.0429	36.7485
-0.651881	-127.084	-17.2179	36.8031
-0.711103	-127.929	-17.3647	36.8556
-0.742409	-128.833	-17.4936	36.911
-0.741003	-129.739	-17.6086	36.9659
-0.704207	-130.613	-17.6977	37.0198
-0.651296	-131.453	-17.7858	37.0716
-0.598538	-132.273	-17.8711	37.1227
-0.48879	-133.123	-17.9659	37.1769
-0.415293	-133.941	-18.0613	37.2296
-0.36125	-134.788	-18.1625	37.2847
-0.196869	-135.581	-18.2713	37.3393
-0.125774	-136.328	-18.3903	37.3897
0.00511411	-137.112	-18.5323	37.4438
0.182335	-137.912	-18.6896	37.4983
0.283482	-138.695	-18.8689	37.5507
0.415147	-139.489	-19.047	37.6027
0.528721	-140.284	-19.225	37.6539
0.65774	-141.119	-19.4007	37.7066
0.743649	-141.943	-19.5608	37.7579
0.796043	-142.811	-19.7139	37.8112
0.813006	-143.722	-19.8553	37.8665
0.790087	-144.565	-19.9752	37.9183
0.755373	-145.454	-20.0887	37.9721
0.660312	-146.359	-20.2015	38.0279
0.603086	-147.239	-20.3019	38.0825
0.463211	-148.091	-20.4045	38.1374
0.393415	-148.917	-20.499	38.1899
0.30164	-149.731	-20.6023	38.2437
0.0985927	-150.466	-20.7002	38.2959
0.0178104	-151.284	-20.8245	38.3507
-0.0970745	-152.094	-20.9615	38.4052
-0.317948	-152.835	-21.0975	38.4576
-0.390277	-153.667	-21.2661	38.5115
-0.530009	-154.431	-21.4244	38.5615
-0.638899	-155.261	-21.5916	38.6149
-0.752511	-156.105	-21.7558	38.6685
-0.817347	-156.995	-21.9204	38.7235
-0.870526	-157.921	-22.069	38.7796
-0.897334	-158.855	-22.2092	38.8356
-0.883922	-159.74	-22.3296	38.8891
-0.853635	-160.646	-22.4372	38.9436
-0.756938	-161.554	-22.5447	38.9992
-0.668421	-162.366	-22.6306	39.0504
-0.551582	-163.162	-22.7217	39.1013
-0.428555	-164.016	-22.8246	39.1561
-0.238621	-164.806	-22.9191	39.2093
-0.132233	-165.647	-23.0247	39.265
0.0642724	-166.437	-23.1431	39.3198
0.171864	-167.222	-23.2838	39.3743
0.366135	-167.98	-23.4367	39.4283
0.474521	-168.747	-23.6099	39.4798
0.608284	-169.539	-23.7826	39.5325
0.705847	-170.326	-23.9534	39.5834
0.799415	-171.14	-24.1199	39.6351
0.882765	-171.988	-24.2778	39.6875
0.913465	-172.822	-24.4176	39.7389
0.912722	-173.703	-24.5438	39.7927
0.862301	-174.577	-24.6597	39.8466
0.798251	-175.44	-24.7662	39.8995
0.725261	-176.298	-24.8589	39.9524
0.617104	-177.101	-24.9473	40.0033
0.502484	-177.903	-25.0361	40.0548
0.356574	-178.738	-25.1335	40.1091
0.2725	-179.543	-25.2268	40.1617
0.0698481	-180.34	-25.3333	40.2174
-0.0227496	-181.137	-25.4545	40.2708
-0.162888	-181.906	-25.5845	40.3232
-0.352983	-182.681	-25.7258	40.3764
-0.492535	-183.467	-25.8793	40.4288
-0.622556	-184.295	-26.0509	40.4826
-0.768749	-185.146	-26.2196	40.5374
-0.877382	-186.034	-26.392	40.5931
-0.965176	-186.935	-26.5508	40.6485
-1.02387	-187.838	-26.6965	40.7034
-1.05761	-188.675	-26.8191	40.754
-1.05221	-189.595	-26.9454	40.8095
-1.04547	-190.486	-27.0594	40.8634
-0.961085	-191.387	-27.1782	40.9187
-0.885097	-192.254	-27.2838	40.9729
-0.785381	-193.062	-27.3835	41.0244
-0.680398	-193.84	-27.4796	41.075
-0.486527	-194.643	-27.5843	41.1296
-0.388932	-195.435	-27.6993	41.1827
-0.155114	-196.214	-27.8303	41.2379
-0.0166164	-196.95	-27.9794	41.2905
0.109451	-197.714	-28.1467	41.3416
0.254221	-198.514	-28.3294	41.3949
0.41858	-199.316	-28.5159	41.4468
0.533534	-200.157	-28.7032	41.5003
0.619781	-200.954	-28.8668	41.5505
0.668937	-201.799	-29.0162	41.6027
0.681776	-202.653	-29.1396	41.6553
0.668605	-203.464	-29.2399	41.7057
0.610596	-204.35	-29.3414	41.7603
0.558017	-205.239	-29.4238	41.8155
0.44203	-206.064	-29.5011	41.8676
0.395729	-206.951	-29.5795	41.923
0.309132	-207.747	-29.6575	41.9744
0.211282	-208.536	-29.7408	42.0261
0.0622786	-209.345	-29.8329	42.082
-0.062187	-210.136	-29.9481	42.1351
-0.219759	-210.938	-30.0845	42.1897
-0.347533	-211.696	-30.2306	42.2407
-0.453223	-212.497	-30.4099	42.2934
-0.608006	-213.351	-30.5979	42.3483
-0.716424	-214.154	-30.776	42.3997
-0.81633	-214.983	-30.96	42.4517
-0.881206	-215.872	-31.1339	42.5068
-0.945025	-216.715	-31.2811	42.559
-0.958395	-217.634	-31.4195	42.6147
-0.945742	-218.551	-31.5508	42.6701
-0.898263	-219.378	-31.6536	42.7202
-0.853742	-220.247	-31.7468	42.7719
-0.786719	-221.076	-31.8403	42.8224
-0.705596	-221.949	-31.9419	42.8766
-0.545231	-222.739	-32.0354	42.9276
-0.456049	-223.592	-32.1421	42.9826
-0.32803	-224.379	-32.2543	43.0357
-0.127738	-225.159	-32.376	43.0903
-0.0343987	-225.922	-32.5155	43.1434
0.128828	-226.627	-32.659	43.1939
0.379201	-227.395	-32.8216	43.2496
0.494544	-228.217	-33.0097	43.3048
0.63504	-229.011	-33.1826	43.357
0.727208	-229.865	-33.3657	43.4117
0.821304	-230.738	-33.5251	43.4664
0.868248	-231.567	-33.6619	43.5176
0.891508	-232.391	-33.7813	43.5684
0.886261	-233.262	-33.8922	43.6213
0.855877	-234.116	-33.9952	43.6735
0.783322	-235.01	-34.1002	43.7284
0.749161	-235.913	-34.1994	43.7839
0.661925	-236.722	-34.2911	43.8355
0.534244	-237.537	-34.3869	43.8888
0.437659	-238.311	-34.4762	43.9416
0.361411	-239.042	-34.569	43.9918
0.182463	-239.785	-34.6716	44.0467
0.0316886	-240.488	-34.7822	44.099
-0.0630723	-241.25	-34.9184	44.1542
-0.261132	-241.987	-35.0615	44.2075
-0.41051	-242.761	-35.222	44.2598
-0.530333	-243.599	-35.4102	44.3145
-0.643117	-244.411	-35.5891	44.3668
-0.767465	-245.255	-35.7566	44.4193
-0.840634	-246.094	-35.9093	44.4707
-0.890515	-246.964	-36.0489	44.5239
-0.903697	-247.847	-36.1753	44.5776
-0.884951	-248.786	-36.2926	44.6338
-0.85392	-249.67	-36.3944	44.6873
-0.788718	-250.488	-36.4822	44.7374
-0.657422	-251.343	-36.5766	44.7909
-0.535482	-252.146	-36.6652	44.8417
-0.439713	-252.944	-36.7535	44.8926
-0.289989	-253.712	-36.8521	44.9434
-0.0809926	-254.496	-36.9628	44.998
0.0359739	-255.299	-37.0903	45.0528
0.239831	-256.086	-37.2303	45.1084
0.391355	-256.835	-37.3752	45.1613
0.522995	-257.572	-37.5336	45.2127
0.666817	-258.403	-37.7041	45.2677
0.816746	-259.233	-37.8738	45.3217
0.931518	-260.037	-38.0404	45.3733
1.02975	-260.904	-38.1995	45.4268
1.09734	-261.745	-38.3418	45.4782
1.11952	-262.573	-38.467	45.5284
1.10906	-263.455	-38.5899	45.5819
1.07907	-264.315	-38.69	45.6343
1.01743	-265.143	-38.7846	45.6856
0.907597	-266.01	-38.8844	45.7402
0.838848	-266.858	-38.9751	45.794
0.730039	-267.636	-39.0667	45.8455
0.505451	-268.42	-39.1663	45.9004
0.390022	-269.161	-39.2706	45.9528
0.214653	-269.864	-39.3875	46.0049
-0.00305706	-270.548	-39.5149	46.0593
-0.146133	-271.343	-39.6711	46.1152
-0.289981	-272.099	-39.8301	46.1665
-0.476055	-272.911	-40.0046	46.2215
-0.577086	-273.77	-40.1988	46.2759
-0.685251	-274.673	-40.3827	46.3319
-0.758746	-275.573	-40.5499	46.387
-0.789033	-276.446	-40.6886	46.4398
-0.793012	-277.279	-40.8041	46.4899
-0.79665	-278.15	-40.904	46.5424
-0.733085	-279.061	-41.0046	46.5979
-0.63979	-279.878	-41.0877	46.6484
-0.588434	-280.702	-41.172	46.6994
-0.424181	-281.506	-41.2552	46.7511
-0.315718	-282.355	-41.3435	46.8055
-0.18851	-283.111	-41.4323	46.8556
0.0122321	-283.922	-41.5413	46.9101
0.120539	-284.673	-41.6577	46.9602
0.20678	-285.493	-41.809	47.0153
0.334489	-286.257	-41.9649	47.0676
0.456062	-287.019	-42.1304	47.1184
0.59553	-287.819	-42.3053	47.171
0.682104	-288.667	-42.4894	47.2254
0.788918	-289.509	-42.6523	47.2783
0.84214	-290.387	-42.8137	47.3328
0.878969	-291.258	-42.9602	47.386
0.889687	-292.124	-43.0968	47.4388
0.872281	-292.946	-43.2147	47.4891
0.830641	-293.766	-43.3226	47.5395
0.745712	-294.625	-43.4266	47.5926
0.68676	-295.473	-43.5184	47.6451
0.589652	-296.328	-43.6196	47.6992
0.464627	-297.144	-43.7102	47.7528
0.371798	-297.962	-43.8101	47.8061
0.207806	-298.714	-43.9055	47.8582
0.104976	-299.491	-44.0137	47.9096
-0.0478341	-300.24	-44.1294	47.9625
-0.128507	-300.995	-44.262	48.0145
-0.328884	-301.757	-44.4128	48.0686
-0.456498	-302.542	-44.5818	48.1214
-0.566233	-303.309	-44.7554	48.1716
-0.672613	-304.114	-44.9439	48.2231
-0.759507	-304.925	-45.1126	48.2736
-0.834373	-305.793	-45.2725	48.3263
-0.86198	-306.73	-45.4304	48.3831
-0.859216	-307.595	-45.562	48.4354
-0.833617	-308.487	-45.6869	48.4898
-0.774105	-309.358	-45.789	48.5429
-0.726941	-310.184	-45.8776	48.593
-0.646811	-311.082	-45.97	48.6482
-0.522157	-311.936	-46.0597	48.7012
-0.420329	-312.788	-46.1427	48.7547
-0.299616	-313.59	-46.2334	48.8065
-0.161203	-314.338	-46.3255	48.8567
0.0190365	-315.166	-46.4433	48.9121
0.11296	-315.916	-46.5707	48.9637
0.289997	-316.687	-46.7198	49.0188
0.464098	-317.47	-46.8841	49.0727
0.568724	-318.278	-47.0696	49.1258
0.734104	-319.087	-47.2427	49.1788
0.82424	-319.949	-47.4125	49.233
0.917944	-320.834	-47.5749	49.2878
0.97796	-321.69	-47.712	49.34
0.990351	-322.547	-47.8373	49.3925
0.972033	-323.372	-47.9503	49.4431
0.93123	-324.278	-48.0657	49.4989
0.857201	-325.12	-48.1708	49.5504
0.801772	-325.983	-48.273	49.6033
0.733596	-326.793	-48.3728	49.654
0.661997	-327.64	-48.4799	49.7074
0.488186	-328.483	-48.5896	49.7633
0.416677	-329.264	-48.6912	49.8156
0.232056	-330.081	-48.8137	49.8718
0.15136	-330.845	-48.9463	49.9242
0.00269759	-331.556	-49.082	49.9749
-0.159398	-332.303	-49.2358	50.027
-0.30981	-333.082	-49.402	50.0793
-0.460017	-333.878	-49.5762	50.1309
-0.575341	-334.693	-49.7505	50.1827
-0.661138	-335.508	-49.9209	50.2337
-0.729505	-336.332	-50.0654	50.2841
-0.747339	-337.163	-50.1915	50.3347
-0.744056	-338.02	-50.3058	50.3869
-0.706109	-338.916	-50.4128	50.4415
-0.653326	-339.804	-50.5016	50.4959
-0.558685	-340.685	-50.5963	50.5505
-0.45332	-341.494	-50.6817	50.6012
-0.385347	-342.352	-50.7709	50.6555
-0.23869	-343.15	-50.8607	50.708
-0.10045	-344.013	-50.9664	50.7633
0.0100078	-344.876	-51.0815	50.8207
0.132435	-345.64	-51.2037	50.8708
0.280753	-346.413	-51.3467	50.9227
0.403141	-347.202	-51.5238	50.9762
0.535586	-347.992	-51.7081	51.0287
0.66485	-348.773	-51.8951	51.0789
0.796962	-349.577	-52.079	51.1301
0.874407	-350.448	-52.2631	51.1841
0.923893	-351.27	-52.4123	51.2342
0.940321	-352.103	-52.5468	51.2851
0.924206	-352.953	-52.6724	51.3377
0.860166	-353.804	-52.7847	51.39
0.787556	-354.678	-52.8827	51.4448
0.643062	-355.56	-52.9816	51.5013
0.544511	-356.391	-53.0631	51.555
0.441268	-357.144	-53.1423	51.605
0.319806	-357.95	-53.2332	51.6588
0.135294	-358.744	-53.3276	51.7149
-0.0358558	-359.458	-53.4288	51.7655
-0.157761	-360.203	-53.5487	51.8176
-0.29035	-360.942	-53.6826	51.8685
-0.469221	-361.702	-53.8337	51.921
-0.580559	-362.457	-53.99	51.9711
-0.672155	-363.315	-54.1737	52.0268
-0.778084	-364.12	-54.332	52.0779
-0.878635	-365.037	-54.4954	52.1344
-0.910467	-365.896	-54.6322	52.1864
-0.90224	-366.786	-54.7635	52.2401
-0.896766	-367.708	-54.8873	52.2954
-0.793018	-368.581	-54.9942	52.3488
-0.667736	-369.48	-55.1105	52.4038
-0.5618	-370.332	-55.2173	52.4568
-0.420167	-371.187	-55.3278	52.5111
-0.304259	-372.01	-55.4352	52.5637
-0.202828	-372.812	-55.5373	52.6169
-0.0914019	-373.567	-55.6439	52.667
0.0298512	-374.35	-55.7679	52.7192
0.147206	-375.098	-55.9004	52.7697
0.29507	-375.846	-56.048	52.8211
0.450561	-376.635	-56.2103	52.8733
0.547875	-377.454	-56.392	52.9265
0.656018	-378.281	-56.5637	52.9795
0.768889	-379.151	-56.7329	53.034
0.842284	-380.006	-56.8869	53.0866
0.892642	-380.918	-57.0282	53.1416
0.900854	-381.802	-57.1448	53.195
0.878004	-382.686	-57.2544	53.2487
0.806906	-383.561	-57.3573	53.3025
0.748093	-384.393	-57.446	53.3548
0.656865	-385.176	-57.5341	53.4049
0.520725	-386.024	-57.636	53.4603
0.390534	-386.81	-57.7332	53.5124
0.301392	-387.609	-57.8355	53.5656
0.191823	-388.357	-57.9437	53.6163
0.0710396	-389.109	-58.0632	53.6677
-0.103536	-389.935	-58.2067	53.724
-0.200154	-390.676	-58.3506	53.7753
-0.341533	-391.482	-58.5119	53.8296
-0.507516	-392.264	-58.6757	53.8818
-0.597699	-393.052	-58.8418	53.9325
-0.678938	-393.926	-59.024	53.988
-0.741073	-394.75	-59.1769	54.0393
-0.783768	-395.566	-59.3103	54.0893
-0.790056	-396.431	-59.4358	54.1416
-0.757493	-397.303	-59.5513	54.1945
-0.714034	-398.137	-59.6369	54.245
-0.646067	-398.968	-59.7233	54.2957
-0.551153	-399.809	-59.8088	54.3483
-0.387657	-400.641	-59.8936	54.4025
-0.284232	-401.445	-59.9724	54.4558
-0.138404	-402.258	-60.069	54.5103
0.0581968	-403.022	-60.1702	54.5629
0.164743	-403.829	-60.2971	54.6168
0.364351	-404.64	-60.4458	54.6731
0.487734	-405.452	-60.6212	54.7272
0.684089	-406.299	-60.8058	54.784
0.818922	-407.091	-60.9841	54.8348
0.932652	-407.935	-61.1724	54.8884
1.0268	-408.764	-61.3357	54.9403
1.11144	-409.642	-61.4917	54.9947
1.13069	-410.473	-61.6278	55.0458
1.12735	-411.347	-61.7585	55.0993
1.09179	-412.21	-61.8814	55.1525
1.03891	-413.082	-61.995	55.2062
0.964251	-413.912	-62.1013	55.2581
0.845313	-414.758	-62.21	55.3114
0.74565	-415.564	-62.3125	55.3631
0.659589	-416.405	-62.4139	55.4182
0.55086	-417.155	-62.5071	55.4683
0.390731	-417.919	-62.6063	55.5204
0.282538	-418.7	-62.7164	55.5756
0.153787	-419.458	-62.8381	55.6286
0.00813311	-420.184	-62.9688	55.6804
-0.163394	-420.956	-63.1179	55.7334
-0.290431	-421.729	-63.2849	55.7853
-0.418502	-422.587	-63.4649	55.8403
-0.581359	-423.372	-63.6312	55.8913
-0.681693	-424.217	-63.8029	55.9448
-0.754271	-425.037	-63.957	55.9955
-0.802755	-425.87	-64.0913	56.0465
-0.813875	-426.781	-64.2238	56.1024
-0.793143	-427.628	-64.3361	56.1544
-0.75394	-428.473	-64.4298	56.2065
-0.682223	-429.276	-64.5176	56.2569
-0.587647	-430.086	-64.6029	56.3086
-0.479795	-430.847	-64.6806	56.359
-0.278688	-431.653	-64.7711	56.4146
-0.15141	-432.403	-64.8553	56.467
0.0387439	-433.2	-64.9626	56.5224
0.210628	-433.978	-65.0838	56.5769
0.471587	-434.764	-65.2266	56.6324
0.619048	-435.572	-65.3874	56.6848
0.75865	-436.393	-65.5673	56.737
0.899064	-437.189	-65.729	56.7872
0.995546	-438.019	-65.8845	56.838
1.09602	-438.9	-66.035	56.8922
1.1494	-439.749	-66.1697	56.9439
1.186	-440.68	-66.3096	57.0001
1.18924	-441.561	-66.4352	57.0539
1.17145	-442.434	-66.544	57.1077
1.12195	-443.242	-66.639	57.1578
1.04973	-444.043	-66.7271	57.2086
0.919978	-444.927	-66.8278	57.265
0.84328	-445.748	-66.911	57.3184
0.711842	-446.534	-66.9971	57.3711
0.59192	-447.308	-67.0848	57.4239
0.473789	-448.091	-67.1765	57.4776
0.272379	-448.89	-67.2889	57.5331
0.149528	-449.651	-67.4095	57.5863
0.0290192	-450.47	-67.5581	57.6403
-0.153823	-451.279	-67.7177	57.6931
-0.272084	-452.143	-67.901	57.7483
-0.406872	-453.019	-68.0755	57.8037
-0.492835	-453.892	-68.246	57.858
-0.572039	-454.748	-68.3964	57.9113
-0.616511	-455.632	-68.5387	57.9655
-0.650854	-456.521	-68.6692	58.0197
-0.653998	-457.36	-68.7819	58.0711
-0.654987	-458.25	-68.889	58.1262
-0.634337	-459.084	-68.987	58.1776
-0.551639	-459.961	-69.0919	58.2328
-0.52903	-460.847	-69.1934	58.2884
-0.440361	-461.692	-69.2965	58.343
-0.36766	-462.501	-69.3964	58.3955
-0.323019	-463.319	-69.5	58.448
-0.226968	-464.102	-69.6106	58.4983
-0.1249	-464.932	-69.7382	58.5517
-0.00389683	-465.793	-69.8776	58.6062
0.0802372	-466.613	-70.0163	58.6574
0.192502	-467.503	-70.165	58.7124
0.272019	-468.432	-70.3187	58.7694
0.3871	-469.362	-70.4712	58.8258
0.470103	-470.28	-70.6185	58.8811
0.541466	-471.156	-70.7567	58.9336
0.606242	-472.06	-70.8981	58.9874
0.65519	-472.935	-71.0344	59.0397
0.689527	-473.835	-71.1731	59.0935
0.716692	-474.707	-71.3041	59.146
0.733788	-475.524	-71.4255	59.196
0.762423	-476.433	-71.5597	59.2508
0.766895	-477.324	-71.6943	59.3053
0.777642	-478.194	-71.8266	59.3588
0.756634	-479.105	-71.9667	59.4152
0.747208	-479.937	-72.0956	59.4664
0.72768	-480.852	-72.2391	59.5226
0.693668	-481.68	-72.3699	59.5734
0.671287	-482.542	-72.5053	59.6262
0.648627	-483.373	-72.6365	59.6774
0.620232	-484.257	-72.7769	59.7312
0.59415	-485.091	-72.9102	59.7823
0.564445	-486.005	-73.0565	59.8383
0.531469	-486.923	-73.2026	59.8944
0.50271	-487.748	-73.3326	59.9446
