x	y	z	t
0.45814	449.614	73.3914	0.0551302
0.455112	448.892	73.276	0.10574
0.451422	448.115	73.149	0.160305
0.445388	447.365	73.0259	0.212938
0.442289	446.57	72.8934	0.268534
0.446112	445.817	72.7717	0.321257
0.455174	445.074	72.6524	0.373959
0.46569	444.337	72.5342	0.425918
0.486851	443.559	72.409	0.480715
0.507852	442.853	72.2959	0.530821
0.537778	442.078	72.1721	0.585588
0.559384	441.303	72.0471	0.640189
0.582758	440.571	71.93	0.692001
0.6105	439.848	71.8142	0.743702
0.650418	439.075	71.6907	0.79949
0.686122	438.367	71.5797	0.850727
0.728903	437.679	71.4777	0.900964
0.792724	436.898	71.3725	0.958259
0.847572	436.211	71.284	1.00877
0.899628	435.493	71.1906	1.06146
0.942161	434.79	71.0946	1.11251
0.974161	434.072	70.9924	1.16442
1.00233	433.344	70.8867	1.21709
1.01749	432.647	70.7835	1.26736
1.02948	431.926	70.6765	1.31911
1.04098	431.225	70.5702	1.36932
1.04681	430.452	70.4507	1.42465
1.0578	429.673	70.3288	1.48028
1.06447	428.861	70.2008	1.53772
1.06425	428.065	70.0748	1.59427
1.05519	427.293	69.9508	1.64881
1.04729	426.5	69.8219	1.70448
1.0358	425.715	69.6939	1.75937
1.01707	424.965	69.5714	1.81225
0.994555	424.239	69.4511	1.86351
0.957243	423.442	69.3164	1.91965
0.922477	422.723	69.1958	1.97081
0.882398	422.014	69.0791	2.0209
0.835525	421.262	68.958	2.07345
0.775218	420.457	68.8343	2.12908
0.72427	419.708	68.7228	2.18069
0.66958	418.941	68.6106	2.23324
0.595092	418.063	68.4843	2.29232
0.518648	417.205	68.3607	2.34947
0.454189	416.39	68.2397	2.40337
0.375987	415.591	68.1195	2.45619
0.305856	414.731	67.9927	2.51307
0.227075	413.97	67.8848	2.56333
0.119167	413.157	67.7721	2.61716
0.0307343	412.378	67.6699	2.66835
-0.0592495	411.566	67.5558	2.72165
-0.165656	410.713	67.4271	2.77823
-0.264376	409.928	67.2994	2.83017
-0.37139	409.087	67.154	2.8858
-0.433386	408.268	67.0022	2.93938
-0.501782	407.42	66.8459	2.99511
-0.56741	406.578	66.6836	3.05034
-0.626694	405.692	66.5224	3.10807
-0.643581	404.902	66.3747	3.15937
-0.651202	404.07	66.2283	3.21328
-0.645529	403.283	66.0932	3.26411
-0.622203	402.48	65.9584	3.31599
-0.586641	401.624	65.8204	3.37161
-0.539555	400.836	65.7013	3.42264
-0.461356	399.995	65.5812	3.47792
-0.38779	399.155	65.4756	3.53337
-0.274482	398.32	65.3784	3.58931
-0.173209	397.551	65.2838	3.64051
-0.0228905	396.739	65.1785	3.69593
0.0780895	395.932	65.0668	3.7502
0.189331	395.158	64.9493	3.80218
0.350478	394.379	64.8141	3.85526
0.461645	393.626	64.6713	3.90641
0.554215	392.789	64.4978	3.96183
0.641254	392.02	64.338	4.01257
0.742869	391.178	64.1673	4.06816
0.791644	390.306	63.9917	4.12518
0.82677	389.445	63.8297	4.18089
0.826161	388.664	63.6959	4.23159
0.795272	387.808	63.5583	4.28674
0.727381	386.921	63.4319	4.34396
0.644703	386.13	63.3335	4.39545
0.520081	385.3	63.245	4.4499
0.407782	384.458	63.1519	4.5057
0.287226	383.717	63.072	4.55578
0.143535	382.885	62.9778	4.61253
0.0183541	382.118	62.8794	4.66493
-0.127213	381.33	62.7641	4.72031
-0.245962	380.604	62.639	4.77087
-0.37758	379.861	62.4972	4.82303
-0.48698	379.123	62.3491	4.87344
-0.610548	378.308	62.176	4.92904
-0.695081	377.532	62.0212	4.98049
-0.7599	376.711	61.864	5.0347
-0.818006	375.874	61.7058	5.08946
-0.842013	375.007	61.5533	5.14551
-0.844098	374.132	61.4034	5.20207
-0.835212	373.273	61.2635	5.25797
-0.814526	372.393	61.1336	5.31484
-0.757656	371.531	61.0142	5.37082
-0.694866	370.711	60.9081	5.42463
-0.603693	369.929	60.8176	5.47603
-0.551014	369.122	60.7388	5.52978
-0.468182	368.341	60.6609	5.5826
-0.379467	367.57	60.5845	5.63551
-0.253051	366.74	60.4991	5.69298
-0.108794	365.973	60.4042	5.74645
-0.0134663	365.144	60.2837	5.80308
0.127615	364.319	60.1408	5.85945
0.249319	363.509	59.9875	5.91397
0.412901	362.706	59.8285	5.96753
0.513947	361.877	59.6541	6.02165
0.628374	361.033	59.4879	6.07713
0.695583	360.167	59.321	6.13353
0.752148	359.297	59.1644	6.18975
0.775313	358.491	59.029	6.2413
0.77586	357.595	58.8852	6.29884
0.746454	356.765	58.7593	6.35203
0.701067	355.941	58.6416	6.4046
0.637589	355.155	58.5343	6.45534
0.543934	354.326	58.4248	6.50887
0.459968	353.509	58.3208	6.56263
0.332007	352.682	58.2052	6.61746
0.246918	351.825	58.0803	6.67424
0.124322	350.988	57.951	6.7306
0.0206214	350.206	57.8223	6.78385
-0.0960282	349.382	57.6796	6.84013
-0.210296	348.576	57.5342	6.89495
-0.346842	347.769	57.3862	6.94949
-0.421423	346.936	57.2286	7.00472
-0.514784	346.137	57.082	7.0574
-0.558849	345.336	56.9342	7.10954
-0.595143	344.551	56.7976	7.16044
-0.615766	343.676	56.6538	7.21675
-0.608768	342.854	56.5248	7.26994
-0.586783	341.989	56.398	7.32577
-0.533829	341.126	56.2882	7.38187
-0.47572	340.334	56.1902	7.43376
-0.374414	339.536	56.0956	7.48656
-0.312286	338.702	56.0051	7.54194
-0.219929	337.937	55.9187	7.5935
-0.0829215	337.172	55.8308	7.64605
-0.00214612	336.362	55.7301	7.70109
0.133366	335.554	55.6119	7.75645
0.226846	334.755	55.4733	7.81116
0.321891	333.978	55.3256	7.86391
0.427082	333.206	55.1715	7.91547
0.529785	332.429	55.0153	7.96723
0.58497	331.561	54.8427	8.02349
0.635344	330.702	54.6839	8.07965
0.652185	329.874	54.5361	8.13368
0.651985	329.014	54.3942	8.18934
0.62412	328.127	54.2551	8.24669
0.567246	327.294	54.1353	8.30094
0.498201	326.459	54.0218	8.35486
0.399509	325.609	53.9196	8.41
0.311737	324.77	53.8191	8.46529
0.201019	324.001	53.7316	8.51662
0.0438579	323.213	53.6377	8.56985
-0.058886	322.475	53.5393	8.62026
-0.172884	321.698	53.4154	8.67391
-0.33085	320.887	53.2652	8.73102
-0.435812	320.096	53.1109	8.78517
-0.579908	319.294	52.9497	8.83998
-0.647309	318.467	52.7786	8.89511
-0.734112	317.62	52.6112	8.95129
-0.787196	316.793	52.4588	9.0055
-0.82993	315.934	52.3048	9.0612
-0.846276	315.1	52.1655	9.1151
-0.852405	314.284	52.0353	9.1681
-0.850111	313.437	51.9096	9.22305
-0.815858	312.602	51.7949	9.27739
-0.772303	311.791	51.6907	9.33031
-0.731198	310.939	51.5862	9.38566
-0.667646	310.17	51.4935	9.43623
-0.558337	309.389	51.4012	9.48879
-0.486231	308.537	51.3044	9.54569
-0.350951	307.757	51.2096	9.59932
-0.259713	306.994	51.1125	9.65219
-0.147643	306.253	50.9992	9.70369
-2.0057e-005	305.475	50.868	9.75726
0.0783424	304.655	50.7137	9.81232
0.184034	303.848	50.5585	9.86641
0.287026	302.999	50.3854	9.9225
0.371228	302.148	50.2204	9.97811
0.409792	301.33	50.0632	10.0311
0.432004	300.503	49.9199	10.0839
0.428809	299.641	49.7801	10.1391
0.405475	298.78	49.6491	10.1944
0.351245	297.921	49.5262	10.2496
0.295222	297.098	49.4224	10.3021
0.188388	296.227	49.3138	10.3585
0.0875896	295.427	49.2178	10.4107
0.00875288	294.574	49.1141	10.4665
-0.0965571	293.722	48.9965	10.5232
-0.193193	292.906	48.8722	10.5773
-0.325972	292.161	48.7488	10.6278
-0.403211	291.356	48.6057	10.6821
-0.487006	290.551	48.4618	10.7359
-0.557915	289.763	48.318	10.7877
-0.641469	288.983	48.174	10.8393
-0.686337	288.114	48.011	10.8956
-0.732967	287.235	47.8507	10.9521
-0.756811	286.424	47.7108	11.0043
-0.768881	285.563	47.5692	11.0595
-0.768165	284.719	47.4388	11.1141
-0.745399	283.915	47.3265	11.1661
-0.685405	283.134	47.2272	11.2172
-0.641698	282.305	47.1358	11.2718
-0.573325	281.514	47.0494	11.3246
-0.47148	280.683	46.9696	11.3809
-0.378334	279.884	46.8846	11.4356
-0.246995	279.106	46.7946	11.4895
-0.161415	278.343	46.6929	11.5424
-0.0583768	277.601	46.576	11.5926
0.0377652	276.841	46.442	11.6433
0.13258	276.034	46.2881	11.6967
0.226778	275.261	46.131	11.7475
0.332368	274.4	45.9495	11.8029
0.40391	273.619	45.7922	11.8531
0.477082	272.751	45.6283	11.9083
0.514459	271.849	45.4635	11.9651
0.531016	270.997	45.3194	12.0189
0.521928	270.142	45.182	12.0733
0.491056	269.314	45.0578	12.1262
0.428526	268.439	44.9363	12.1816
0.361262	267.621	44.828	12.2345
0.276879	266.83	44.7298	12.2854
0.182909	266.044	44.6332	12.3363
0.0631637	265.181	44.5239	12.3931
-0.0731166	264.331	44.4045	12.4498
-0.170738	263.571	44.2901	12.5008
-0.241153	262.72	44.1521	12.5573
-0.381009	261.93	44.0177	12.6102
-0.453137	261.11	43.8721	12.6648
-0.530241	260.317	43.7295	12.7174
-0.615058	259.463	43.57	12.7734
-0.696412	258.613	43.4148	12.8285
-0.737934	257.775	43.2599	12.8824
-0.772139	256.914	43.1095	12.9375
-0.799272	256.039	42.9602	12.9935
-0.808947	255.22	42.8274	13.046
-0.802561	254.436	42.7076	13.0962
-0.765	253.63	42.5951	13.1482
-0.71986	252.847	42.4952	13.1992
-0.662237	252.03	42.4048	13.2529
-0.588221	251.237	42.3167	13.3057
-0.505629	250.48	42.2348	13.3568
-0.417018	249.736	42.1496	13.4068
-0.293815	248.909	42.0449	13.4634
-0.203662	248.12	41.9256	13.5168
-0.0725414	247.341	41.7935	13.5701
0.00322157	246.5	41.6336	13.6262
0.117563	245.732	41.4839	13.6778
0.190046	244.961	41.332	13.729
0.245322	244.141	41.1674	13.7826
0.292864	243.326	41.0156	13.8353
0.322686	242.504	40.8715	13.8885
0.333737	241.641	40.7305	13.9441
0.321786	240.873	40.6137	13.9941
0.292399	240.068	40.4979	14.0462
0.224808	239.234	40.3862	14.0998
0.157119	238.459	40.2907	14.1503
0.0835956	237.665	40.2053	14.2024
-0.000646055	236.882	40.1175	14.2543
-0.089498	236.083	40.0201	14.3075
-0.193256	235.258	39.9106	14.3626
-0.298414	234.512	39.7962	14.4127
-0.404763	233.72	39.6638	14.4655
-0.497138	232.938	39.524	14.5173
-0.620523	232.084	39.3621	14.5742
-0.714033	231.307	39.2141	14.6252
-0.806417	230.488	39.0584	14.679
-0.864808	229.699	38.9088	14.7307
-0.910513	228.834	38.7443	14.7867
-0.954207	227.99	38.5925	14.841
-0.975078	227.142	38.4447	14.8955
-0.982186	226.347	38.3152	14.9462
-0.972673	225.553	38.1944	14.9975
-0.929212	224.751	38.0821	15.0497
-0.886612	223.923	37.9765	15.1038
-0.828316	223.098	37.8742	15.1583
-0.721553	222.335	37.7886	15.2096
-0.632247	221.576	37.7058	15.261
-0.551384	220.755	37.621	15.3163
-0.406824	219.977	37.5303	15.37
-0.308683	219.164	37.4235	15.4254
-0.186654	218.401	37.3013	15.4778
-0.0475204	217.575	37.1493	15.5337
0.0654803	216.81	36.9997	15.5845
0.190879	215.961	36.8325	15.6407
0.271882	215.136	36.6599	15.6944
0.348698	214.322	36.4972	15.7477
0.418369	213.512	36.3421	15.8002
0.438671	212.648	36.1839	15.8554
0.437513	211.751	36.0332	15.9129
0.41464	210.916	35.9033	15.966
0.356048	210.053	35.7771	16.0211
0.287823	209.275	35.6722	16.0713
0.215738	208.411	35.5676	16.1268
0.100877	207.613	35.4741	16.1789
0.0200054	206.753	35.3756	16.2357
-0.108332	205.945	35.2706	16.2905
-0.212273	205.158	35.156	16.3436
-0.349715	204.359	35.0253	16.3984
-0.405876	203.518	34.8744	16.4544
-0.513526	202.764	34.7349	16.5051
-0.62659	201.931	34.5819	16.5606
-0.695241	201.12	34.4268	16.6142
-0.78117	200.264	34.2695	16.6699
-0.82877	199.486	34.1268	16.7206
-0.857843	198.708	33.9887	16.7708
-0.874224	197.892	33.8505	16.8232
-0.879993	197.044	33.7173	16.8775
-0.85829	196.234	33.5976	16.9298
-0.833317	195.358	33.4796	16.9863
-0.759015	194.54	33.375	17.0398
-0.700161	193.733	33.2888	17.093
-0.620018	192.938	33.206	17.1459
-0.493179	192.126	33.118	17.2012
-0.388484	191.377	33.0368	17.2525
-0.271436	190.655	32.951	17.3026
-0.164792	189.868	32.8428	17.3565
-0.0130178	189.068	32.7141	17.4117
0.0697224	188.224	32.5571	17.4677
0.210382	187.426	32.3997	17.5212
0.296709	186.641	32.2387	17.573
0.37785	185.857	32.0689	17.6242
0.442292	185.037	31.9074	17.6773
0.493301	184.261	31.7613	17.7276
0.531142	183.414	31.6121	17.7821
0.536763	182.617	31.479	17.8332
0.522849	181.827	31.3564	17.8839
0.490807	180.961	31.2302	17.9396
0.436284	180.085	31.1146	17.996
0.357624	179.255	31.0112	18.0495
0.294583	178.398	30.9145	18.1055
0.206455	177.591	30.8212	18.159
0.0905542	176.772	30.7265	18.2144
-0.00679314	176.021	30.6253	18.2651
-0.0997546	175.269	30.5108	18.3159
-0.203526	174.531	30.387	18.3662
-0.332193	173.731	30.2417	18.4205
-0.415919	172.875	30.0769	18.4778
-0.513045	172.013	29.9083	18.5345
-0.578674	171.206	29.7538	18.5875
-0.653468	170.382	29.5973	18.6413
-0.691939	169.512	29.4315	18.6976
-0.727887	168.713	29.2862	18.7492
-0.738297	167.857	29.1377	18.8043
-0.733824	167.059	29.01	18.8558
-0.71308	166.246	28.8899	18.9085
-0.66507	165.387	28.7782	18.9643
-0.598325	164.531	28.673	19.0201
-0.49599	163.67	28.5826	19.0769
-0.392208	162.816	28.4976	19.1343
-0.297635	161.985	28.4051	19.1894
-0.152731	161.252	28.3184	19.2402
-0.0476626	160.523	28.2195	19.2903
0.0462804	159.721	28.0942	19.346
0.184366	158.916	27.9543	19.4016
0.263134	158.116	27.8005	19.4561
0.383001	157.309	27.6468	19.5105
0.457583	156.513	27.4944	19.563
0.508305	155.669	27.3309	19.6187
0.565755	154.862	27.1837	19.6711
0.587465	154.07	27.043	19.7226
0.590554	153.218	26.8968	19.7775
0.577931	152.409	26.7665	19.83
0.550062	151.572	26.6405	19.8839
0.506341	150.743	26.522	19.9375
0.426255	149.896	26.408	19.9926
0.360802	149.034	26.3038	20.0488
0.257738	148.222	26.2068	20.1028
0.174551	147.457	26.1209	20.1547
0.0849421	146.691	26.0229	20.206
-0.0243202	145.917	25.9147	20.2592
-0.164595	145.184	25.802	20.3106
-0.246584	144.402	25.6667	20.3651
-0.344748	143.605	25.5215	20.4192
-0.468922	142.869	25.3834	20.47
-0.537166	142.072	25.2297	20.5238
-0.61147	141.26	25.0773	20.5777
-0.680147	140.482	24.9308	20.6291
-0.73937	139.71	24.7889	20.6797
-0.764063	138.92	24.6483	20.7309
-0.773898	138.068	24.5013	20.7861
-0.773034	137.22	24.3639	20.841
-0.760955	136.373	24.2388	20.8962
-0.727276	135.577	24.1331	20.9482
-0.669325	134.723	24.033	21.0045
-0.61149	133.92	23.9413	21.0576
-0.505457	133.13	23.8541	21.1109
-0.434252	132.312	23.77	21.1666
-0.343047	131.534	23.6806	21.2195
-0.19861	130.778	23.5862	21.2719
-0.10562	130.038	23.4778	21.3229
-0.0217449	129.266	23.3493	21.376
0.075907	128.521	23.2121	21.4264
0.17029	127.776	23.0678	21.477
0.282419	126.936	22.9042	21.533
0.354789	126.127	22.7361	21.586
0.431949	125.282	22.5725	21.641
0.47447	124.437	22.4129	21.6958
0.500686	123.654	22.2762	21.7459
0.507562	122.847	22.1408	21.7979
0.496859	122.071	22.0163	21.848
0.454682	121.261	21.8946	21.9003
0.404002	120.422	21.7807	21.955
0.319085	119.582	21.6707	22.0102
0.251013	118.756	21.5753	22.0645
0.165394	117.973	21.4856	22.1161
0.07071	117.196	21.393	22.1689
-0.048102	116.365	21.283	22.2252
-0.142571	115.595	21.1668	22.2779
-0.28183	114.851	21.0437	22.3299
-0.359453	114.037	20.8945	22.3854
-0.444597	113.283	20.7518	22.4365
-0.522461	112.499	20.6011	22.4889
-0.601323	111.734	20.451	22.5399
-0.686452	110.921	20.2931	22.5935
-0.732714	110.11	20.1329	22.6465
-0.767759	109.304	19.9855	22.6986
-0.786492	108.472	19.8429	22.7519
-0.784218	107.611	19.7051	22.8074
-0.750093	106.788	19.5858	22.8609
-0.717991	105.943	19.4802	22.916
-0.627496	105.115	19.3829	22.971
-0.567388	104.304	19.301	23.0254
-0.464033	103.541	19.2208	23.0771
-0.366817	102.77	19.1355	23.1294
-0.212745	102.007	19.0412	23.1824
-0.123071	101.185	18.9192	23.2389
0.0312816	100.409	18.7852	23.2921
0.132891	99.6299	18.6355	23.3446
0.214778	98.8134	18.4667	23.3989
0.336382	98.0212	18.3051	23.4518
0.401176	97.1905	18.1315	23.506
0.459706	96.3691	17.9706	23.5591
0.513373	95.5365	17.8152	23.6126
0.525322	94.6868	17.6663	23.6666
0.510428	93.8543	17.5343	23.7197
0.473328	93.0494	17.4164	23.7708
0.398305	92.2663	17.3099	23.8214
0.322818	91.4928	17.2154	23.872
0.236328	90.7325	17.1308	23.9222
0.145984	89.904	17.0454	23.977
0.0447005	89.1577	16.9599	24.0278
-0.0996903	88.3626	16.8574	24.0826
-0.194673	87.5918	16.7456	24.1361
-0.341483	86.799	16.6127	24.1912
-0.443614	86.055	16.4777	24.243
-0.529828	85.2454	16.3192	24.2982
-0.625661	84.4975	16.1733	24.3491
-0.710241	83.7497	16.0265	24.3997
-0.781205	82.996	15.8794	24.4497
-0.838513	82.2183	15.7311	24.5007
-0.890359	81.4367	15.5876	24.552
-0.913099	80.6552	15.4519	24.6027
-0.926531	79.8457	15.3194	24.6553
-0.911656	79.0525	15.2022	24.7071
-0.876814	78.2746	15.1019	24.7583
-0.817366	77.4958	15.0117	24.8104
-0.71779	76.6733	14.9224	24.8653
-0.643429	75.8829	14.8518	24.9188
-0.499199	75.0862	14.7722	24.9735
-0.400305	74.2651	14.6887	25.0297
-0.234926	73.502	14.5905	25.0835
-0.122054	72.7451	14.4711	25.1355
-0.000292897	71.9801	14.331	25.1878
0.100418	71.2089	14.1741	25.2397
0.211771	70.4495	14.0122	25.291
0.334317	69.6341	13.8385	25.3452
0.397638	68.8113	13.659	25.3992
0.475233	67.9966	13.4962	25.4524
0.511656	67.1608	13.3337	25.5064
0.527761	66.3369	13.1891	25.5595
0.511197	65.5199	13.0558	25.6121
0.47581	64.6857	12.9373	25.6658
0.405839	63.9088	12.8408	25.7161
0.324948	63.0981	12.7497	25.7692
0.227382	62.3386	12.6714	25.8193
0.0857467	61.5436	12.5852	25.8732
-0.0113739	60.756	12.4988	25.927
-0.116586	60.0293	12.4017	25.9777
-0.225357	59.2702	12.2874	26.0305
-0.3675	58.56	12.1676	26.0816
-0.476331	57.7858	12.0286	26.135
-0.548687	57.0432	11.8834	26.1858
-0.641867	56.2353	11.7304	26.2401
-0.74692	55.4686	11.5835	26.2916
-0.806683	54.6562	11.4316	26.3451
-0.852834	53.8828	11.2831	26.3958
-0.889977	53.055	11.134	26.4503
-0.915214	52.1946	10.9813	26.5063
-0.916745	51.4063	10.8474	26.5576
-0.903048	50.6421	10.7231	26.6078
-0.870183	49.8476	10.6001	26.66
-0.797473	49.0573	10.4875	26.7123
-0.713002	48.2972	10.3922	26.7632
-0.612834	47.5447	10.3096	26.8139
-0.500124	46.7591	10.2379	26.8672
-0.380735	46.0164	10.1674	26.9183
-0.202595	45.2607	10.0889	26.9726
-0.058432	44.5234	10.0008	27.0259
0.12177	43.7362	9.887	27.0822
0.22607	42.9511	9.74939	27.1369
0.41255	42.1619	9.60086	27.193
0.524767	41.43	9.45475	27.2431
0.625293	40.632	9.29002	27.2964
0.7095	39.7933	9.12786	27.3518
0.799525	39.0138	8.9787	27.4028
0.833408	38.1853	8.82246	27.4568
0.861992	37.3712	8.67865	27.5096
0.871284	36.5586	8.54142	27.5623
0.860714	35.7407	8.40927	27.6158
0.837498	34.9398	8.29018	27.6679
0.78975	34.1098	8.17227	27.7219
0.703759	33.3341	8.06796	27.7724
0.622591	32.5511	7.96862	27.8243
0.523494	31.7394	7.87551	27.8785
0.365315	30.9529	7.78402	27.9325
0.244754	30.181	7.69206	27.9854
0.123564	29.4648	7.60537	28.0363
0.00379005	28.7409	7.49906	28.0878
-0.132961	28.0335	7.38408	28.1388
-0.260332	27.319	7.25555	28.1894
-0.417247	26.5439	7.11074	28.2435
-0.520922	25.7617	6.95622	28.2971
-0.62007	25.0114	6.81173	28.3481
-0.707296	24.2541	6.66645	28.3989
-0.810273	23.4376	6.513	28.4528
-0.864084	22.6116	6.35591	28.5072
-0.909933	21.7818	6.20972	28.5614
-0.924766	21.0093	6.08036	28.6117
-0.92196	20.2309	5.95607	28.6624
-0.905336	19.3942	5.83184	28.7171
-0.860377	18.5982	5.72253	28.7693
-0.79971	17.8011	5.62082	28.8217
-0.702978	16.9834	5.53167	28.8771
-0.603001	16.2331	5.45353	28.9281
-0.483499	15.5032	5.37764	28.9789
-0.321747	14.7491	5.29241	29.0329
-0.205817	14.0083	5.20641	29.0869
-0.0762029	13.2532	5.09684	29.1412
0.103685	12.5089	4.97255	29.1948
0.215243	11.7634	4.82931	29.2473
0.374218	10.9475	4.67308	29.3033
0.461427	10.1217	4.50385	29.3576
0.541869	9.2869	4.33865	29.4123
0.627205	8.47574	4.18104	29.4648
0.668233	7.69177	4.03475	29.515
0.689335	6.8779	3.89035	29.5672
0.692666	6.07318	3.75953	29.6189
0.676316	5.22	3.62826	29.6734
0.627756	4.41281	3.51172	29.7254
0.569471	3.56423	3.40106	29.78
0.487476	2.78249	3.30541	29.8308
0.367431	1.93173	3.20512	29.8868
0.270779	1.14699	3.12837	29.9393
0.123288	0.331789	3.03759	29.9947
-0.00924453	-0.428664	2.95127	30.0479
-0.129721	-1.1629	2.84921	30.0993
-0.251981	-1.86731	2.73597	30.1493
-0.392953	-2.60938	2.60288	30.2015
-0.548863	-3.39583	2.44829	30.2569
-0.656507	-4.15542	2.29801	30.3086
-0.760841	-4.93812	2.14273	30.361
-0.850591	-5.69011	1.99293	30.4114
-0.925946	-6.45316	1.84448	30.4621
-0.994746	-7.22481	1.69766	30.5128
-1.02587	-8.04166	1.5534	30.5663
-1.03771	-8.87084	1.41476	30.6203
-1.0289	-9.708	1.28288	30.6754
-1.00225	-10.4756	1.1686	30.7257
-0.963461	-11.2968	1.05691	30.7797
-0.899458	-12.0721	0.961465	30.831
-0.792303	-12.8548	0.867622	30.8832
-0.702148	-13.6692	0.779233	30.9381
-0.555243	-14.4756	0.685033	30.9937
-0.457628	-15.2564	0.597	31.0481
-0.339236	-16.0126	0.501471	31.102
-0.17506	-16.7358	0.400277	31.1548
-0.0824919	-17.4768	0.275959	31.208
0.0288156	-18.1967	0.140479	31.2583
0.135822	-18.9539	-0.0112034	31.3113
0.279051	-19.7489	-0.173641	31.3655
0.355645	-20.5426	-0.34287	31.4177
0.436667	-21.3699	-0.505209	31.4718
0.504184	-22.2143	-0.665285	31.5266
0.542202	-23.0213	-0.817679	31.5782
0.568543	-23.8212	-0.956639	31.6298
0.563119	-24.6643	-1.09075	31.6848
0.538155	-25.4881	-1.20596	31.7382
0.483499	-26.2747	-1.30451	31.7896
0.413704	-27.0684	-1.39484	31.8422
0.294304	-27.8495	-1.47697	31.8945
0.186101	-28.6047	-1.55292	31.945
0.0990332	-29.4041	-1.63031	31.9988
-0.0278208	-30.1436	-1.71615	32.0498
-0.151994	-30.8885	-1.81486	32.1021
-0.318806	-31.6585	-1.93406	32.1574
-0.42376	-32.4188	-2.06727	32.2117
-0.545887	-33.1423	-2.20534	32.2625
-0.703802	-33.9145	-2.35819	32.3168
-0.805247	-34.7208	-2.52635	32.3719
-0.918672	-35.5257	-2.68721	32.4262
-0.98161	-36.3511	-2.85627	32.4808
-1.05635	-37.1765	-3.01244	32.5353
-1.09107	-38.0173	-3.16649	32.5907
-1.10404	-38.814	-3.30041	32.643
-1.09069	-39.5921	-3.42592	32.6946
-1.05971	-40.405	-3.5465	32.7484
-0.981362	-41.2278	-3.65826	32.8032
-0.896709	-42.0124	-3.75178	32.8557
-0.805996	-42.8277	-3.83477	32.9105
-0.697819	-43.5872	-3.91324	32.9621
-0.526059	-44.3469	-3.99009	33.0163
-0.405133	-45.1004	-4.0597	33.0707
-0.273175	-45.8085	-4.13829	33.1216
-0.10935	-46.5263	-4.2328	33.1746
0.0187279	-47.2555	-4.34573	33.2275
0.127561	-47.9685	-4.47494	33.2789
0.253989	-48.689	-4.61348	33.3296
0.375505	-49.428	-4.76189	33.3809
0.523359	-50.2229	-4.92331	33.4356
0.617249	-51.0307	-5.09398	33.4892
0.704902	-51.7954	-5.24488	33.5392
0.771001	-52.603	-5.39578	33.5919
0.819951	-53.4468	-5.54528	33.6462
0.834038	-54.2675	-5.68439	33.6988
0.827224	-55.1015	-5.81766	33.753
0.799614	-55.8868	-5.93674	33.804
0.743633	-56.7014	-6.05317	33.8569
0.675406	-57.4924	-6.1544	33.9087
0.594906	-58.2984	-6.25414	33.9617
0.487742	-59.0615	-6.341	34.0125
0.334794	-59.8247	-6.42529	34.0647
0.218273	-60.6121	-6.5083	34.1188
0.077593	-61.3813	-6.60333	34.1728
-0.0894653	-62.1115	-6.70485	34.2249
-0.193424	-62.8789	-6.82932	34.2797
-0.392567	-63.6474	-6.96804	34.3356
-0.507042	-64.3763	-7.11033	34.3862
-0.602262	-65.1493	-7.27296	34.4396
-0.712549	-65.8965	-7.42565	34.4905
-0.799359	-66.6937	-7.58426	34.5437
-0.888497	-67.5079	-7.74125	34.5981
-0.932044	-68.3393	-7.90025	34.653
-0.970519	-69.1801	-8.04678	34.7081
-0.982561	-69.9599	-8.17536	34.7593
-0.968793	-70.7523	-8.2944	34.8115
-0.927843	-71.5631	-8.406	34.8654
-0.882043	-72.3962	-8.50671	34.9207
-0.810104	-73.139	-8.58847	34.9708
-0.682046	-73.9302	-8.67046	35.0258
-0.566739	-74.6599	-8.73804	35.0769
-0.456698	-75.3949	-8.80611	35.1298
-0.33286	-76.1114	-8.89025	35.1814
-0.165226	-76.8421	-8.99058	35.2355
-0.0522808	-77.5602	-9.10888	35.2886
0.0674727	-78.3322	-9.25116	35.3431
0.233264	-79.094	-9.40185	35.3973
0.32595	-79.8874	-9.56976	35.4513
0.418552	-80.6667	-9.72864	35.5036
0.518454	-81.4739	-9.88799	35.557
0.577231	-82.2818	-10.0448	35.6091
0.626588	-83.107	-10.1888	35.6621
0.653144	-83.9697	-10.3295	35.7175
0.653119	-84.7898	-10.4548	35.7699
0.624225	-85.5787	-10.5654	35.8208
0.555355	-86.4165	-10.6758	35.8756
0.483419	-87.2256	-10.7736	35.9284
0.398101	-87.9955	-10.8515	35.9794
0.313392	-88.8149	-10.9415	36.0336
0.221863	-89.5648	-11.0253	36.0837
0.0853624	-90.361	-11.1249	36.1381
-0.0228194	-91.15	-11.2347	36.1923
-0.181277	-91.932	-11.3601	36.2458
-0.283771	-92.6998	-11.4999	36.299
-0.406121	-93.4161	-11.636	36.349
-0.507311	-94.2281	-11.7911	36.4042
-0.641394	-94.9806	-11.939	36.4552
-0.715663	-95.7875	-12.1022	36.5094
-0.787367	-96.5524	-12.2496	36.5598
-0.850427	-97.3317	-12.394	36.6111
-0.894181	-98.1574	-12.539	36.6651
-0.908428	-98.931	-12.6691	36.7154
-0.909891	-99.7667	-12.8025	36.7697
-0.889407	-100.55	-12.9184	36.8211
-0.851407	-101.338	-13.0267	36.8731
-0.774823	-102.147	-13.132	36.927
-0.699858	-102.898	-13.2206	36.9773
-0.613944	-103.676	-13.2993	37.0307
-0.479754	-104.47	-13.3842	37.0859
-0.385399	-105.228	-13.4654	37.1386
-0.284372	-105.965	-13.5462	37.1916
-0.170292	-106.672	-13.6469	37.2419
-0.0530322	-107.402	-13.768	37.293
0.0944145	-108.14	-13.9065	37.3448
0.211848	-108.88	-14.0532	37.3966
0.302694	-109.652	-14.2096	37.449
0.379623	-110.471	-14.3823	37.5035
0.472213	-111.251	-14.5375	37.5553
0.529896	-112.075	-14.6933	37.6092
0.568154	-112.856	-14.8361	37.6598
0.583671	-113.662	-14.9706	37.7122
0.569769	-114.485	-15.1016	37.7654
0.536135	-115.304	-15.2238	37.8187
0.485846	-116.162	-15.3406	37.8747
0.391525	-116.978	-15.4468	37.9287
0.308955	-117.786	-15.5397	37.982
0.202716	-118.539	-15.6263	38.0335
0.0396518	-119.286	-15.7127	38.0855
-0.0872392	-120.047	-15.8069	38.1374
-0.208802	-120.773	-15.905	38.1878
-0.330063	-121.502	-16.0146	38.2392
-0.4237	-122.265	-16.1437	38.2925
-0.555989	-123.039	-16.2831	38.3459
-0.65244	-123.789	-16.4247	38.3972
-0.739927	-124.581	-16.5807	38.4513
-0.849918	-125.399	-16.735	38.5064
-0.914903	-126.159	-16.8783	38.5568
-0.977114	-126.92	-17.0178	38.607
-1.02268	-127.761	-17.1692	38.6621
-1.05192	-128.596	-17.3084	38.7166
-1.06768	-129.439	-17.4423	38.7716
-1.05948	-130.285	-17.5712	38.827
-1.047	-131.061	-17.6851	38.8783
-1.03165	-131.827	-17.7911	38.9297
-0.99577	-132.629	-17.9009	38.9834
-0.902759	-133.411	-18.0034	39.0374
-0.840268	-134.17	-18.089	39.0903
-0.741716	-134.887	-18.1701	39.1405
-0.585206	-135.665	-18.2589	39.1963
-0.487166	-136.427	-18.3434	39.2504
-0.348051	-137.168	-18.4439	39.3034
-0.167504	-137.918	-18.5609	39.3561
-0.0411764	-138.707	-18.7059	39.4107
0.0953357	-139.48	-18.8563	39.4635
0.230629	-140.225	-19.0087	39.5145
0.345963	-140.983	-19.1646	39.5647
0.452876	-141.761	-19.3194	39.6163
0.518517	-142.534	-19.4662	39.6666
0.55996	-143.389	-19.6208	39.7219
0.574632	-144.212	-19.7596	39.7751
0.564196	-145.032	-19.8925	39.8281
0.535052	-145.901	-20.0248	39.8844
0.470731	-146.744	-20.1435	39.9394
0.400579	-147.574	-20.2446	39.994
0.31658	-148.348	-20.3341	40.0455
0.189356	-149.152	-20.4243	40.0995
0.10087	-149.914	-20.5057	40.1515
-0.00805195	-150.687	-20.6047	40.2047
-0.117743	-151.424	-20.7094	40.2555
-0.280592	-152.163	-20.8258	40.308
-0.381708	-152.918	-20.9564	40.3615
-0.51758	-153.693	-21.095	40.4152
-0.613288	-154.501	-21.2471	40.4711
-0.722848	-155.307	-21.3979	40.5258
-0.802338	-156.063	-21.5415	40.5764
-0.868286	-156.827	-21.6845	40.6269
-0.917503	-157.667	-21.8406	40.6819
-0.960395	-158.459	-21.9787	40.7334
-0.990353	-159.253	-22.111	40.7852
-0.996223	-160.075	-22.2423	40.8388
-0.988742	-160.847	-22.3589	40.8894
-0.969563	-161.67	-22.4733	40.9435
-0.89397	-162.448	-22.5755	40.9956
-0.817907	-163.224	-22.6713	41.0478
-0.748129	-164.031	-22.7575	41.1027
-0.604524	-164.806	-22.8436	41.1569
-0.515456	-165.591	-22.924	41.2115
-0.364955	-166.377	-23.0172	41.267
-0.270935	-167.157	-23.123	41.3219
-0.139168	-167.926	-23.2487	41.376
0.0176167	-168.722	-23.4009	41.4314
0.139519	-169.501	-23.5557	41.486
0.268591	-170.256	-23.711	41.538
0.356712	-171.006	-23.8648	41.5888
0.418895	-171.841	-24.031	41.644
0.479426	-172.622	-24.1744	41.6956
0.500416	-173.404	-24.3115	41.7464
0.503278	-174.174	-24.4407	41.7966
0.488074	-175.002	-24.5741	41.8505
0.458097	-175.822	-24.6972	41.9036
0.409298	-176.599	-24.8068	41.9538
0.348393	-177.376	-24.91	42.0049
0.262253	-178.12	-25.0036	42.0551
0.166547	-178.878	-25.096	42.1055
0.0334064	-179.668	-25.1959	42.1589
-0.0757079	-180.444	-25.2967	42.2122
-0.21029	-181.237	-25.4162	42.2667
-0.299399	-182.028	-25.5478	42.3213
-0.403377	-182.808	-25.6874	42.3751
-0.536066	-183.601	-25.8326	42.4298
-0.602864	-184.428	-25.9888	42.4853
-0.677156	-185.175	-26.1256	42.5356
-0.763699	-185.975	-26.2676	42.5891
-0.813657	-186.77	-26.4102	42.6412
-0.855972	-187.545	-26.5436	42.6917
-0.886309	-188.389	-26.6835	42.7465
-0.909856	-189.226	-26.8175	42.8005
-0.921894	-190.027	-26.943	42.8524
-0.911857	-190.852	-27.0689	42.906
-0.877197	-191.626	-27.1817	42.9563
-0.835718	-192.447	-27.2947	43.0105
-0.782396	-193.228	-27.3896	43.0628
-0.702345	-193.998	-27.4815	43.1152
-0.568435	-194.776	-27.5724	43.1693
-0.493454	-195.532	-27.6554	43.2223
-0.388228	-196.243	-27.7451	43.2723
-0.290583	-197.012	-27.857	43.3263
-0.138505	-197.73	-27.9747	43.3776
-0.0522296	-198.509	-28.1217	43.4314
0.0654517	-199.295	-28.2738	43.4849
0.176606	-200.084	-28.4296	43.5384
0.243362	-200.876	-28.59	43.5914
0.299502	-201.644	-28.7334	43.6422
0.344921	-202.473	-28.878	43.6966
0.365881	-203.258	-29.006	43.7481
0.37065	-204.095	-29.1327	43.8028
0.351621	-204.864	-29.242	43.8529
0.299027	-205.704	-29.3551	43.9078
0.239011	-206.509	-29.4554	43.9611
0.172226	-207.286	-29.539	44.0127
0.0846208	-208.047	-29.6271	44.0644
-0.0556838	-208.816	-29.7198	44.1179
-0.164788	-209.531	-29.8135	44.1682
-0.24306	-210.304	-29.9264	44.2218
-0.332089	-211.054	-30.05	44.2742
-0.466412	-211.849	-30.189	44.329
-0.548179	-212.674	-30.3459	44.3849
-0.652339	-213.471	-30.4989	44.4385
-0.70931	-214.265	-30.6536	44.4913
-0.750982	-215.093	-30.8174	44.5462
-0.803803	-215.924	-30.9722	44.6012
-0.826281	-216.747	-31.1242	44.6551
-0.840588	-217.535	-31.2604	44.7065
-0.832544	-218.312	-31.3883	44.7573
-0.807063	-219.144	-31.5158	44.812
-0.763064	-219.945	-31.6274	44.8645
-0.675309	-220.761	-31.7309	44.9183
-0.60365	-221.588	-31.8221	44.9735
-0.505892	-222.378	-31.9121	45.0271
-0.382287	-223.17	-31.9986	45.0822
-0.272635	-223.94	-32.093	45.1361
-0.131232	-224.682	-32.1932	45.1894
-0.0425417	-225.417	-32.3056	45.2405
0.0667291	-226.143	-32.4297	45.2916
0.146769	-226.87	-32.5685	45.342
0.241452	-227.656	-32.7185	45.3955
0.359138	-228.442	-32.8731	45.4481
0.412136	-229.259	-33.0377	45.502
0.466017	-230.036	-33.1853	45.5527
0.503185	-230.858	-33.332	45.6061
0.527262	-231.652	-33.4662	45.6578
0.526995	-232.448	-33.5943	45.7093
0.509921	-233.232	-33.7144	45.7601
0.477139	-234.039	-33.8275	45.8123
0.429567	-234.881	-33.9401	45.8669
0.360103	-235.646	-34.0359	45.9171
0.249875	-236.465	-34.136	45.9718
0.165351	-237.257	-34.2255	46.0251
0.0594706	-238.015	-34.3194	46.0767
-0.0887315	-238.738	-34.4136	46.1272
-0.196496	-239.464	-34.5179	46.1784
-0.2979	-240.181	-34.6296	46.2291
-0.404428	-240.933	-34.7572	46.2821
-0.476798	-241.665	-34.8917	46.333
-0.613052	-242.461	-35.0373	46.3879
-0.68805	-243.314	-35.1985	46.4446
-0.788148	-244.114	-35.3478	46.4981
-0.847018	-244.927	-35.497	46.5516
-0.880098	-245.756	-35.6488	46.6056
-0.896042	-246.53	-35.7827	46.6561
-0.90323	-247.356	-35.9188	46.7098
-0.890066	-248.14	-36.0417	46.7607
-0.859512	-248.934	-36.1537	46.8126
-0.816457	-249.783	-36.2663	46.8681
-0.73081	-250.573	-36.3628	46.9207
-0.650739	-251.33	-36.4487	46.9708
-0.581718	-252.1	-36.5274	47.0227
-0.486922	-252.891	-36.6172	47.0763
-0.346135	-253.648	-36.7081	47.129
-0.260575	-254.44	-36.8139	47.1844
-0.123923	-255.211	-36.9358	47.2388
-0.0550087	-256.025	-37.0823	47.2946
0.0326388	-256.772	-37.2285	47.3461
0.148075	-257.549	-37.3845	47.3995
0.219771	-258.355	-37.5537	47.4539
0.290414	-259.179	-37.7148	47.508
0.355919	-259.991	-37.8682	47.5614
0.390927	-260.788	-38.0132	47.6128
0.411346	-261.613	-38.1519	47.6663
0.419076	-262.418	-38.2806	47.7189
0.411708	-263.208	-38.4015	47.7703
0.393709	-263.992	-38.5133	47.8209
0.36576	-264.805	-38.6167	47.8739
0.303884	-265.578	-38.7099	47.9245
0.217971	-266.396	-38.8069	47.9786
0.15029	-267.221	-38.9011	48.0335
0.0653866	-267.985	-38.9952	48.0856
-0.0713159	-268.765	-39.0978	48.1388
-0.129416	-269.555	-39.2117	48.1929
-0.22069	-270.281	-39.3287	48.2438
-0.344934	-271.061	-39.4636	48.299
-0.416413	-271.851	-39.6122	48.3535
-0.503742	-272.575	-39.7506	48.4037
-0.584202	-273.362	-39.9002	48.4572
-0.670907	-274.105	-40.0439	48.5073
-0.753583	-274.923	-40.1983	48.5613
-0.79407	-275.717	-40.3525	48.6138
-0.831291	-276.525	-40.4983	48.6664
-0.850432	-277.319	-40.6359	48.7182
-0.846561	-278.129	-40.7687	48.7711
-0.817573	-278.899	-40.8873	48.8215
-0.77185	-279.688	-41.0001	48.8729
-0.715347	-280.451	-41.0955	48.9231
-0.622232	-281.261	-41.1944	48.9769
-0.509207	-282.071	-41.2885	49.0313
-0.411385	-282.801	-41.3676	49.0816
-0.332528	-283.547	-41.4446	49.1335
-0.21253	-284.319	-41.54	49.1877
-0.113652	-285.037	-41.6399	49.2383
0.00437576	-285.797	-41.7629	49.2933
0.10463	-286.572	-41.9021	49.348
0.230112	-287.311	-42.0424	49.3993
0.312712	-288.085	-42.1912	49.4521
0.3938	-288.828	-42.3365	49.5024
0.467236	-289.583	-42.4815	49.5529
0.512344	-290.385	-42.6313	49.6056
0.545047	-291.197	-42.7703	49.6588
0.551719	-292.034	-42.9069	49.7132
0.544399	-292.82	-43.0282	49.7644
0.518919	-293.588	-43.1397	49.8146
0.483551	-294.387	-43.2499	49.8667
0.405085	-295.206	-43.3565	49.9207
0.328638	-295.958	-43.4456	49.9712
0.260967	-296.777	-43.5332	50.0259
0.135407	-297.552	-43.6206	50.0784
0.0349072	-298.304	-43.7124	50.1304
-0.0889889	-299.026	-43.8131	50.1806
-0.197423	-299.75	-43.9244	50.231
-0.31374	-300.48	-44.0481	50.2826
-0.403678	-301.197	-44.1784	50.3328
-0.513044	-301.918	-44.3195	50.3837
-0.610541	-302.689	-44.4649	50.4366
-0.71775	-303.474	-44.6128	50.4906
-0.785414	-304.263	-44.7655	50.544
-0.852708	-305.065	-44.9132	50.5973
-0.909073	-305.84	-45.0559	50.6482
-0.956604	-306.623	-45.1967	50.6993
-0.975038	-307.457	-45.3391	50.7531
-0.978395	-308.275	-45.4727	50.8064
-0.958063	-309.094	-45.5976	50.86
-0.930382	-309.863	-45.7065	50.9103
-0.891965	-310.679	-45.8128	50.9645
-0.828443	-311.44	-45.9059	51.0153
-0.706065	-312.252	-46.0022	51.0701
-0.643871	-313.05	-46.0863	51.1241
-0.564872	-313.844	-46.1756	51.1787
-0.413873	-314.598	-46.2632	51.2319
-0.325894	-315.339	-46.3549	51.284
-0.193477	-316.042	-46.4633	51.3342
-0.0797826	-316.807	-46.5927	51.3879
0.073373	-317.597	-46.7383	51.4435
0.16677	-318.356	-46.8923	51.4958
0.267371	-319.139	-47.0482	51.5487
0.387509	-319.949	-47.2072	51.6031
0.452569	-320.718	-47.3541	51.6537
0.495851	-321.532	-47.5036	51.707
0.526995	-322.315	-47.6378	51.758
0.535824	-323.103	-47.7681	51.8096
0.521462	-323.887	-47.892	51.8607
0.486913	-324.662	-48.0079	51.9115
0.440861	-325.488	-48.1222	51.9655
0.3811	-326.27	-48.2255	52.017
0.278837	-327.087	-48.3279	52.0713
0.20301	-327.917	-48.4212	52.1266
0.0675726	-328.702	-48.5125	52.1805
-0.0258438	-329.488	-48.6069	52.2345
-0.109783	-330.222	-48.7105	52.2845
-0.228964	-330.96	-48.8268	52.3366
-0.334459	-331.684	-48.9529	52.388
-0.467368	-332.449	-49.0951	52.442
-0.53815	-333.238	-49.2496	52.4958
-0.631255	-333.969	-49.3904	52.5464
-0.708048	-334.739	-49.5366	52.5988
-0.78472	-335.506	-49.6803	52.6505
-0.82015	-336.313	-49.8272	52.704
-0.837685	-337.095	-49.9704	52.7554
-0.855721	-337.896	-50.1064	52.8075
-0.859435	-338.741	-50.2425	52.8627
-0.854685	-339.545	-50.3611	52.9156
-0.832931	-340.313	-50.4638	52.966
-0.798789	-341.08	-50.5578	53.0169
-0.720744	-341.886	-50.6528	53.0714
-0.651533	-342.673	-50.7404	53.1243
-0.58072	-343.438	-50.8176	53.1769
-0.466836	-344.191	-50.9053	53.2299
-0.366663	-344.908	-50.9978	53.2802
-0.252929	-345.63	-51.1051	53.3305
-0.102884	-346.348	-51.2285	53.3815
-1.40667e-005	-347.069	-51.3628	53.432
0.0784526	-347.82	-51.5085	53.4834
0.154731	-348.578	-51.6656	53.535
0.214928	-349.358	-51.8194	53.5872
0.277369	-350.174	-51.9756	53.641
0.308976	-351.037	-52.1355	53.6969
0.32409	-351.889	-52.2791	53.7519
0.322087	-352.718	-52.4084	53.8055
0.285029	-353.567	-52.5296	53.8607
0.22892	-354.351	-52.6303	53.9119
0.150257	-355.118	-52.7218	53.9627
0.0758393	-355.89	-52.8034	54.0144
-0.0257185	-356.646	-52.8901	54.0651
-0.135014	-357.382	-52.9797	54.1159
-0.264318	-358.102	-53.0782	54.166
-0.364861	-358.83	-53.1911	54.2163
-0.473703	-359.585	-53.3206	54.2693
-0.610484	-360.325	-53.4591	54.3214
-0.703116	-361.066	-53.6058	54.3718
-0.766596	-361.868	-53.7734	54.4262
-0.844994	-362.608	-53.9246	54.4763
-0.908126	-363.378	-54.0771	54.5277
-0.959674	-364.155	-54.2242	54.5791
-0.998269	-364.92	-54.3644	54.6295
-1.01379	-365.737	-54.5069	54.6829
-1.02163	-366.539	-54.6443	54.7355
-1.0079	-367.316	-54.7676	54.7868
-0.967884	-368.088	-54.8809	54.8381
-0.888351	-368.861	-54.9849	54.89
-0.810102	-369.678	-55.085	54.9448
-0.719003	-370.429	-55.1548	54.997
-0.554898	-371.215	-55.2354	55.0522
-0.448615	-371.976	-55.2983	55.1051
-0.315406	-372.734	-55.3759	55.1592
-0.139404	-373.467	-55.467	55.212
0.0166579	-374.188	-55.5782	55.2637
0.142034	-374.958	-55.7274	55.3172
0.287565	-375.725	-55.8897	55.3701
0.442668	-376.538	-56.0676	55.4245
0.556386	-377.353	-56.2591	55.4786
0.684137	-378.167	-56.4379	55.5324
0.769037	-379	-56.6279	55.5861
0.82983	-379.828	-56.802	55.6396
0.866028	-380.663	-56.9683	55.6932
0.874088	-381.509	-57.1288	55.7472
0.832332	-382.374	-57.2648	55.8029
0.764296	-383.166	-57.366	55.8551
0.664084	-384.005	-57.4484	55.9104
0.526147	-384.762	-57.5159	55.9617
0.399785	-385.497	-57.5812	56.0123
0.258378	-386.207	-57.6453	56.0626
0.147652	-386.959	-57.7184	56.1156
0.00307168	-387.695	-57.8104	56.1688
-0.120363	-388.398	-57.9091	56.2192
-0.29506	-389.103	-58.0234	56.2717
-0.415544	-389.838	-58.1548	56.3234
-0.508488	-390.58	-58.3006	56.3756
-0.597892	-391.353	-58.4499	56.4283
-0.730052	-392.136	-58.6014	56.4816
-0.806735	-392.884	-58.747	56.5318
-0.863147	-393.727	-58.9126	56.5873
-0.908043	-394.507	-59.0595	56.6382
-0.943186	-395.295	-59.2018	56.6894
-0.956866	-396.151	-59.3525	56.7448
-0.959429	-396.971	-59.4917	56.7977
-0.932393	-397.766	-59.6144	56.85
-0.857633	-398.54	-59.7204	56.9012
-0.782453	-399.322	-59.8126	56.9533
-0.668041	-400.052	-59.8874	57.0037
-0.568472	-400.815	-59.9561	57.0571
-0.428348	-401.525	-60.02	57.1079
-0.294108	-402.225	-60.0827	57.1581
-0.168101	-402.936	-60.1552	57.2091
0.0481932	-403.698	-60.2529	57.2657
0.165435	-404.464	-60.371	57.3201
0.339747	-405.25	-60.5201	57.3756
0.476283	-405.97	-60.6666	57.4258
0.602372	-406.756	-60.8295	57.4789
0.738748	-407.553	-60.9971	57.5322
0.838509	-408.339	-61.1609	57.5846
0.915747	-409.164	-61.3314	57.6387
0.987065	-409.97	-61.4823	57.6915
1.01714	-410.792	-61.6272	57.7451
1.02967	-411.618	-61.7644	57.7989
1.00741	-412.46	-61.8926	57.8539
0.962075	-413.271	-61.9996	57.9072
0.888198	-414.057	-62.0938	57.9594
0.791825	-414.81	-62.1741	58.0094
0.663965	-415.573	-62.2539	58.061
0.541414	-416.319	-62.3335	58.1121
0.406522	-417.034	-62.4151	58.1623
0.307933	-417.81	-62.5086	58.2161
0.197595	-418.52	-62.6075	58.2665
0.06014	-419.246	-62.7229	58.3188
-0.116295	-419.993	-62.8542	58.3729
-0.216964	-420.766	-63.0082	58.4269
-0.324093	-421.507	-63.1581	58.4783
-0.460394	-422.315	-63.3199	58.5334
-0.549464	-423.07	-63.4738	58.5845
-0.627862	-423.887	-63.6431	58.6391
-0.706578	-424.713	-63.8051	58.6938
-0.752052	-425.502	-63.9569	58.7458
-0.769188	-426.278	-64.0988	58.7963
-0.765445	-427.063	-64.2256	58.8475
-0.740317	-427.855	-64.3446	58.8995
-0.678538	-428.648	-64.4535	58.9521
-0.623234	-429.468	-64.5487	59.0074
-0.550245	-430.24	-64.6305	59.06
-0.405391	-430.991	-64.7045	59.1143
-0.322066	-431.735	-64.7681	59.168
-0.224643	-432.447	-64.8395	59.22
-0.0957108	-433.19	-64.9263	59.2742
0.0212356	-433.88	-65.0206	59.3249
0.118128	-434.641	-65.1472	59.3778
0.225988	-435.395	-65.2842	59.4297
0.358984	-436.193	-65.4369	59.4835
0.451855	-436.946	-65.584	59.5336
0.534221	-437.777	-65.7442	59.5879
0.604236	-438.554	-65.8823	59.6382
0.673561	-439.367	-66.0159	59.6912
0.735053	-440.173	-66.1415	59.7435
0.778525	-440.953	-66.2571	59.7937
0.815913	-441.774	-66.3724	59.847
0.831125	-442.628	-66.4917	59.9022
0.835035	-443.445	-66.6047	59.9546
0.828149	-444.25	-66.7177	60.0066
0.816656	-445.085	-66.8321	60.061
0.780971	-445.909	-66.9531	60.1149
0.75905	-446.713	-67.0752	60.1673
0.719427	-447.515	-67.202	60.2199
0.651204	-448.32	-67.3325	60.2731
0.594252	-449.126	-67.4663	60.3264
0.549954	-449.921	-67.6021	60.3787
0.459578	-450.733	-67.7429	60.4325
0.397674	-451.564	-67.8981	60.487
0.33798	-452.366	-68.0459	60.5394
0.284712	-453.146	-68.1894	60.5899
0.221275	-453.952	-68.3338	60.6424
0.178963	-454.729	-68.4725	60.693
0.14204	-455.57	-68.6243	60.7477
