x	y	z	t
0.445856	449.542	73.3865	0.0528916
0.444807	448.624	73.2419	0.111038
0.443832	447.778	73.1077	0.164754
0.443534	446.86	72.9611	0.222893
0.443636	446.032	72.8296	0.275574
0.445409	445.225	72.7005	0.326995
0.449107	444.404	72.5684	0.379309
0.45337	443.546	72.4305	0.433864
0.460439	442.746	72.3002	0.485164
0.476869	441.854	72.1538	0.541983
0.495413	440.974	72.0103	0.598286
0.513233	440.159	71.879	0.650792
0.539594	439.279	71.7384	0.707005
0.564115	438.474	71.6124	0.758415
0.587552	437.69	71.4926	0.808683
0.61317	436.892	71.3718	0.860212
0.662812	436.035	71.2406	0.915133
0.686853	435.242	71.1154	0.966273
0.702769	434.378	70.9735	1.02123
0.735442	433.547	70.8354	1.07415
0.75632	432.726	70.6963	1.12674
0.773729	431.894	70.5523	1.18034
0.793193	431.052	70.4107	1.23372
0.810929	430.174	70.2645	1.28972
0.820943	429.393	70.1387	1.33976
0.82066	428.599	70.0145	1.39046
0.790132	427.749	69.8855	1.44476
0.759838	426.876	69.7602	1.50043
0.695369	425.994	69.6381	1.55701
0.638622	425.123	69.5149	1.61294
0.548567	424.287	69.3983	1.66753
0.447671	423.411	69.2724	1.72465
0.363766	422.625	69.161	1.77659
0.284505	421.849	69.0508	1.82815
0.194624	421.067	68.9371	1.87996
0.117891	420.284	68.821	1.93073
0.0462151	419.523	68.7062	1.98076
-0.0423939	418.696	68.5759	2.03483
-0.0935709	417.857	68.4367	2.08951
-0.137918	417.018	68.2964	2.14366
-0.184339	416.14	68.1474	2.20026
-0.213659	415.333	68.0121	2.25215
-0.234822	414.55	67.8816	2.30267
-0.246111	413.758	67.7502	2.35365
-0.238584	412.953	67.6184	2.40549
-0.223447	412.092	67.48	2.46125
-0.179514	411.251	67.3498	2.51538
-0.131231	410.43	67.2292	2.5684
-0.0671617	409.656	67.1214	2.61846
0.00692156	408.85	67.0147	2.67069
0.0850212	408.057	66.9156	2.72222
0.195274	407.196	66.814	2.77924
0.319062	406.349	66.7064	2.83571
0.420478	405.571	66.6002	2.88743
0.50343	404.807	66.4876	2.93834
0.607677	403.965	66.3512	2.99474
0.737035	403.189	66.2174	3.04693
0.808153	402.397	66.0676	3.09923
0.915485	401.537	65.9043	3.15608
0.978588	400.732	65.7426	3.20846
1.0329	399.884	65.5831	3.26329
1.08314	399.035	65.4254	3.31833
1.10918	398.186	65.2827	3.37282
1.12041	397.404	65.1569	3.42286
1.11001	396.544	65.0259	3.47802
1.07858	395.671	64.8958	3.53386
1.0242	394.811	64.7728	3.58942
0.969354	394.011	64.6596	3.64118
0.90394	393.182	64.5454	3.69487
0.8057	392.347	64.4369	3.74955
0.712895	391.574	64.3384	3.80035
0.578219	390.721	64.2317	3.85692
0.474633	389.897	64.1362	3.91099
0.352556	389.116	64.0331	3.96265
0.172825	388.305	63.9128	4.01702
0.0536907	387.495	63.7813	4.07048
-0.111701	386.665	63.6351	4.1254
-0.22807	385.892	63.4925	4.1762
-0.329131	385.044	63.3274	4.23119
-0.430061	384.255	63.1762	4.28267
-0.527736	383.393	63.0136	4.33903
-0.587864	382.578	62.867	4.39153
-0.633618	381.757	62.7232	4.44421
-0.669772	380.86	62.571	4.50155
-0.686564	380.062	62.4348	4.55251
-0.683238	379.239	62.2992	4.60496
-0.673415	378.348	62.1595	4.66172
-0.636264	377.518	62.0382	4.71484
-0.570012	376.661	61.9272	4.77058
-0.469334	375.785	61.8194	4.82802
-0.382284	375.028	61.7435	4.87818
-0.29154	374.23	61.6553	4.93106
-0.153955	373.406	61.5576	4.98674
-0.0728987	372.636	61.459	5.03896
0.0445176	371.845	61.3395	5.09239
0.173658	371.009	61.1933	5.14925
0.278483	370.253	61.049	5.20053
0.368528	369.504	60.8995	5.25064
0.48417	368.689	60.7388	5.30503
0.5457	367.857	60.5722	5.35955
0.615221	367.007	60.4144	5.41492
0.644422	366.142	60.2598	5.47072
0.660375	365.273	60.116	5.52657
0.659649	364.35	59.9717	5.58577
0.638751	363.505	59.8501	5.6398
0.603709	362.702	59.7401	5.69133
0.548097	361.874	59.6311	5.74486
0.46135	361.029	59.5319	5.80029
0.372612	360.26	59.4448	5.85079
0.266954	359.476	59.3574	5.90278
0.122071	358.672	59.2628	5.95662
0.0240634	357.837	59.152	6.01282
-0.143249	357.039	59.0281	6.06701
-0.239047	356.178	58.8776	6.12406
-0.376431	355.364	58.72	6.17937
-0.490995	354.546	58.5616	6.23348
-0.601331	353.694	58.3916	6.28963
-0.68195	352.867	58.235	6.34361
-0.758477	352.001	58.0741	6.39972
-0.813639	351.131	57.9229	6.45546
-0.839777	350.255	57.7757	6.51159
-0.855909	349.459	57.6476	6.56286
-0.855505	348.677	57.5268	6.61308
-0.828297	347.849	57.4035	6.66642
-0.798774	346.964	57.2792	6.72327
-0.733564	346.111	57.1699	6.77919
-0.662312	345.279	57.0665	6.83379
-0.550205	344.441	56.9739	6.88962
-0.451927	343.663	56.8849	6.94138
-0.311394	342.849	56.786	6.99674
-0.201322	342.1	56.6874	7.04814
-0.0829827	341.36	56.5756	7.09894
0.00498635	340.603	56.4453	7.15033
0.0995711	339.869	56.3041	7.20037
0.206892	339.075	56.1457	7.25327
0.331076	338.243	55.9779	7.30867
0.397399	337.404	55.803	7.36335
0.472766	336.562	55.6407	7.41778
0.511629	335.77	55.4947	7.46833
0.533194	334.939	55.3481	7.52141
0.5385	334.129	55.2157	7.57252
0.526369	333.333	55.0929	7.62307
0.475566	332.427	54.9663	7.68059
0.41754	331.582	54.8599	7.73481
0.334976	330.811	54.7747	7.78505
0.212866	329.96	54.6857	7.841
0.0676167	329.14	54.5879	7.89638
-0.0520764	328.382	54.4918	7.94784
-0.157778	327.649	54.3882	7.99794
-0.245895	326.81	54.2521	8.05532
-0.407801	326.041	54.1157	8.10833
-0.488476	325.216	53.9566	8.16344
-0.613234	324.36	53.7838	8.22127
-0.697724	323.524	53.62	8.27601
-0.786434	322.756	53.4697	8.32653
-0.815389	321.895	53.3115	8.38195
-0.839332	321.029	53.1669	8.43742
-0.83507	320.226	53.0425	8.48871
-0.822933	319.38	52.9227	8.54331
-0.778106	318.5	52.8111	8.59983
-0.718262	317.723	52.722	8.65011
-0.651399	316.888	52.6334	8.70496
-0.558739	316.122	52.5585	8.75587
-0.443602	315.329	52.4858	8.81
-0.325264	314.524	52.394	8.86514
-0.155994	313.756	52.2914	8.91924
-0.0508169	312.993	52.1651	8.97159
0.0923556	312.182	52.0087	9.02673
0.18504	311.322	51.8218	9.0837
0.286626	310.529	51.65	9.13572
0.390798	309.677	51.4652	9.19154
0.490154	308.818	51.2989	9.24749
0.543072	307.952	51.1368	9.30312
0.589452	307.113	50.9906	9.35674
0.610195	306.287	50.8519	9.40937
0.611545	305.436	50.7193	9.46373
0.579075	304.598	50.5996	9.51749
0.535955	303.738	50.4955	9.57288
0.44847	302.883	50.3968	9.62857
0.379693	302.046	50.3159	9.68331
0.246859	301.235	50.2301	9.73729
0.17404	300.392	50.1384	9.79358
0.0732541	299.627	50.0366	9.84571
-0.0304554	298.885	49.9236	9.89601
-0.162205	298.085	49.7845	9.951
-0.259426	297.268	49.6334	10.0053
-0.382326	296.484	49.4829	10.0583
-0.443923	295.683	49.3209	10.1115
-0.511884	294.854	49.162	10.1654
-0.586326	294.054	49.0117	10.2173
-0.62086	293.253	48.8674	10.2687
-0.641904	292.461	48.7334	10.3193
-0.650999	291.619	48.5982	10.3733
-0.645842	290.814	48.4764	10.4253
-0.625251	290.027	48.3666	10.4759
-0.580402	289.167	48.2573	10.5314
-0.496974	288.306	48.1495	10.5876
-0.413285	287.529	48.062	10.6384
-0.342417	286.685	47.9775	10.6942
-0.203666	285.902	47.8917	10.7475
-0.118915	285.052	47.7886	10.8047
0.0073704	284.226	47.6642	10.8611
0.145364	283.406	47.5213	10.9166
0.246739	282.592	47.3618	10.9716
0.386647	281.769	47.1984	11.027
0.462508	280.947	47.0261	11.0815
0.543683	280.103	46.8604	11.1367
0.625698	279.308	46.7086	11.1881
0.6667	278.474	46.5541	11.2418
0.700242	277.583	46.4017	11.2984
0.717853	276.768	46.2663	11.3505
0.71686	275.967	46.141	11.4019
0.698586	275.137	46.0161	11.4551
0.64564	274.313	45.899	11.5084
0.592379	273.519	45.7945	11.5602
0.529461	272.653	45.696	11.6166
0.397323	271.888	45.6168	11.6675
0.300946	271.084	45.5448	11.7215
0.186367	270.26	45.4535	11.7769
0.0422716	269.456	45.3495	11.8317
-0.123624	268.646	45.2214	11.8869
-0.250109	267.886	45.086	11.9389
-0.361501	267.032	44.9172	11.9958
-0.491149	266.176	44.7396	12.0525
-0.615613	265.315	44.5658	12.1091
-0.692114	264.496	44.3998	12.1621
-0.766873	263.686	44.2485	12.2143
-0.835935	262.794	44.0871	12.2712
-0.869597	261.998	43.9525	12.3218
-0.887012	261.151	43.8131	12.3761
-0.879394	260.323	43.6826	12.4295
-0.868488	259.462	43.5545	12.4848
-0.828175	258.592	43.4294	12.5408
-0.770571	257.749	43.3123	12.5958
-0.697185	256.985	43.2177	12.6461
-0.584881	256.203	43.1287	12.6974
-0.475636	255.415	43.0441	12.7502
-0.362696	254.659	42.9705	12.8011
-0.248945	253.861	42.8749	12.8549
-0.0911174	253.046	42.7651	12.9105
0.0205122	252.305	42.6527	12.9611
0.131469	251.516	42.5181	13.0137
0.250976	250.748	42.3746	13.0662
0.404425	249.935	42.2093	13.1212
0.514382	249.094	42.0398	13.1769
0.620986	248.237	41.8571	13.2334
0.698258	247.424	41.6915	13.2866
0.762793	246.651	41.5376	13.3366
0.812288	245.873	41.3937	13.387
0.829057	245.071	41.2534	13.4386
0.828473	244.207	41.1126	13.4941
0.806785	243.394	40.9908	13.5468
0.761992	242.612	40.8838	13.5976
0.684034	241.758	40.7831	13.6534
0.557944	240.908	40.689	13.7095
0.446145	240.146	40.616	13.7606
0.327977	239.299	40.5408	13.8175
0.15806	238.563	40.4651	13.8691
0.0394938	237.819	40.3713	13.921
-0.0869202	237.033	40.2462	13.9752
-0.261819	236.296	40.1122	14.0274
-0.377725	235.481	39.9478	14.0829
-0.529094	234.649	39.7799	14.1389
-0.614157	233.849	39.6095	14.1911
-0.710291	233.02	39.4477	14.2448
-0.792522	232.163	39.2887	14.3001
-0.830586	231.357	39.1443	14.3516
-0.860723	230.49	39.0032	14.4077
-0.874132	229.65	38.8713	14.4613
-0.865649	228.785	38.7419	14.5168
-0.835894	227.926	38.6238	14.572
-0.790979	227.087	38.5142	14.6263
-0.72512	226.31	38.4217	14.6769
-0.618536	225.532	38.3328	14.728
-0.545549	224.689	38.2465	14.7841
-0.433692	223.946	38.1664	14.8343
-0.285087	223.17	38.0748	14.8879
-0.195341	222.378	37.9698	14.9423
-0.0862489	221.601	37.8464	14.9956
0.033785	220.843	37.7081	15.0468
0.177861	220.062	37.5508	15.1002
0.295154	219.258	37.3713	15.154
0.431289	218.429	37.197	15.2093
0.503427	217.582	37.0197	15.2642
0.571588	216.77	36.8631	15.317
0.631436	215.881	36.6977	15.374
0.656742	215.098	36.562	15.4244
0.66733	214.302	36.4349	15.4759
0.645953	213.478	36.3137	15.529
0.610235	212.638	36.2064	15.5831
0.52567	211.774	36.1026	15.6396
0.453207	210.979	36.0234	15.6922
0.320339	210.134	35.9291	15.7483
0.215211	209.377	35.8485	15.7996
0.12763	208.56	35.7572	15.8549
0.0221766	207.795	35.6514	15.9076
-0.125414	207.027	35.5295	15.9611
-0.203212	206.284	35.3912	16.0117
-0.305308	205.503	35.2418	16.0647
-0.390387	204.73	35.0881	16.1162
-0.506296	203.917	34.9264	16.1701
-0.577133	203.126	34.7695	16.2212
-0.625216	202.318	34.6092	16.2731
-0.667659	201.504	34.4602	16.3255
-0.695727	200.72	34.3238	16.3755
-0.705612	199.835	34.1767	16.4322
-0.691782	199.032	34.0556	16.4839
-0.657472	198.204	33.9387	16.537
-0.586835	197.329	33.8294	16.5934
-0.511286	196.54	33.7346	16.6449
-0.417625	195.763	33.6414	16.6956
-0.294215	194.926	33.5394	16.7509
-0.216098	194.087	33.4424	16.807
-0.100145	193.269	33.3403	16.8631
-0.000172071	192.488	33.2257	16.9168
0.156663	191.744	33.1023	16.9694
0.248401	190.996	32.9642	17.021
0.328372	190.22	32.8051	17.0737
0.401367	189.401	32.6418	17.1278
0.475941	188.62	32.4875	17.1791
0.545587	187.809	32.3317	17.2314
0.585736	186.966	32.1744	17.2852
0.613505	186.175	32.0373	17.3361
0.622937	185.299	31.8966	17.3921
0.609317	184.439	31.7704	17.4477
0.561726	183.599	31.6643	17.5027
0.498988	182.827	31.5764	17.5533
0.414249	182.011	31.4885	17.6071
0.313885	181.257	31.4135	17.6574
0.167339	180.45	31.3247	17.7118
0.0696905	179.652	31.2283	17.7659
-0.0893696	178.875	31.1124	17.8197
-0.20666	178.142	30.987	17.8707
-0.285525	177.316	30.8288	17.9266
-0.384095	176.58	30.6803	17.977
-0.475262	175.832	30.5279	18.0277
-0.576026	174.999	30.3588	18.0842
-0.62874	174.204	30.2066	18.1362
-0.678116	173.379	30.0543	18.1899
-0.69463	172.597	29.9203	18.24
-0.696435	171.808	29.7971	18.2904
-0.686546	170.991	29.6901	18.3433
-0.651614	170.172	29.5971	18.3965
-0.563268	169.374	29.5178	18.4494
-0.481868	168.6	29.4502	18.5018
-0.42014	167.842	29.3921	18.5537
-0.325066	167.082	29.3111	18.6063
-0.170392	166.325	29.2072	18.6598
-0.0599816	165.609	29.0814	18.7102
0.0310345	164.778	28.9015	18.7664
0.178981	163.921	28.6988	18.8237
0.267182	163.147	28.5178	18.8747
0.376224	162.289	28.3312	18.9304
0.437672	161.498	28.1667	18.9812
0.48094	160.715	28.0155	19.0312
0.50476	159.856	27.8599	19.0862
0.506704	159.039	27.7247	19.1384
0.478842	158.179	27.6006	19.194
0.434585	157.363	27.4998	19.2465
0.368426	156.567	27.4171	19.2985
0.276623	155.814	27.3517	19.3487
0.140506	155.043	27.2824	19.4009
0.0497888	154.27	27.2091	19.4534
-0.0575421	153.482	27.1098	19.507
-0.19768	152.712	26.9996	19.5614
-0.289267	151.878	26.8634	19.6183
-0.414295	151.129	26.7313	19.6694
-0.496774	150.309	26.5771	19.7253
-0.57937	149.527	26.4321	19.7772
-0.671941	148.723	26.2851	19.8303
-0.728198	147.9	26.1357	19.8842
-0.77199	147.116	26.0015	19.9353
-0.809804	146.284	25.8644	19.9893
-0.824948	145.472	25.734	20.0426
-0.830896	144.697	25.6106	20.0934
-0.823401	143.881	25.4818	20.1465
-0.795837	143.06	25.3536	20.1999
-0.761065	142.258	25.2303	20.2527
-0.731771	141.411	25.101	20.3078
-0.663483	140.554	24.9709	20.3638
-0.603568	139.756	24.8545	20.416
-0.486319	138.918	24.7387	20.471
-0.38306	138.153	24.6388	20.5219
-0.274871	137.306	24.5274	20.5783
-0.15431	136.552	24.4186	20.6289
0.00436309	135.741	24.2869	20.6837
0.126872	135.003	24.1569	20.734
0.239468	134.191	24.0098	20.7886
0.364689	133.366	23.8569	20.8437
0.453904	132.576	23.7143	20.8963
0.562412	131.776	23.5694	20.9496
0.597063	130.951	23.4171	21.0033
0.636714	130.115	23.2697	21.0582
0.656674	129.289	23.1299	21.1116
0.652805	128.49	23.001	21.1629
0.63849	127.631	22.8694	21.2181
0.604467	126.763	22.7471	21.2738
0.538172	125.89	22.6322	21.3302
0.487651	125.04	22.539	21.3858
0.385332	124.206	22.4501	21.4413
0.300693	123.444	22.375	21.4923
0.221077	122.641	22.3006	21.5469
0.083414	121.869	22.2095	21.6003
0.0089526	121.071	22.097	21.6549
-0.126873	120.274	21.9638	21.7096
-0.221647	119.495	21.8204	21.7625
-0.307293	118.696	21.6641	21.8162
-0.400842	117.912	21.5137	21.868
-0.501291	117.101	21.3602	21.9216
-0.559873	116.244	21.2006	21.9773
-0.624057	115.426	21.0565	22.0305
-0.658572	114.623	20.9185	22.0825
-0.681672	113.83	20.7855	22.1338
-0.693818	113.014	20.653	22.1867
-0.68798	112.207	20.5238	22.239
-0.670416	111.365	20.3933	22.2934
-0.638302	110.536	20.2726	22.3471
-0.571845	109.716	20.1601	22.4008
-0.513863	108.916	20.0637	22.4536
-0.443369	108.123	19.9699	22.5061
-0.349172	107.377	19.886	22.5562
-0.213503	106.565	19.7907	22.6116
-0.0994884	105.821	19.6987	22.6627
-0.0169341	105.001	19.5811	22.7179
0.103816	104.21	19.4524	22.7721
0.189891	103.44	19.311	22.8243
0.289668	102.616	19.1549	22.8791
0.393777	101.789	18.9949	22.9334
0.44799	100.983	18.8318	22.9859
0.505585	100.166	18.6783	23.0389
0.54529	99.3842	18.5374	23.0896
0.576679	98.5788	18.3999	23.1418
0.595182	97.7173	18.2587	23.1975
0.595794	96.8482	18.1212	23.2536
0.598658	95.9911	17.9895	23.3089
0.582798	95.1441	17.865	23.3639
0.557594	94.301	17.747	23.419
0.493327	93.4628	17.6436	23.4744
0.431528	92.6879	17.5524	23.5256
0.353657	91.9072	17.4624	23.5778
0.251028	91.1397	17.3718	23.6303
0.161739	90.3804	17.2763	23.6816
0.0848771	89.5707	17.1656	23.7359
-0.0575533	88.7663	17.0413	23.7906
-0.152517	87.9739	16.9064	23.8441
-0.244583	87.2091	16.7619	23.8951
-0.332325	86.4156	16.6099	23.9479
-0.454251	85.574	16.4489	24.0038
-0.5211	84.7476	16.2855	24.0583
-0.582346	83.9644	16.1393	24.11
-0.640901	83.1897	15.9985	24.1609
-0.671525	82.3833	15.8576	24.2132
-0.688688	81.5749	15.7204	24.2657
-0.697295	80.7644	15.5895	24.3184
-0.685417	79.9605	15.4631	24.3707
-0.662479	79.1267	15.3407	24.425
-0.61876	78.3307	15.2305	24.4771
-0.543635	77.5111	15.1227	24.5311
-0.462935	76.7281	15.0254	24.5831
-0.403863	75.8965	14.9287	24.6382
-0.278699	75.0898	14.8311	24.6928
-0.193332	74.3119	14.7417	24.7454
-0.0576187	73.5147	14.6363	24.8007
0.0414749	72.7664	14.5255	24.8521
0.124813	71.9647	14.3888	24.9068
0.225661	71.1655	14.2419	24.9607
0.352036	70.3917	14.0901	25.0129
0.42039	69.545	13.9134	25.0683
0.511989	68.6999	13.7465	25.124
0.561087	67.8575	13.5829	25.1784
0.60759	66.9956	13.4312	25.234
0.634419	66.1325	13.2854	25.2894
0.64754	65.2656	13.15	25.3452
0.639872	64.4082	13.0237	25.4005
0.609599	63.5558	12.9086	25.4562
0.543226	62.7181	12.8001	25.5113
0.481705	61.9466	12.709	25.5623
0.411069	61.1591	12.6288	25.6156
0.33135	60.3905	12.547	25.6678
0.224428	59.6485	12.4633	25.7194
0.0767965	58.8676	12.3605	25.7736
-0.0232627	58.07	12.2383	25.8281
-0.169813	57.26	12.1013	25.8833
-0.263222	56.4337	11.9483	25.9385
-0.405066	55.6575	11.8015	25.9911
-0.482614	54.8187	11.6361	26.0462
-0.561037	54.0029	11.4812	26.0998
-0.648351	53.2218	11.3373	26.1513
-0.706301	52.4574	11.2017	26.2017
-0.746109	51.6564	11.066	26.2544
-0.77668	50.8556	10.9355	26.3063
-0.794666	50.0533	10.8074	26.3585
-0.79732	49.2504	10.6836	26.4108
-0.77752	48.4252	10.5596	26.4645
-0.753039	47.6466	10.4488	26.5158
-0.70871	46.8487	10.3418	26.5692
-0.642554	46.0853	10.2471	26.6201
-0.530508	45.3476	10.1628	26.6702
-0.443769	44.5463	10.0766	26.7254
-0.333204	43.7941	9.98682	26.7775
-0.24135	43.0599	9.88997	26.8275
-0.104623	42.2587	9.76789	26.8827
-0.00886089	41.4742	9.63049	26.9359
0.0986672	40.6523	9.47587	26.991
0.218998	39.834	9.30644	27.0465
0.319505	39.0187	9.14301	27.1
0.420735	38.1529	8.96577	27.1567
0.483555	37.3375	8.80826	27.2098
0.542238	36.4727	8.64663	27.2656
0.572339	35.6278	8.50323	27.3199
0.5842	34.8051	8.37184	27.3733
0.573749	34.017	8.25447	27.4243
0.548103	33.2001	8.14494	27.477
0.505278	32.3826	8.03955	27.5305
0.431196	31.5335	7.94178	27.5866
0.347533	30.7101	7.84805	27.6414
0.230879	29.9316	7.7616	27.6943
0.152115	29.1747	7.67776	27.7462
0.0500691	28.3693	7.56638	27.8011
-0.0775403	27.5774	7.44374	27.8559
-0.180271	26.8163	7.31185	27.9083
-0.269216	26.0431	7.16953	27.9607
-0.400723	25.2354	7.01534	28.0154
-0.46214	24.4499	6.85645	28.0677
-0.533408	23.6755	6.70783	28.1185
-0.586625	22.9033	6.56459	28.1694
-0.63318	22.1268	6.4274	28.2202
-0.666336	21.3302	6.29347	28.272
-0.677673	20.5062	6.1626	28.3253
-0.683816	19.7323	6.04897	28.3759
-0.666254	18.909	5.9346	28.4293
-0.612123	18.0731	5.82396	28.4839
-0.575044	17.2767	5.73148	28.5365
-0.502036	16.4903	5.64158	28.5892
-0.391097	15.7262	5.55689	28.642
-0.298459	15.0013	5.47639	28.6925
-0.194347	14.2924	5.38823	28.7427
-0.103529	13.5071	5.27046	28.7978
0.0466018	12.7344	5.13364	28.8515
0.181714	11.9849	4.98298	28.9035
0.27451	11.1699	4.80089	28.9578
0.370219	10.3506	4.6279	29.0108
0.47089	9.5526	4.46319	29.0626
0.536926	8.75611	4.305	29.1139
0.583495	7.92063	4.14586	29.1669
0.612495	7.08849	4.00396	29.2206
0.609786	6.27959	3.87787	29.2735
0.592401	5.43081	3.76373	29.3292
0.543494	4.66128	3.67155	29.3793
0.452343	3.8446	3.58137	29.4334
0.370687	2.98704	3.49866	29.4905
0.243233	2.1915	3.41745	29.5437
0.142492	1.37917	3.3323	29.5992
0.0375712	0.603086	3.22976	29.652
-0.0905238	-0.141691	3.11733	29.7031
-0.158169	-0.935434	2.97741	29.7573
-0.247533	-1.68863	2.83391	29.8086
-0.364693	-2.49178	2.67657	29.8627
-0.446893	-3.24995	2.52447	29.9135
-0.514027	-4.04435	2.36395	29.9666
-0.571258	-4.84448	2.21668	30.0192
-0.612019	-5.6452	2.07738	30.0715
-0.642797	-6.44782	1.94411	30.1236
-0.659336	-7.29039	1.80709	30.178
-0.66201	-8.05666	1.69026	30.228
-0.626354	-8.88681	1.57001	30.2827
-0.590131	-9.66123	1.46506	30.3341
-0.55285	-10.4353	1.37789	30.3862
-0.473419	-11.249	1.28641	30.4416
-0.366826	-12.0023	1.20811	30.4937
-0.287122	-12.8031	1.12317	30.5487
-0.173482	-13.5265	1.02473	30.6001
-0.0587156	-14.254	0.906434	30.6511
0.0983497	-15.0284	0.762797	30.7051
0.187483	-15.785	0.601569	30.7566
0.277609	-16.5712	0.43673	30.8095
0.375121	-17.3742	0.267535	30.8631
0.435579	-18.2201	0.0874668	30.9184
0.48956	-19.0318	-0.0714992	30.9708
0.527735	-19.8376	-0.220026	31.0224
0.54076	-20.6759	-0.365021	31.0763
0.538123	-21.5015	-0.496536	31.13
0.502977	-22.3111	-0.608405	31.1826
0.426786	-23.0903	-0.700141	31.2338
0.333462	-23.864	-0.776861	31.2862
0.253839	-24.6272	-0.832036	31.3382
0.153408	-25.4281	-0.903627	31.3927
0.0275958	-26.2087	-0.977161	31.4476
-0.143605	-26.9879	-1.08064	31.5027
-0.24577	-27.7611	-1.20703	31.5569
-0.377491	-28.539	-1.35397	31.6099
-0.523793	-29.319	-1.5131	31.6634
-0.629802	-30.0708	-1.67176	31.7139
-0.72448	-30.8559	-1.83313	31.7666
-0.794412	-31.7009	-2.00209	31.8221
-0.870267	-32.568	-2.1614	31.8782
-0.913654	-33.3662	-2.2978	31.9297
-0.939554	-34.2123	-2.43614	31.9845
-0.948683	-35.0072	-2.5591	32.0364
-0.959573	-35.821	-2.68174	32.0895
-0.925903	-36.6453	-2.80719	32.1442
-0.897815	-37.408	-2.92062	32.1951
-0.865843	-38.2315	-3.0359	32.2505
-0.767289	-39.0083	-3.13745	32.3038
-0.68939	-39.7953	-3.22645	32.3576
-0.592345	-40.5395	-3.31108	32.4082
-0.478324	-41.2953	-3.3994	32.4595
-0.333539	-42.0757	-3.4974	32.5132
-0.213867	-42.8194	-3.59961	32.5639
-0.0883438	-43.6221	-3.71873	32.6179
0.0233286	-44.3656	-3.83548	32.6679
0.145206	-45.16	-3.96523	32.721
0.28885	-45.9546	-4.09911	32.7742
0.387834	-46.7492	-4.24073	32.8273
0.48889	-47.5357	-4.38382	32.88
0.599997	-48.3318	-4.53197	32.9333
0.660469	-49.1534	-4.6907	32.9876
0.716153	-49.9813	-4.84537	33.0425
0.763403	-50.8064	-4.99722	33.097
0.781492	-51.5926	-5.14298	33.1481
0.782875	-52.4018	-5.28327	33.2009
0.765401	-53.2734	-5.42865	33.2574
0.72689	-54.08	-5.55391	33.3103
0.676768	-54.8623	-5.66763	33.3615
0.606415	-55.6336	-5.7732	33.4126
0.491004	-56.4225	-5.87747	33.4652
0.403082	-57.1984	-5.96496	33.5174
0.297641	-58.0055	-6.05576	33.5718
0.188273	-58.7411	-6.13509	33.6221
0.0289928	-59.5134	-6.22947	33.6765
-0.0768499	-60.3054	-6.34136	33.732
-0.248188	-61.06	-6.46599	33.785
-0.352325	-61.863	-6.61536	33.8403
-0.465583	-62.5925	-6.75761	33.8909
-0.571379	-63.3328	-6.90668	33.9416
-0.703196	-64.1205	-7.06402	33.9949
-0.781624	-64.9374	-7.22912	34.0495
-0.853405	-65.7146	-7.37374	34.1005
-0.908929	-66.5269	-7.51415	34.1535
-0.942492	-67.3916	-7.65412	34.2096
-0.954809	-68.1797	-7.77469	34.2607
-0.950449	-68.9559	-7.8871	34.311
-0.910118	-69.7609	-7.99662	34.3643
-0.874271	-70.5599	-8.0943	34.4174
-0.808583	-71.3768	-8.19302	34.4723
-0.747884	-72.1269	-8.27552	34.5232
-0.630956	-72.8871	-8.36137	34.5765
-0.552295	-73.6225	-8.43834	34.628
-0.440502	-74.4062	-8.5389	34.6827
-0.274528	-75.161	-8.64945	34.7372
-0.167033	-75.8854	-8.77681	34.7884
-0.0566757	-76.6342	-8.924	34.84
0.0545943	-77.4052	-9.08409	34.8922
0.179828	-78.1653	-9.24424	34.944
0.262984	-78.9639	-9.40605	34.9973
0.339498	-79.7355	-9.55973	35.0479
0.398642	-80.5257	-9.70216	35.0995
0.447552	-81.3018	-9.83584	35.1497
0.478964	-82.1028	-9.96616	35.2017
0.478032	-82.9548	-10.0956	35.2568
0.462546	-83.8187	-10.2117	35.3128
0.417274	-84.6618	-10.31	35.3677
0.358195	-85.4329	-10.3953	35.4188
0.284183	-86.1938	-10.477	35.4701
0.21836	-86.9774	-10.5668	35.5233
0.101085	-87.7481	-10.6633	35.5762
0.0237712	-88.4985	-10.7692	35.6276
-0.0620798	-89.2931	-10.896	35.6823
-0.179834	-90.0404	-11.0285	35.7334
-0.273677	-90.8086	-11.1722	35.7859
-0.332709	-91.6482	-11.336	35.842
-0.419226	-92.4824	-11.4952	35.8975
-0.475056	-93.2409	-11.6484	35.9481
-0.518657	-94.0775	-11.8055	36.0031
-0.562488	-94.9026	-11.9566	36.0566
-0.580386	-95.7406	-12.1063	36.1111
-0.581759	-96.5494	-12.2412	36.1633
-0.571399	-97.3521	-12.3683	36.2152
-0.534859	-98.1217	-12.4811	36.2654
-0.477047	-98.9002	-12.5845	36.3168
-0.420547	-99.696	-12.6753	36.3692
-0.292468	-100.495	-12.7678	36.4238
-0.202025	-101.292	-12.8516	36.4782
-0.120709	-102.077	-12.9433	36.5324
0.0322541	-102.803	-13.0337	36.5845
0.134805	-103.524	-13.1346	36.6355
0.208877	-104.287	-13.2593	36.689
0.313092	-105.047	-13.3979	36.7421
0.419638	-105.771	-13.54	36.7926
0.512536	-106.593	-13.7104	36.8483
0.571709	-107.373	-13.8668	36.8997
0.64097	-108.201	-14.0249	36.954
0.677281	-109.011	-14.1709	37.0068
0.705828	-109.83	-14.3088	37.06
0.711819	-110.662	-14.437	37.1141
0.703989	-111.492	-14.5557	37.1684
0.702832	-112.317	-14.6618	37.2226
0.659914	-113.086	-14.7575	37.2735
0.623392	-113.888	-14.8555	37.3272
0.57577	-114.634	-14.9418	37.3779
0.486451	-115.354	-15.0225	37.4279
0.435193	-116.085	-15.1013	37.4785
0.359067	-116.811	-15.1937	37.529
0.273565	-117.578	-15.306	37.5818
0.14487	-118.37	-15.4321	37.6364
0.0389397	-119.16	-15.5722	37.6902
-0.100219	-119.966	-15.7165	37.7449
-0.187252	-120.806	-15.8769	37.8
-0.303958	-121.617	-16.0324	37.8536
-0.368251	-122.393	-16.1815	37.9042
-0.460013	-123.213	-16.3348	37.9577
-0.51868	-124.015	-16.4848	38.0097
-0.569356	-124.862	-16.6319	38.0647
-0.592548	-125.682	-16.7703	38.1178
-0.603301	-126.528	-16.9107	38.1733
-0.582054	-127.344	-17.0394	38.2264
-0.557464	-128.16	-17.1575	38.2794
-0.505349	-128.918	-17.259	38.3295
-0.437177	-129.69	-17.3565	38.3807
-0.367839	-130.489	-17.4535	38.4336
-0.246638	-131.288	-17.5491	38.4881
-0.170534	-132.063	-17.6359	38.5414
-0.0353217	-132.845	-17.7351	38.5963
0.0477266	-133.605	-17.8387	38.6492
0.140768	-134.384	-17.962	38.7037
0.264818	-135.13	-18.0931	38.7558
0.317493	-135.941	-18.254	38.8106
0.417983	-136.753	-18.4173	38.8658
0.493887	-137.526	-18.5754	38.9171
0.530013	-138.364	-18.7449	38.9719
0.577717	-139.179	-18.8955	39.0254
0.594439	-139.985	-19.0341	39.0781
0.598609	-140.819	-19.1672	39.1323
0.574026	-141.626	-19.2853	39.1853
0.548057	-142.48	-19.3962	39.241
0.497535	-143.245	-19.4887	39.2915
0.408028	-144.063	-19.5844	39.3465
0.342356	-144.851	-19.664	39.4001
0.266054	-145.62	-19.7485	39.4523
0.127156	-146.36	-19.8362	39.5054
0.0200352	-147.091	-19.9385	39.5578
-0.0618405	-147.832	-20.06	39.6102
-0.168554	-148.622	-20.2021	39.6651
-0.320125	-149.397	-20.352	39.7189
-0.401343	-150.196	-20.5186	39.7731
-0.493441	-150.951	-20.6703	39.8234
-0.571154	-151.738	-20.8244	39.875
-0.653842	-152.576	-20.9838	39.9297
-0.701901	-153.352	-21.1176	39.9801
-0.734677	-154.144	-21.2472	40.0316
-0.751146	-154.931	-21.3706	40.083
-0.75173	-155.71	-21.4861	40.1339
-0.715418	-156.506	-21.599	40.1859
-0.685443	-157.334	-21.7105	40.2406
-0.623542	-158.128	-21.8113	40.2931
-0.525792	-158.936	-21.9097	40.3473
-0.447761	-159.757	-22.0002	40.4032
-0.315756	-160.516	-22.0886	40.4561
-0.222577	-161.253	-22.1809	40.508
-0.104377	-161.961	-22.2823	40.5592
-0.0253592	-162.737	-22.4145	40.6148
0.109114	-163.482	-22.5598	40.6673
0.191919	-164.223	-22.7146	40.718
0.267536	-165.019	-22.8919	40.772
0.345047	-165.773	-23.0491	40.8221
0.41543	-166.573	-23.2069	40.8744
0.477504	-167.415	-23.3632	40.9295
0.517011	-168.266	-23.5142	40.9848
0.535517	-169.036	-23.6416	41.035
0.531699	-169.855	-23.7698	41.0884
0.510642	-170.656	-23.8855	41.1413
0.449833	-171.5	-23.9999	41.1969
0.385735	-172.312	-24.0924	41.2511
0.262983	-173.121	-24.184	41.3058
0.145399	-173.847	-24.2611	41.3559
0.053426	-174.629	-24.3412	41.4097
-0.0603688	-175.37	-24.4298	41.4616
-0.181552	-176.085	-24.5236	41.5129
-0.33556	-176.831	-24.6359	41.5675
-0.422381	-177.574	-24.7603	41.6207
-0.515841	-178.316	-24.8924	41.6729
-0.67344	-179.075	-25.0337	41.7267
-0.732944	-179.902	-25.1942	41.7816
-0.818409	-180.723	-25.3494	41.836
-0.897848	-181.581	-25.5135	41.8919
-0.950712	-182.362	-25.6553	41.9423
-0.990843	-183.168	-25.7907	41.9945
-1.02198	-184.034	-25.929	42.0501
-1.03133	-184.807	-26.0465	42.1008
-1.01268	-185.635	-26.1689	42.1556
-0.98206	-186.42	-26.282	42.207
-0.943985	-187.181	-26.3878	42.2573
-0.894011	-187.941	-26.4873	42.3079
-0.843357	-188.728	-26.5808	42.3609
-0.755007	-189.532	-26.6832	42.4155
-0.611117	-190.282	-26.7764	42.4679
-0.495256	-191.013	-26.8714	42.5195
-0.407574	-191.804	-26.983	42.574
-0.279826	-192.524	-27.0994	42.6247
-0.119973	-193.313	-27.2356	42.6799
-0.00856906	-194.109	-27.3892	42.7348
0.137564	-194.842	-27.5344	42.7857
0.246423	-195.629	-27.6917	42.8386
0.348921	-196.402	-27.8458	42.8896
0.425973	-197.18	-27.9987	42.9406
0.488951	-198.014	-28.1469	42.9953
0.54866	-198.87	-28.2911	43.0511
0.580297	-199.655	-28.4162	43.1021
0.595672	-200.474	-28.542	43.1556
0.583854	-201.278	-28.6593	43.2082
0.564965	-202.103	-28.7677	43.2622
0.519096	-202.867	-28.8624	43.3125
0.459827	-203.652	-28.955	43.3649
0.340541	-204.461	-29.048	43.4196
0.265419	-205.274	-29.1378	43.4743
0.123074	-206.056	-29.233	43.529
0.0267562	-206.792	-29.3289	43.5801
-0.0601145	-207.544	-29.4386	43.6328
-0.200365	-208.291	-29.5643	43.6867
-0.314204	-209.008	-29.6971	43.7383
-0.403303	-209.748	-29.8497	43.7905
-0.48754	-210.539	-30.0105	43.8445
-0.577875	-211.311	-30.1679	43.8963
-0.658911	-212.1	-30.3233	43.9479
-0.711738	-212.895	-30.4687	43.9994
-0.738668	-213.727	-30.6104	44.0533
-0.736573	-214.584	-30.7437	44.1088
-0.73594	-215.411	-30.8624	44.1628
-0.702765	-216.188	-30.9664	44.2137
-0.630238	-217.013	-31.0683	44.2688
-0.567696	-217.835	-31.1463	44.324
-0.487563	-218.588	-31.2209	44.3755
-0.351216	-219.356	-31.3001	44.429
-0.261977	-220.098	-31.3826	44.481
-0.154357	-220.873	-31.4962	44.5337
0.00735563	-221.642	-31.6264	44.5872
0.0928292	-222.48	-31.7926	44.6433
0.208539	-223.246	-31.9498	44.6952
0.312661	-223.989	-32.1045	44.7452
0.417775	-224.797	-32.2655	44.7992
0.472094	-225.593	-32.4225	44.8512
0.52493	-226.388	-32.5665	44.9035
0.561491	-227.185	-32.7043	44.955
0.579924	-227.982	-32.8342	45.0064
0.577691	-228.842	-32.9649	45.0618
0.561166	-229.69	-33.0847	45.1166
0.498795	-230.475	-33.186	45.1679
0.458977	-231.29	-33.2785	45.2214
0.389694	-232.09	-33.3689	45.2748
0.25927	-232.898	-33.4585	45.3303
0.191719	-233.648	-33.5354	45.3813
0.095981	-234.411	-33.6312	45.4344
-0.0440203	-235.208	-33.7455	45.4905
-0.120266	-235.979	-33.8702	45.5437
-0.251891	-236.774	-34.011	45.5986
-0.371877	-237.517	-34.1498	45.65
-0.452784	-238.267	-34.2934	45.7008
-0.52634	-239.045	-34.4461	45.7534
-0.606896	-239.823	-34.5916	45.8061
-0.691551	-240.612	-34.735	45.8588
-0.740385	-241.419	-34.8783	45.912
-0.778615	-242.226	-35.0112	45.9646
-0.80281	-243.021	-35.141	46.0156
-0.811657	-243.817	-35.2675	46.0666
-0.790621	-244.631	-35.3915	46.1193
-0.773517	-245.498	-35.5157	46.1751
-0.703717	-246.316	-35.6258	46.2286
-0.633754	-247.068	-35.7189	46.2788
-0.570734	-247.89	-35.8099	46.334
-0.452937	-248.67	-35.8987	46.3871
-0.377113	-249.439	-35.9883	46.4396
-0.308721	-250.22	-36.0849	46.4933
-0.17079	-251.018	-36.2051	46.5488
-0.0875093	-251.754	-36.3298	46.5988
0.00940573	-252.534	-36.4816	46.6525
0.145539	-253.347	-36.6425	46.7078
0.227582	-254.128	-36.7979	46.7598
0.297518	-254.892	-36.95	46.8105
0.362061	-255.722	-37.1141	46.8649
0.418324	-256.509	-37.2601	46.9164
0.467022	-257.326	-37.4036	46.9694
0.49486	-258.123	-37.5361	47.0212
0.514867	-258.927	-37.6617	47.073
0.508245	-259.774	-37.7866	47.128
0.494465	-260.558	-37.8965	47.1791
0.467919	-261.335	-37.9999	47.23
0.438109	-262.154	-38.0975	47.2842
0.355117	-262.931	-38.1887	47.337
0.3077	-263.746	-38.2776	47.3918
0.217361	-264.482	-38.3642	47.4423
0.127545	-265.254	-38.4643	47.4954
-0.0146516	-266.033	-38.5761	47.5497
-0.110873	-266.788	-38.694	47.6018
-0.218784	-267.582	-38.8283	47.6564
-0.359801	-268.351	-38.9652	47.7088
-0.436331	-269.114	-39.1056	47.7603
-0.513714	-269.883	-39.2548	47.8126
-0.596851	-270.649	-39.3998	47.8644
-0.680493	-271.426	-39.5449	47.9167
-0.728857	-272.225	-39.6873	47.9694
-0.758803	-273.038	-39.8281	48.0228
-0.776846	-273.855	-39.9628	48.0764
-0.770402	-274.716	-40.0979	48.1318
-0.757534	-275.515	-40.2114	48.1836
-0.69707	-276.37	-40.3272	48.239
-0.640378	-277.159	-40.4254	48.2909
-0.561517	-277.907	-40.5134	48.3411
-0.465996	-278.645	-40.5985	48.3916
-0.40436	-279.417	-40.6842	48.4442
-0.329112	-280.157	-40.7801	48.4952
-0.214702	-280.932	-40.8969	48.5491
-0.135164	-281.732	-41.038	48.6044
-0.0169304	-282.52	-41.1879	48.6586
0.043874	-283.35	-41.3567	48.7141
0.104508	-284.128	-41.5113	48.765
0.14887	-284.914	-41.6633	48.8164
0.197793	-285.765	-41.819	48.8717
0.2168	-286.585	-41.9673	48.925
0.228396	-287.379	-42.0994	48.9765
0.216241	-288.178	-42.2226	49.0286
0.206891	-289.014	-42.3351	49.0831
0.175906	-289.814	-42.4315	49.1357
0.0966646	-290.623	-42.521	49.1904
0.0332868	-291.381	-42.6002	49.2418
-0.0435951	-292.122	-42.675	49.2931
-0.123677	-292.863	-42.7686	49.3442
-0.212875	-293.602	-42.8756	49.3962
-0.353816	-294.354	-42.9988	49.4494
-0.434414	-295.084	-43.1284	49.4996
-0.527599	-295.834	-43.2663	49.5518
-0.593757	-296.591	-43.4138	49.6025
-0.653855	-297.371	-43.5602	49.6543
-0.709194	-298.169	-43.7058	49.7076
-0.763578	-298.999	-43.8553	49.7623
-0.786492	-299.82	-43.9963	49.816
-0.799229	-300.606	-44.1296	49.8676
-0.799051	-301.37	-44.2568	49.9178
-0.787836	-302.174	-44.3861	49.9705
-0.771044	-302.983	-44.5104	50.0237
-0.73532	-303.778	-44.6278	50.0763
-0.671254	-304.583	-44.7416	50.13
-0.618374	-305.405	-44.8482	50.185
-0.537423	-306.165	-44.9425	50.2368
-0.434636	-306.926	-45.0323	50.2888
-0.321558	-307.703	-45.1244	50.342
-0.233561	-308.428	-45.2094	50.3926
-0.121219	-309.135	-45.3095	50.4427
-0.0202184	-309.905	-45.4298	50.4957
0.099991	-310.685	-45.5625	50.5489
0.198087	-311.422	-45.6966	50.5995
0.266607	-312.233	-45.8528	50.6533
0.359124	-313.065	-46.0119	50.7077
0.450826	-313.839	-46.1643	50.7589
0.501996	-314.7	-46.3327	50.8144
0.551605	-315.533	-46.4837	50.8679
0.578088	-316.396	-46.6342	50.9233
0.592246	-317.235	-46.773	50.9775
0.591499	-318.044	-46.9025	51.0294
0.580892	-318.871	-47.0296	51.083
0.562427	-319.658	-47.1458	51.1338
0.526116	-320.446	-47.2581	51.185
0.459822	-321.274	-47.3738	51.2396
0.399936	-322.036	-47.4742	51.2899
0.346992	-322.803	-47.5696	51.3406
0.280355	-323.587	-47.6557	51.3934
0.188653	-324.354	-47.7457	51.4456
0.0585677	-325.125	-47.8413	51.4992
-0.00260327	-325.927	-47.9504	51.5536
-0.121466	-326.701	-48.069	51.6076
-0.246133	-327.503	-48.2031	51.6628
-0.350874	-328.291	-48.348	51.7161
-0.466129	-329.07	-48.4919	51.7694
-0.531029	-329.897	-48.6503	51.8247
-0.63022	-330.703	-48.801	51.879
-0.677067	-331.463	-48.943	51.9297
-0.717017	-332.243	-49.0846	51.9811
-0.74666	-333.038	-49.2257	52.0333
-0.770927	-333.851	-49.3596	52.0862
-0.778035	-334.682	-49.4913	52.1402
-0.775501	-335.508	-49.6171	52.1937
-0.747079	-336.342	-49.7388	52.248
-0.696004	-337.132	-49.8485	52.3
-0.652494	-337.951	-49.9525	52.3541
-0.558882	-338.774	-50.0566	52.4094
-0.498899	-339.581	-50.1481	52.4641
-0.398328	-340.308	-50.2315	52.5145
-0.318136	-341.091	-50.3276	52.5678
-0.182195	-341.809	-50.4259	52.6186
-0.0716835	-342.573	-50.5454	52.6715
0.00528982	-343.383	-50.69	52.7263
0.129945	-344.186	-50.8427	52.7806
0.215222	-345	-51.0099	52.8347
0.293892	-345.794	-51.1657	52.8867
0.369673	-346.576	-51.3138	52.9382
0.464737	-347.405	-51.4649	52.9932
0.513544	-348.264	-51.6187	53.0489
0.565424	-349.115	-51.7643	53.104
0.598612	-349.973	-51.9034	53.1596
0.616178	-350.745	-52.0237	53.2102
0.620884	-351.528	-52.1391	53.2613
0.615384	-352.358	-52.2516	53.3156
0.595723	-353.14	-52.353	53.3674
0.533306	-353.939	-52.4533	53.4208
0.485439	-354.721	-52.5432	53.4737
0.426505	-355.483	-52.6325	53.5254
0.309017	-356.281	-52.7288	53.5803
0.210954	-357.048	-52.828	53.6335
0.143734	-357.848	-52.9449	53.6887
0.00743246	-358.606	-53.0711	53.7415
-0.0652376	-359.39	-53.22	53.7939
-0.148611	-360.182	-53.3711	53.8472
-0.254566	-360.977	-53.5259	53.9008
-0.319362	-361.778	-53.6872	53.9542
-0.37346	-362.577	-53.8374	54.0069
-0.427076	-363.347	-53.9783	54.0585
-0.475444	-364.187	-54.126	54.1133
-0.503153	-364.97	-54.2604	54.1643
-0.52108	-365.807	-54.3948	54.2186
-0.531318	-366.675	-54.5265	54.2748
-0.523104	-367.477	-54.641	54.3273
-0.490144	-368.276	-54.7487	54.3798
-0.449903	-369.091	-54.8481	54.4341
-0.402943	-369.84	-54.9366	54.4845
-0.333704	-370.589	-55.0213	54.5358
-0.209218	-371.421	-55.1193	54.593
-0.138189	-372.173	-55.2055	54.6454
-0.0349364	-372.907	-55.3063	54.6966
0.0613556	-373.66	-55.423	54.748
0.158207	-374.396	-55.5493	54.7981
0.280267	-375.161	-55.6908	54.8508
0.349098	-375.992	-55.8576	54.9062
0.458362	-376.815	-56.0195	54.9612
0.506324	-377.662	-56.1851	55.0167
0.572764	-378.487	-56.3336	55.0711
0.612954	-379.289	-56.4718	55.1229
0.646078	-380.141	-56.6128	55.1779
0.662683	-380.944	-56.7402	55.2301
0.66567	-381.722	-56.8574	55.2808
0.664932	-382.49	-56.9658	55.3311
0.658557	-383.323	-57.0703	55.3865
0.631391	-384.116	-57.1658	55.4392
0.568344	-384.897	-57.2578	55.4925
0.528562	-385.674	-57.3442	55.546
0.454486	-386.426	-57.4392	55.5985
0.349186	-387.193	-57.5456	55.6522
0.280211	-387.928	-57.6595	55.7044
0.198905	-388.682	-57.7881	55.7553
0.095618	-389.421	-57.9217	55.8055
-0.0253176	-390.247	-58.0732	55.8611
-0.105258	-391.008	-58.2177	55.9114
-0.182014	-391.821	-58.3768	55.9649
-0.252157	-392.624	-58.5269	56.0179
-0.316234	-393.39	-58.6677	56.0689
-0.372719	-394.179	-58.8078	56.1207
-0.403071	-394.951	-58.9403	56.1709
-0.418469	-395.729	-59.0674	56.2219
-0.422691	-396.549	-59.1944	56.2757
-0.405306	-397.33	-59.3072	56.3271
-0.360697	-398.14	-59.4165	56.381
-0.316199	-398.943	-59.5185	56.4342
-0.277302	-399.757	-59.6113	56.489
-0.165702	-400.498	-59.6971	56.5404
-0.0755575	-401.235	-59.7835	56.5918
0.0124522	-401.942	-59.8718	56.6419
0.0912944	-402.665	-59.9746	56.6922
0.16389	-403.444	-60.1049	56.7467
0.277957	-404.251	-60.2533	56.8017
0.331973	-405.093	-60.4258	56.8582
0.427801	-405.883	-60.5869	56.9117
0.471337	-406.699	-60.7595	56.9653
0.51551	-407.479	-60.9124	57.016
0.551267	-408.316	-61.0647	57.0708
0.554514	-409.139	-61.203	57.1244
0.545162	-409.937	-61.3232	57.1761
0.507549	-410.775	-61.4375	57.2309
0.454567	-411.539	-61.5306	57.281
0.402503	-412.328	-61.6203	57.333
0.361599	-413.161	-61.7059	57.3882
0.286384	-413.903	-61.7847	57.4389
0.141659	-414.662	-61.8727	57.4922
0.066898	-415.43	-61.9735	57.5467
-0.0622839	-416.2	-62.0925	57.6007
-0.166575	-416.942	-62.2227	57.6532
-0.253732	-417.764	-62.3786	57.7098
-0.368001	-418.507	-62.5222	57.761
-0.432529	-419.313	-62.6769	57.8148
-0.492451	-420.114	-62.8327	57.8679
-0.565081	-420.914	-62.9773	57.9207
-0.609129	-421.722	-63.1159	57.974
-0.639827	-422.51	-63.2426	58.025
-0.663998	-423.284	-63.3635	58.0757
-0.676177	-424.051	-63.4821	58.126
-0.67614	-424.831	-63.6003	58.1771
-0.647956	-425.642	-63.719	58.2302
-0.623802	-426.411	-63.8254	58.2811
-0.591548	-427.228	-63.9289	58.3355
-0.53074	-427.98	-64.0214	58.3859
-0.474649	-428.78	-64.1186	58.4397
-0.370615	-429.541	-64.2098	58.4925
-0.324759	-430.347	-64.3092	58.5474
-0.207808	-431.141	-64.4233	58.6032
-0.154134	-431.927	-64.5511	58.6577
-0.0588322	-432.647	-64.6792	58.7078
0.0506774	-433.438	-64.8283	58.762
0.119393	-434.192	-64.9747	58.8129
0.183872	-434.976	-65.1267	58.8648
0.238237	-435.806	-65.2913	58.919
0.302346	-436.623	-65.444	58.9724
0.335507	-437.436	-65.5862	59.0252
0.357476	-438.221	-65.7126	59.076
0.367721	-438.991	-65.8261	59.1266
0.365891	-439.795	-65.9372	59.1801
0.3432	-440.624	-66.0406	59.2353
0.318059	-441.425	-66.1391	59.2882
0.270764	-442.245	-66.2386	59.3431
0.218842	-443.012	-66.3312	59.3947
0.170087	-443.766	-66.4265	59.445
0.125657	-444.529	-66.5278	59.4964
0.0647701	-445.354	-66.6495	59.5514
-0.0153171	-446.139	-66.7718	59.6033
-0.0788075	-446.897	-66.8938	59.6533
-0.135048	-447.708	-67.0294	59.707
-0.190566	-448.49	-67.1617	59.7579
