x	y	z	t
0.483292	449.668	73.3879	0.0535746
0.485787	448.969	73.2781	0.104647
0.489604	448.208	73.1582	0.160222
0.49231	447.484	73.0439	0.213462
0.495238	446.708	72.9216	0.270244
0.497285	446.02	72.8136	0.320783
0.499082	445.315	72.7028	0.372521
0.499741	444.624	72.5946	0.42341
0.500371	443.889	72.4793	0.477134
0.503083	443.187	72.3685	0.528483
0.505877	442.464	72.2538	0.581414
0.509872	441.711	72.1339	0.636411
0.518042	440.976	72.0166	0.69022
0.527508	440.285	71.907	0.741049
0.537322	439.586	71.7968	0.792544
0.547525	438.865	71.6841	0.845608
0.554962	438.097	71.5647	0.902446
0.562556	437.399	71.4564	0.954266
0.57969	436.691	71.347	1.00669
0.584414	435.977	71.2367	1.05968
0.612238	435.222	71.1186	1.11558
0.629026	434.474	71.0034	1.17042
0.658372	433.776	70.902	1.22207
0.696585	433.062	70.8053	1.27512
0.753258	432.377	70.7176	1.32599
0.799906	431.687	70.6296	1.37744
0.842806	430.992	70.5424	1.42907
0.890668	430.23	70.4378	1.48542
0.921761	429.475	70.3348	1.54132
0.955791	428.787	70.2385	1.59184
0.994527	428.008	70.1265	1.64868
1.02367	427.319	70.0222	1.69868
1.05239	426.6	69.9092	1.75028
1.07323	425.824	69.7833	1.80631
1.08958	425.076	69.6573	1.86009
1.09504	424.363	69.5358	1.91144
1.09447	423.625	69.4084	1.96459
1.088	422.894	69.279	2.01719
1.06869	422.124	69.1412	2.07294
1.04353	421.404	69.0147	2.12466
1.01129	420.706	68.8913	2.17524
0.960063	419.962	68.7579	2.22895
0.908527	419.24	68.6321	2.28131
0.849199	418.491	68.5071	2.33578
0.754793	417.741	68.3937	2.39065
0.658154	417.005	68.2956	2.44484
0.514105	416.295	68.2129	2.49839
0.400774	415.606	68.144	2.55019
0.275932	414.936	68.0658	2.60086
0.138759	414.262	67.9779	2.65222
-0.0214804	413.507	67.8668	2.70987
-0.135011	412.827	67.7547	2.7611
-0.262346	412.113	67.6279	2.81553
-0.409081	411.416	67.4976	2.8681
-0.509505	410.735	67.3616	2.91899
-0.592454	410.025	67.2232	2.97131
-0.688293	409.259	67.075	3.02801
-0.740875	408.547	66.9319	3.08001
-0.795048	407.77	66.7876	3.13671
-0.810574	407.013	66.6485	3.19171
-0.821239	406.276	66.5203	3.2452
-0.821884	405.582	66.3999	3.29535
-0.80587	404.788	66.2653	3.35266
-0.765054	403.997	66.1404	3.4098
-0.709764	403.305	66.0431	3.46008
-0.631671	402.583	65.9531	3.51252
-0.506589	401.845	65.8686	3.56714
-0.384658	401.175	65.7971	3.61721
-0.261625	400.49	65.7203	3.66875
-0.154432	399.782	65.6389	3.72317
0.0108153	399.076	65.545	3.77886
0.106467	398.347	65.4415	3.83509
0.220006	397.696	65.3379	3.88566
0.350524	396.995	65.212	3.9403
0.490891	396.266	65.0775	3.99613
0.587085	395.557	64.9423	4.04914
0.656014	394.863	64.7991	4.09994
0.721527	394.174	64.6618	4.15021
0.771517	393.478	64.5249	4.20055
0.80867	392.741	64.3868	4.25341
0.826784	392.027	64.2589	4.3043
0.827579	391.236	64.1235	4.36097
0.805062	390.527	64.011	4.41168
0.758873	389.809	63.9074	4.46301
0.696593	389.087	63.8129	4.5148
0.588277	388.327	63.7199	4.56935
0.494121	387.572	63.6376	4.62374
0.367803	386.789	63.5502	4.68074
0.226237	386.042	63.4582	4.73685
0.129168	385.322	63.3685	4.79087
-0.0409957	384.606	63.2649	4.84703
-0.128551	383.919	63.1563	4.89973
-0.246073	383.213	63.035	4.95422
-0.366347	382.535	62.9107	5.00592
-0.512176	381.865	62.7812	5.05667
-0.59761	381.133	62.6315	5.11099
-0.684895	380.436	62.4924	5.16165
-0.76079	379.731	62.3536	5.21226
-0.818444	379.021	62.2167	5.26304
-0.870973	378.225	62.0674	5.31956
-0.894639	377.445	61.9291	5.37495
-0.890689	376.697	61.8039	5.42826
-0.869975	375.916	61.685	5.48406
-0.804922	375.143	61.5792	5.53978
-0.729196	374.444	61.5078	5.59054
-0.635037	373.703	61.4354	5.64501
-0.518006	373.02	61.3767	5.69588
-0.366413	372.272	61.3172	5.75319
-0.24668	371.597	61.2545	5.80465
-0.0787159	370.924	61.1833	5.85831
0.037538	370.206	61.0907	5.91466
0.184086	369.483	60.9695	5.97135
0.306965	368.766	60.8306	6.02643
0.449744	368.067	60.6738	6.08022
0.559659	367.335	60.5137	6.13467
0.674938	366.576	60.343	6.19053
0.745922	365.863	60.1941	6.24238
0.814244	365.086	60.0429	6.2983
0.84366	364.297	59.8932	6.35448
0.856436	363.593	59.7683	6.40487
0.847098	362.821	59.6398	6.46021
0.814205	362.092	59.5296	6.51231
0.742519	361.313	59.4234	6.56833
0.666273	360.528	59.3337	6.62519
0.543275	359.782	59.257	6.68022
0.44391	359.103	59.2077	6.73062
0.325144	358.369	59.1406	6.78587
0.191355	357.72	59.0813	6.83593
0.0698397	357.071	59.0108	6.88633
-0.110659	356.386	58.9152	6.94007
-0.21834	355.683	58.7937	6.99473
-0.348373	355.024	58.6658	7.04544
-0.525005	354.324	58.5217	7.09875
-0.623867	353.591	58.3603	7.15355
-0.733104	352.879	58.2088	7.20678
-0.850761	352.144	58.0504	7.26127
-0.931803	351.382	57.8985	7.31673
-1.00007	350.632	57.7512	7.37094
-1.03521	349.867	57.6155	7.42596
-1.04873	349.083	57.4848	7.48231
-1.03487	348.32	57.3655	7.53709
-1.00907	347.564	57.2643	7.59171
-0.956142	346.781	57.1674	7.64832
-0.871669	346.071	57.1008	7.70069
-0.781582	345.359	57.0325	7.75335
-0.674413	344.66	56.9686	7.80571
-0.543075	343.914	56.9065	7.86181
-0.388553	343.193	56.833	7.91731
-0.286736	342.457	56.7485	7.97378
-0.125037	341.746	56.643	8.02931
-0.0270062	341.041	56.5148	8.08277
0.129469	340.331	56.3742	8.13724
0.225287	339.561	56.2062	8.19442
0.349297	338.797	56.0326	8.25083
0.438341	338.085	55.878	8.30286
0.507859	337.345	55.7238	8.35625
0.57354	336.602	55.5742	8.40977
0.611849	335.828	55.4216	8.46464
0.63238	335.097	55.2895	8.51671
0.628203	334.312	55.1553	8.57232
0.602082	333.554	55.0363	8.62639
0.537934	332.822	54.9333	8.67867
0.465401	332.035	54.8405	8.73518
0.388103	331.306	54.7643	8.78756
0.267822	330.561	54.7009	8.84222
0.15089	329.827	54.6292	8.89665
-0.017885	329.124	54.5558	8.95085
-0.129234	328.449	54.4775	9.00201
-0.301519	327.738	54.3733	9.05741
-0.384181	327.084	54.2655	9.10753
-0.520583	326.364	54.1327	9.16301
-0.644369	325.66	53.9997	9.21606
-0.749765	324.986	53.8682	9.26632
-0.849673	324.301	53.7334	9.31704
-0.932871	323.607	53.5986	9.36735
-1.01202	322.849	53.4518	9.42186
-1.0703	322.123	53.3197	9.47394
-1.1176	321.361	53.1843	9.52826
-1.15002	320.622	53.0533	9.58096
-1.17205	319.847	52.9165	9.63602
-1.16466	319.087	52.7864	9.69025
-1.15819	318.321	52.6557	9.74507
-1.10483	317.591	52.5387	9.79824
-1.05193	316.857	52.4384	9.85221
-0.97612	316.132	52.3542	9.90594
-0.847466	315.436	52.292	9.9585
-0.732742	314.752	52.2427	10.0106
-0.621289	314.095	52.2112	10.0618
-0.481383	313.373	52.1522	10.1176
-0.31993	312.654	52.0863	10.1741
-0.184971	312	52.0001	10.2255
-0.00674944	311.3	51.8886	10.2802
0.112378	310.569	51.7502	10.3358
0.271093	309.888	51.6116	10.3878
0.378644	309.182	51.464	10.4401
0.480261	308.403	51.2959	10.4968
0.591274	307.677	51.1449	10.5496
0.664217	306.949	50.9904	10.6023
0.724347	306.239	50.8508	10.6535
0.766708	305.496	50.7107	10.7067
0.800059	304.75	50.5761	10.76
0.816052	304.011	50.4413	10.8129
0.814512	303.26	50.3124	10.8667
0.78175	302.526	50.1943	10.9193
0.730298	301.813	50.0919	10.9707
0.658127	301.104	50.01	11.0223
0.567403	300.415	49.9397	11.0725
0.459274	299.714	49.8728	11.1245
0.3439	299.016	49.8062	11.1768
0.18136	298.32	49.7349	11.2302
0.046054	297.564	49.6495	11.2881
-0.0981224	296.841	49.5485	11.3436
-0.272241	296.135	49.4321	11.3985
-0.406827	295.47	49.3101	11.4493
-0.531487	294.715	49.1613	11.5054
-0.659593	294.046	49.0273	11.5556
-0.775584	293.359	48.8894	11.6064
-0.89987	292.598	48.7334	11.6625
-0.995746	291.859	48.5871	11.7164
-1.0776	291.161	48.4473	11.7671
-1.15329	290.413	48.3017	11.8208
-1.20238	289.633	48.1529	11.8762
-1.22892	288.884	48.0187	11.9294
-1.23908	288.108	47.8834	11.9847
-1.21596	287.345	47.7614	12.0394
-1.18035	286.601	47.6543	12.0929
-1.11776	285.86	47.5588	12.1465
-1.01091	285.148	47.4773	12.1989
-0.90438	284.471	47.4098	12.2494
-0.778974	283.797	47.3501	12.3002
-0.657813	283.052	47.293	12.3569
-0.480143	282.356	47.2323	12.4109
-0.354018	281.679	47.1786	12.464
-0.147059	280.96	47.0961	12.5212
-0.008379	280.279	47.0022	12.5747
0.193961	279.561	46.879	12.631
0.343527	278.883	46.7401	12.6834
0.508919	278.148	46.5852	12.739
0.681433	277.405	46.4121	12.794
0.804881	276.689	46.2521	12.8462
0.934594	275.969	46.0954	12.8985
1.01528	275.252	45.9443	12.9497
1.07831	274.541	45.7993	13.0003
1.11827	273.769	45.6481	13.0544
1.14166	273.008	45.5096	13.108
1.13975	272.263	45.3808	13.1607
1.11855	271.497	45.2589	13.2146
1.07372	270.783	45.159	13.2652
0.979925	270.012	45.0635	13.32
0.877712	269.31	44.9903	13.371
0.778729	268.548	44.9235	13.4262
0.653136	267.841	44.8605	13.4787
0.493885	267.127	44.8066	13.5328
0.359319	266.463	44.7471	13.5831
0.227812	265.781	44.6762	13.6358
0.0963364	265.125	44.5944	13.6861
-0.0798684	264.392	44.4849	13.7431
-0.222245	263.71	44.3658	13.7951
-0.413075	262.977	44.229	13.851
-0.550154	262.278	44.0809	13.9029
-0.688008	261.54	43.9279	13.9574
-0.841825	260.833	43.777	14.01
-0.95084	260.085	43.6118	14.0644
-1.04131	259.355	43.4598	14.1172
-1.1222	258.585	43.3068	14.1724
-1.1662	257.827	43.16	14.2262
-1.18626	257.041	43.0231	14.2821
-1.18001	256.261	42.8942	14.3378
-1.1438	255.541	42.7852	14.3896
-1.09119	254.812	42.6821	14.4424
-1.01768	254.099	42.5951	14.4945
-0.923547	253.416	42.5189	14.5448
-0.78333	252.674	42.4388	14.6001
-0.645196	251.971	42.3681	14.6527
-0.506389	251.279	42.3074	14.7052
-0.367658	250.61	42.2409	14.7566
-0.177666	249.928	42.1691	14.8103
-0.0180017	249.288	42.0945	14.8615
0.122977	248.564	41.9938	14.918
0.324681	247.922	41.8856	14.9702
0.467689	247.204	41.7446	15.0259
0.617278	246.517	41.5995	15.0789
0.796004	245.858	41.4519	15.1298
0.916091	245.174	41.2998	15.1812
1.01267	244.485	41.1507	15.2319
1.08652	243.778	40.998	15.2831
1.15034	243.052	40.8567	15.3351
1.18897	242.316	40.7229	15.3874
1.20307	241.567	40.598	15.4405
1.1906	240.818	40.4849	15.4937
1.14592	240.041	40.3761	15.5496
1.08819	239.339	40.2859	15.6004
1.01585	238.635	40.2012	15.6517
0.93438	237.871	40.1202	15.7081
0.806503	237.13	40.0528	15.764
0.678733	236.442	39.9918	15.8165
0.565095	235.742	39.9273	15.8687
0.39746	235.043	39.8567	15.9231
0.277354	234.36	39.7823	15.9753
0.0946463	233.649	39.6791	16.0308
-0.0578526	232.969	39.5653	16.083
-0.206921	232.309	39.4375	16.1332
-0.360201	231.627	39.2865	16.1847
-0.507699	230.951	39.1346	16.2354
-0.646049	230.239	38.9759	16.2885
-0.802518	229.533	38.8173	16.3412
-0.897008	228.768	38.643	16.3965
-0.996652	228.012	38.485	16.4509
-1.04381	227.28	38.3372	16.5032
-1.06754	226.5	38.2038	16.559
-1.06643	225.784	38.0903	16.6101
-1.03283	225.076	37.9907	16.6613
-0.973566	224.338	37.9033	16.7149
-0.89846	223.614	37.8244	16.7679
-0.804418	222.932	37.7586	16.8185
-0.668242	222.192	37.6935	16.8744
-0.549438	221.517	37.6308	16.9258
-0.367078	220.823	37.5652	16.9799
-0.235046	220.174	37.5015	17.031
-0.0887599	219.537	37.4288	17.0824
0.0326158	218.884	37.3354	17.1335
0.193063	218.233	37.2204	17.1844
0.320415	217.534	37.0799	17.2379
0.483497	216.851	36.9317	17.2901
0.582119	216.159	36.7768	17.3406
0.725765	215.457	36.617	17.3926
0.827287	214.753	36.4611	17.4435
0.90523	213.982	36.2957	17.4986
0.969266	213.25	36.1533	17.5505
0.992648	212.505	36.02	17.6032
0.989967	211.702	35.8888	17.66
0.95468	210.98	35.7816	17.7115
0.895756	210.223	35.6824	17.7652
0.817214	209.526	35.5976	17.8156
0.723642	208.837	35.5212	17.8658
0.613512	208.141	35.4496	17.9171
0.464182	207.409	35.3778	17.972
0.348334	206.684	35.3157	18.0266
0.180054	205.975	35.2407	18.0819
0.0645163	205.284	35.161	18.135
-0.0711622	204.59	35.0597	18.1885
-0.258132	203.927	34.9499	18.2412
-0.387907	203.215	34.8147	18.2964
-0.517846	202.508	34.6751	18.3495
-0.665344	201.819	34.5357	18.4021
-0.751793	201.086	34.3812	18.4563
-0.861931	200.311	34.2256	18.513
-0.922613	199.604	34.0787	18.5646
-0.97102	198.905	33.9442	18.6151
-0.999694	198.175	33.8106	18.6674
-1.00871	197.441	33.6845	18.7199
-0.991321	196.729	33.5674	18.7709
-0.960408	195.979	33.4578	18.8249
-0.90394	195.207	33.3589	18.8808
-0.801261	194.446	33.2839	18.9369
-0.701446	193.754	33.2172	18.9885
-0.527823	193.03	33.148	19.0439
-0.41285	192.375	33.0972	19.095
-0.285782	191.744	33.0355	19.145
-0.146303	191.123	32.965	19.1952
-0.0114967	190.487	32.8755	19.2463
0.121536	189.834	32.7696	19.2981
0.28405	189.125	32.6332	19.3544
0.400691	188.423	32.4928	19.4072
0.516766	187.749	32.351	19.4575
0.624633	187.026	32.1983	19.5101
0.744962	186.248	32.0299	19.5661
0.830677	185.511	31.8796	19.6186
0.911918	184.736	31.7256	19.6737
0.969219	183.95	31.5676	19.7293
1.0041	183.163	31.419	19.7852
1.00826	182.458	31.2972	19.8356
0.988979	181.747	31.1856	19.8865
0.940369	180.999	31.0828	19.9404
0.852391	180.305	31.005	19.9909
0.749873	179.598	30.9366	20.0428
0.637494	178.875	30.8839	20.0966
0.480823	178.139	30.8211	20.1522
0.343027	177.453	30.763	20.2043
0.226662	176.729	30.695	20.2601
0.0908928	176.08	30.6147	20.3105
-0.0901842	175.411	30.5163	20.3631
-0.219226	174.677	30.3896	20.4199
-0.363105	173.962	30.2475	20.4748
-0.486469	173.241	30.1025	20.5296
-0.626966	172.521	29.9542	20.5833
-0.705949	171.803	29.7998	20.6354
-0.774599	171.114	29.6599	20.6857
-0.838957	170.401	29.5195	20.7376
-0.888065	169.642	29.3765	20.7919
-0.907447	168.935	29.2473	20.8425
-0.911833	168.159	29.1126	20.8981
-0.896328	167.447	28.9985	20.9493
-0.859163	166.725	28.8912	21.0012
-0.787707	166.022	28.7945	21.0527
-0.710355	165.292	28.7104	21.1059
-0.606012	164.566	28.634	21.1596
-0.462344	163.848	28.5583	21.2134
-0.352826	163.168	28.4969	21.2649
-0.217062	162.485	28.4224	21.3176
-0.090496	161.841	28.3445	21.3679
0.044411	161.198	28.2555	21.4187
0.174695	160.547	28.1525	21.4697
0.320123	159.832	28.0229	21.5257
0.450455	159.129	27.8882	21.5791
0.583658	158.411	27.7457	21.6335
0.669906	157.7	27.5963	21.6862
0.740014	156.965	27.4522	21.74
0.817914	156.235	27.3155	21.7928
0.856296	155.495	27.1832	21.8459
0.873964	154.716	27.053	21.9016
0.869065	153.95	26.9281	21.9566
0.844165	153.206	26.8138	22.0106
0.784719	152.488	26.7098	22.0626
0.713161	151.797	26.6161	22.1127
0.636717	151.039	26.5247	22.1682
0.542374	150.356	26.4477	22.2191
0.431914	149.682	26.3758	22.2696
0.297031	149.03	26.3085	22.32
0.146154	148.338	26.2337	22.374
0.0377641	147.677	26.1591	22.4269
-0.138263	146.979	26.0598	22.483
-0.23981	146.327	25.953	22.5356
-0.358704	145.683	25.8344	22.5867
-0.475549	145.026	25.7063	22.6379
-0.59149	144.365	25.5732	22.6889
-0.722742	143.676	25.4348	22.7411
-0.80297	142.984	25.2973	22.7924
-0.873607	142.265	25.1575	22.8453
-0.927372	141.549	25.0202	22.8972
-0.96936	140.804	24.8898	22.9507
-0.993478	140.049	24.7661	23.005
-0.999896	139.329	24.6547	23.0568
-0.984533	138.623	24.5539	23.108
-0.938437	137.882	24.4539	23.1624
-0.896372	137.129	24.3588	23.2178
-0.828115	136.454	24.278	23.2678
-0.741325	135.779	24.2014	23.3183
-0.606236	135.074	24.1232	23.3723
-0.489741	134.369	24.0453	23.4256
-0.378775	133.647	23.9629	23.4804
-0.215051	132.954	23.8662	23.534
-0.10514	132.224	23.746	23.5901
0.0446475	131.539	23.6208	23.6426
0.150478	130.849	23.4844	23.6947
0.232455	130.112	23.3301	23.7498
0.346651	129.399	23.1837	23.8033
0.407148	128.625	23.0232	23.8598
0.475778	127.895	22.8783	23.9127
0.519085	127.167	22.7363	23.9652
0.553161	126.428	22.5938	24.0183
0.569102	125.65	22.4556	24.0738
0.567243	124.905	22.33	24.1269
0.533407	124.154	22.2164	24.1807
0.460526	123.387	22.1112	24.2359
0.388455	122.666	22.0299	24.2885
0.300081	121.982	21.9567	24.3393
0.205702	121.301	21.8875	24.3904
0.102066	120.62	21.8185	24.4411
-0.0407286	119.948	21.7469	24.4932
-0.142278	119.244	21.6662	24.5472
-0.252782	118.572	21.5748	24.5997
-0.361453	117.91	21.4724	24.6506
-0.516381	117.253	21.3616	24.7026
-0.632434	116.581	21.2407	24.7545
-0.732198	115.851	21.1021	24.8094
-0.836266	115.172	20.9732	24.8609
-0.939891	114.432	20.8301	24.9166
-1.01267	113.744	20.7012	24.9673
-1.07675	113.055	20.5754	25.0178
-1.12385	112.338	20.4467	25.0699
-1.15783	111.617	20.3226	25.1221
-1.17773	110.89	20.1998	25.1749
-1.17642	110.162	20.0808	25.2278
-1.14963	109.415	19.9657	25.2821
-1.09801	108.656	19.8591	25.3374
-1.03841	107.968	19.7661	25.3877
-0.937789	107.231	19.667	25.4422
-0.825827	106.511	19.567	25.4961
-0.730265	105.77	19.4607	25.5518
-0.589143	105.092	19.3631	25.6038
-0.511218	104.392	19.2677	25.6577
-0.409312	103.733	19.1787	25.7092
-0.307681	103.046	19.0833	25.7627
-0.18463	102.327	18.9736	25.8183
-0.0611822	101.606	18.8547	25.8735
0.0306178	100.928	18.732	25.9248
0.102824	100.214	18.5963	25.9777
0.200142	99.4574	18.4584	26.0333
0.272331	98.7246	18.3231	26.0865
0.338166	97.9958	18.1955	26.139
0.404772	97.2398	18.0671	26.1933
0.452398	96.5166	17.9466	26.2453
0.496674	95.7774	17.8219	26.2985
0.527512	95.0078	17.6932	26.3539
0.546726	94.2689	17.569	26.4074
0.544227	93.5505	17.452	26.4593
0.518904	92.8	17.3338	26.5132
0.476835	92.1034	17.2294	26.564
0.418641	91.4133	17.1308	26.6146
0.353669	90.6577	17.0309	26.6702
0.245518	89.9222	16.9383	26.7246
0.150966	89.2559	16.8624	26.7751
0.0477482	88.5904	16.79	26.826
-0.0539021	87.8909	16.7183	26.8791
-0.207671	87.1812	16.6346	26.9339
-0.309455	86.4941	16.5488	26.9872
-0.42014	85.8309	16.4511	27.0389
-0.572524	85.1415	16.3386	27.0931
-0.679662	84.4884	16.2219	27.1434
-0.765242	83.7514	16.0835	27.1992
-0.882589	83.0223	15.9462	27.2544
-0.954885	82.3449	15.8155	27.3049
-1.01506	81.6403	15.6801	27.3564
-1.06177	80.9427	15.5434	27.4072
-1.09997	80.2142	15.4116	27.4598
-1.12602	79.5058	15.2865	27.5113
-1.13736	78.8082	15.1675	27.5618
-1.13384	78.1145	15.052	27.6123
-1.10031	77.3809	14.9343	27.6656
-1.06278	76.6274	14.822	27.7206
-0.982731	75.9255	14.7299	27.7729
-0.896261	75.2041	14.6454	27.8269
-0.800666	74.5338	14.5854	27.8773
-0.694884	73.7987	14.513	27.933
-0.55472	73.1044	14.4565	27.9875
-0.421143	72.4489	14.393	28.0385
-0.283523	71.7441	14.3077	28.0934
-0.101159	71.042	14.2048	28.1494
0.0200036	70.3494	14.0852	28.2021
0.166203	69.6079	13.938	28.2579
0.270721	68.8745	13.7902	28.3127
0.412298	68.1482	13.6397	28.3671
0.502401	67.4356	13.4843	28.4196
0.600372	66.6924	13.3354	28.4735
0.662735	65.9648	13.1954	28.5254
0.707708	65.1843	13.0483	28.5804
0.748457	64.4168	12.913	28.6347
0.763583	63.6534	12.7784	28.6882
0.763956	62.9206	12.6542	28.74
0.737785	62.1498	12.5329	28.7946
0.694124	61.4362	12.4345	28.8454
0.632269	60.7395	12.3488	28.8954
0.557282	60.0555	12.2695	28.9455
0.483509	59.3443	12.1925	28.9976
0.392802	58.6354	12.1092	29.0501
0.293201	57.9714	12.0308	29.1004
0.185293	57.2894	11.9454	29.1526
0.034903	56.5978	11.8483	29.2065
-0.0592002	55.9145	11.7364	29.2596
-0.16261	55.2665	11.6156	29.3102
-0.312476	54.5725	11.4765	29.3644
-0.410188	53.8909	11.337	29.4166
-0.480965	53.16	11.1856	29.4717
-0.550151	52.494	11.0547	29.5219
-0.609906	51.8118	10.9258	29.5722
-0.660026	51.105	10.7969	29.6237
-0.678733	50.3621	10.6662	29.6779
-0.684529	49.6313	10.5452	29.7305
-0.674567	48.8922	10.4325	29.7839
-0.631721	48.2081	10.341	29.8339
-0.575693	47.5258	10.2629	29.8841
-0.497835	46.8196	10.1917	29.9365
-0.420849	46.1422	10.1394	29.9877
-0.31898	45.4457	10.078	30.0415
-0.181424	44.785	10.0209	30.0946
-0.0640915	44.1166	9.95728	30.1475
0.0505851	43.4834	9.88708	30.1976
0.151282	42.7984	9.7933	30.2518
0.260177	42.1496	9.68297	30.3024
0.390769	41.4191	9.53881	30.3589
0.48608	40.7156	9.39495	30.4113
0.613427	39.9886	9.24328	30.4662
0.68799	39.2799	9.08918	30.5183
0.772693	38.5221	8.93912	30.5733
0.823996	37.8004	8.79858	30.6253
0.863134	37.063	8.65759	30.6784
0.885802	36.3319	8.52709	30.7307
0.880125	35.5818	8.39819	30.7845
0.856954	34.8674	8.28194	30.8361
0.815959	34.1322	8.17781	30.8894
0.734146	33.3707	8.08259	30.945
0.635782	32.682	8.01038	30.9963
0.538612	31.9649	7.95125	31.0499
0.415574	31.2932	7.8926	31.1005
0.285957	30.6233	7.82692	31.1526
0.143166	29.9886	7.75054	31.2038
-0.0322041	29.3591	7.6554	31.2556
-0.153411	28.6876	7.53359	31.3093
-0.265944	28.0379	7.40344	31.3602
-0.400097	27.3982	7.2691	31.4108
-0.515051	26.7055	7.12416	31.4634
-0.654473	26.0125	6.97776	31.5159
-0.735005	25.2993	6.82354	31.5684
-0.806295	24.6127	6.68473	31.6187
-0.863481	23.8938	6.5464	31.6707
-0.902292	23.192	6.41671	31.7214
-0.925743	22.4464	6.28195	31.7752
-0.933198	21.691	6.14512	31.8296
-0.917055	20.9879	6.0278	31.88
-0.875367	20.2948	5.92364	31.9303
-0.786406	19.561	5.82892	31.9843
-0.689037	18.8521	5.75543	32.0366
-0.579706	18.1471	5.70643	32.089
-0.442199	17.4814	5.65772	32.14
-0.305539	16.8303	5.60836	32.1907
-0.159615	16.1574	5.54663	32.2437
0.0354269	15.513	5.47432	32.2967
0.167331	14.8691	5.38723	32.3484
0.276885	14.1815	5.27424	32.4031
0.431023	13.5174	5.15051	32.4564
0.534883	12.8205	5.00606	32.5103
0.657896	12.1012	4.85922	32.5642
0.749143	11.3965	4.71453	32.6155
0.819517	10.6921	4.57173	32.6663
0.882297	9.95523	4.42334	32.7188
0.933893	9.18949	4.2806	32.7738
0.972232	8.47609	4.14887	32.8248
1.00369	7.7296	4.00952	32.8789
1.01388	7.02387	3.88144	32.93
1.00978	6.32937	3.75813	32.9806
0.985571	5.58209	3.63134	33.0345
0.931464	4.86935	3.51801	33.0866
0.869323	4.17775	3.41856	33.1376
0.790882	3.4528	3.33316	33.1912
0.684453	2.76964	3.26359	33.2419
0.528341	2.0577	3.199	33.2959
0.385865	1.3815	3.14569	33.3485
0.243875	0.717074	3.10122	33.3999
0.0999674	0.05139	3.03217	33.4524
-0.100919	-0.621569	2.94859	33.507
-0.24998	-1.26222	2.85309	33.5586
-0.389603	-1.88549	2.74575	33.6089
-0.513174	-2.54908	2.61531	33.6609
-0.674098	-3.24194	2.4778	33.7156
-0.799329	-3.94288	2.33488	33.7688
-0.902833	-4.60997	2.18794	33.8193
-0.993053	-5.30556	2.04322	33.8709
-1.08375	-6.04184	1.89448	33.9254
-1.13374	-6.73108	1.75982	33.9756
-1.1649	-7.42231	1.63189	34.0258
-1.17933	-8.1623	1.49883	34.0793
-1.17464	-8.89694	1.37412	34.1326
-1.13896	-9.64318	1.2563	34.187
-1.09377	-10.3875	1.1508	34.2415
-0.997747	-11.1091	1.05654	34.2954
-0.898014	-11.7976	0.97753	34.3466
-0.782491	-12.4679	0.909649	34.3973
-0.66201	-13.1218	0.849114	34.4477
-0.532011	-13.8199	0.792459	34.5029
-0.375926	-14.4338	0.736919	34.5536
-0.171704	-15.0329	0.674447	34.6048
-0.0175506	-15.6683	0.59072	34.6586
0.113789	-16.3294	0.485748	34.7132
0.316893	-16.9428	0.370404	34.7661
0.448281	-17.6193	0.226469	34.8201
0.578829	-18.3049	0.0800711	34.8733
0.68488	-18.9912	-0.0687716	34.9248
0.786787	-19.6845	-0.216038	34.9755
0.8852	-20.3896	-0.359474	35.0266
0.943622	-21.1482	-0.507887	35.0811
0.980172	-21.8874	-0.639041	35.1343
0.998696	-22.6579	-0.767617	35.1894
0.99153	-23.3676	-0.878016	35.2408
0.957839	-24.1172	-0.989215	35.2954
0.9143	-24.8247	-1.08737	35.3469
0.847455	-25.539	-1.1796	35.3994
0.784029	-26.2354	-1.25706	35.4514
0.691291	-26.9351	-1.33306	35.504
0.557226	-27.6452	-1.40544	35.5582
0.437228	-28.2982	-1.46648	35.6084
0.317973	-28.9502	-1.52386	35.6602
0.180061	-29.617	-1.60452	35.7136
0.022286	-30.3253	-1.70761	35.77
-0.094633	-30.999	-1.82169	35.8231
-0.215778	-31.6392	-1.94339	35.8739
-0.37564	-32.3216	-2.07843	35.928
-0.494169	-32.9849	-2.2137	35.9791
-0.590499	-33.7081	-2.36645	36.0338
-0.705139	-34.4058	-2.50759	36.0866
-0.784548	-35.0926	-2.64558	36.1372
-0.844888	-35.8057	-2.78382	36.189
-0.899418	-36.54	-2.92201	36.2425
-0.928712	-37.2996	-3.05509	36.2976
-0.940572	-38.0563	-3.18388	36.3527
-0.917876	-38.776	-3.29807	36.4053
-0.876609	-39.4873	-3.40469	36.4575
-0.824059	-40.2067	-3.49599	36.5107
-0.754009	-40.9327	-3.57955	36.5647
-0.6359	-41.6408	-3.64981	36.6186
-0.526687	-42.3578	-3.70551	36.6742
-0.38544	-43.0387	-3.76381	36.7281
-0.271342	-43.6834	-3.82091	36.7793
-0.180791	-44.3598	-3.8899	36.8332
-0.00919405	-45.033	-3.98187	36.8884
0.0991828	-45.7009	-4.09059	36.9407
0.205803	-46.3835	-4.21362	36.9939
0.3498	-47.0499	-4.34064	37.046
0.457547	-47.7221	-4.47241	37.0969
0.545225	-48.443	-4.61892	37.1504
0.627372	-49.1562	-4.75657	37.2027
0.7183	-49.8839	-4.89334	37.2559
0.789049	-50.6482	-5.03404	37.3111
0.834147	-51.413	-5.1664	37.366
0.876603	-52.1325	-5.28873	37.4182
0.905119	-52.8711	-5.41496	37.4713
0.918263	-53.6247	-5.54246	37.5257
0.913079	-54.3226	-5.65989	37.5764
0.88972	-55.06	-5.78146	37.6304
0.850496	-55.7628	-5.89309	37.6816
0.794097	-56.4865	-6.00189	37.7345
0.699622	-57.1952	-6.10166	37.7868
0.612107	-57.9189	-6.1952	37.8402
0.505083	-58.6352	-6.27198	37.8935
0.364377	-59.3487	-6.34788	37.9473
0.246274	-60.0077	-6.41536	37.998
0.120777	-60.7344	-6.49774	38.0543
-0.0434139	-61.4507	-6.59949	38.1107
-0.156222	-62.1072	-6.70805	38.1621
-0.328579	-62.7949	-6.83262	38.218
-0.446	-63.4781	-6.96934	38.2725
-0.568249	-64.1301	-7.10003	38.3235
-0.700268	-64.8067	-7.23557	38.3764
-0.786848	-65.4748	-7.37114	38.4267
-0.858979	-66.2025	-7.51952	38.481
-0.913394	-66.8851	-7.64963	38.531
-0.953367	-67.6162	-7.78213	38.5848
-0.980027	-68.3614	-7.91115	38.6389
-0.985095	-69.1138	-8.03585	38.6933
-0.971953	-69.8172	-8.14134	38.7449
-0.917702	-70.5211	-8.23766	38.7966
-0.86239	-71.2574	-8.32651	38.8509
-0.773843	-71.9755	-8.40777	38.9045
-0.649188	-72.6447	-8.4746	38.9562
-0.561459	-73.3591	-8.53482	39.0109
-0.445391	-74.0598	-8.60065	39.0661
-0.278871	-74.7246	-8.66542	39.1206
-0.163998	-75.3639	-8.73281	39.1737
0.00720139	-75.9898	-8.82346	39.2255
0.132376	-76.5983	-8.92955	39.2757
0.313194	-77.25	-9.05811	39.3291
0.423408	-77.9169	-9.20756	39.3812
0.557555	-78.5688	-9.3543	39.4318
0.673348	-79.2828	-9.51164	39.4853
0.799176	-79.9818	-9.66414	39.5373
0.886925	-80.7061	-9.81582	39.5903
0.969134	-81.4387	-9.97154	39.6434
1.032	-82.1949	-10.1189	39.6976
1.06407	-82.9192	-10.2574	39.7496
1.08389	-83.651	-10.395	39.8022
1.07103	-84.3871	-10.5198	39.8553
1.03991	-85.0766	-10.6247	39.9053
0.968352	-85.8136	-10.7226	39.9592
0.887131	-86.5689	-10.8004	40.0147
0.754258	-87.2589	-10.8605	40.0663
0.621273	-87.9406	-10.9131	40.1179
0.498524	-88.651	-10.9603	40.1721
0.388554	-89.3696	-11.0269	40.2269
0.215188	-90.0161	-11.0948	40.2782
0.0762684	-90.6518	-11.1765	40.3295
-0.0604883	-91.3136	-11.2814	40.3826
-0.190565	-91.9661	-11.3988	40.4331
-0.313386	-92.6494	-11.5318	40.4855
-0.46744	-93.3498	-11.6755	40.5393
-0.585792	-94.0616	-11.8356	40.5934
-0.685808	-94.7505	-11.984	40.644
-0.788823	-95.4914	-12.1403	40.6985
-0.856804	-96.2591	-12.3037	40.7541
-0.90275	-97.0037	-12.4496	40.8084
-0.920231	-97.6958	-12.5814	40.8585
-0.920958	-98.4271	-12.7144	40.9118
-0.891266	-99.1796	-12.8364	40.9666
-0.82636	-99.9075	-12.9411	41.0198
-0.75026	-100.603	-13.0229	41.0714
-0.647586	-101.298	-13.0994	41.1234
-0.509982	-102.015	-13.171	41.1776
-0.393398	-102.741	-13.2294	41.2326
-0.255257	-103.397	-13.284	41.2841
-0.11076	-104.049	-13.34	41.3354
0.083802	-104.712	-13.406	41.3897
0.230881	-105.343	-13.4746	41.4413
0.376427	-105.996	-13.5687	41.4947
0.588976	-106.654	-13.6748	41.5499
0.711852	-107.359	-13.8041	41.6053
0.871636	-108.008	-13.9299	41.6568
0.979255	-108.679	-14.0633	41.708
1.07953	-109.368	-14.2013	41.7598
1.16425	-110.057	-14.3424	41.8118
1.24239	-110.79	-14.4784	41.866
1.30697	-111.518	-14.6063	41.9194
1.34973	-112.243	-14.7298	41.9723
1.37771	-112.967	-14.8476	42.0253
1.38723	-113.676	-14.9625	42.0775
1.38773	-114.37	-15.0747	42.1284
1.3697	-115.063	-15.1868	42.179
1.34143	-115.747	-15.2968	42.2292
1.30454	-116.485	-15.4134	42.2838
1.24168	-117.19	-15.5207	42.3359
1.15097	-117.935	-15.6309	42.3917
1.0708	-118.612	-15.7228	42.4428
0.967311	-119.289	-15.8107	42.4942
0.815749	-119.99	-15.8953	42.5481
0.697457	-120.73	-15.973	42.6042
0.551914	-121.387	-16.0406	42.6553
0.372461	-122.052	-16.1196	42.7075
0.208373	-122.765	-16.22	42.7629
0.0425697	-123.419	-16.3315	42.8144
-0.116003	-124.108	-16.4636	42.8674
-0.292909	-124.786	-16.6012	42.9207
-0.412403	-125.467	-16.7508	42.9722
-0.524056	-126.181	-16.895	43.0257
-0.617025	-126.859	-17.03	43.0759
-0.703322	-127.615	-17.1747	43.1314
-0.742696	-128.318	-17.3095	43.1823
-0.76766	-129.071	-17.4415	43.2369
-0.772931	-129.827	-17.5681	43.2918
-0.77159	-130.565	-17.689	43.3455
-0.735272	-131.273	-17.7942	43.3975
-0.698649	-131.973	-17.8862	43.4494
-0.648226	-132.685	-17.9654	43.5027
-0.570398	-133.387	-18.0407	43.556
-0.459089	-134.053	-18.1048	43.6078
-0.352143	-134.706	-18.1631	43.6585
-0.239879	-135.372	-18.2235	43.7115
-0.143836	-136.008	-18.2796	43.7625
-0.0226802	-136.678	-18.3649	43.8162
0.143365	-137.369	-18.47	43.872
0.257588	-138.061	-18.5973	43.9257
0.41112	-138.721	-18.7299	43.9787
0.513424	-139.387	-18.8707	44.0302
0.61131	-140.069	-19.0183	44.0821
0.681137	-140.796	-19.1818	44.1357
0.76874	-141.508	-19.3297	44.1885
0.813714	-142.238	-19.4698	44.2417
0.833461	-142.964	-19.5993	44.2944
0.827761	-143.722	-19.7193	44.3493
0.797964	-144.444	-19.8261	44.4021
0.748912	-145.15	-19.9177	44.4543
0.658876	-145.866	-20.0017	44.5075
0.572526	-146.55	-20.0707	44.5584
0.474923	-147.211	-20.131	44.6086
0.363699	-147.917	-20.1924	44.6636
0.238645	-148.577	-20.2613	44.716
0.0716745	-149.231	-20.3427	44.7688
-0.057369	-149.872	-20.4401	44.8205
-0.178649	-150.525	-20.5559	44.8722
-0.273841	-151.246	-20.6997	44.9277
-0.418526	-151.954	-20.8439	44.9821
-0.507001	-152.662	-20.9988	45.0351
-0.616127	-153.398	-21.151	45.0896
-0.690211	-154.085	-21.2931	45.1401
-0.741403	-154.85	-21.4504	45.1958
-0.789413	-155.61	-21.5957	45.2507
-0.80475	-156.377	-21.7395	45.3058
-0.8052	-157.125	-21.8698	45.3601
-0.789104	-157.824	-21.9818	45.4109
-0.755793	-158.579	-22.0865	45.4661
-0.672723	-159.315	-22.1738	45.5208
-0.593403	-160.026	-22.2361	45.5747
-0.484279	-160.694	-22.2928	45.626
-0.367003	-161.328	-22.3418	45.676
-0.211564	-161.993	-22.3962	45.7299
-0.107645	-162.647	-22.4477	45.7835
0.0155482	-163.297	-22.5238	45.8368
0.162875	-163.929	-22.6144	45.888
0.273731	-164.583	-22.7299	45.9405
0.388449	-165.259	-22.8702	45.9944
0.529324	-165.945	-23.0156	46.0479
0.624652	-166.639	-23.1664	46.1
0.695939	-167.357	-23.3237	46.1533
0.76636	-168.085	-23.469	46.2069
0.84049	-168.833	-23.6094	46.2614
0.875863	-169.536	-23.7407	46.3128
0.892683	-170.24	-23.8643	46.3639
0.893101	-170.955	-23.9852	46.4161
0.856365	-171.678	-24.1002	46.4692
0.815223	-172.395	-24.204	46.5216
0.749333	-173.115	-24.2901	46.5747
0.64007	-173.833	-24.3675	46.6284
0.545963	-174.569	-24.43	46.6837
0.421626	-175.241	-24.488	46.7359
0.247537	-175.936	-24.5516	46.7909
0.128156	-176.607	-24.6181	46.8447
-0.044878	-177.259	-24.7077	46.898
-0.182838	-177.906	-24.8132	46.9507
-0.302911	-178.534	-24.9304	47.0009
-0.428582	-179.248	-25.0737	47.0568
-0.567365	-179.924	-25.2104	47.1089
-0.68641	-180.599	-25.3481	47.1603
-0.783528	-181.315	-25.4962	47.2137
-0.878498	-181.991	-25.6292	47.2638
-0.961306	-182.722	-25.7664	47.3175
-1.03454	-183.435	-25.8962	47.3696
-1.0733	-184.168	-26.0253	47.4226
-1.09812	-184.925	-26.1543	47.4772
-1.11094	-185.667	-26.2781	47.5311
-1.10666	-186.38	-26.3962	47.5827
-1.0996	-187.118	-26.5154	47.6363
-1.07396	-187.804	-26.6239	47.6865
-1.03534	-188.489	-26.7289	47.7368
-0.98576	-189.181	-26.8267	47.7881
-0.898655	-189.875	-26.9159	47.84
-0.793511	-190.563	-26.9919	47.8931
-0.670954	-191.202	-27.0494	47.9431
-0.558063	-191.843	-27.0953	47.9942
-0.431915	-192.514	-27.1616	48.0483
-0.234661	-193.173	-27.24	48.1036
-0.100217	-193.789	-27.3291	48.1553
0.0731223	-194.456	-27.4457	48.2098
0.192479	-195.116	-27.5732	48.2622
0.31251	-195.785	-27.7162	48.3144
0.422508	-196.458	-27.8572	48.3651
0.532198	-197.126	-27.9953	48.4153
0.637088	-197.882	-28.1418	48.4711
0.696789	-198.592	-28.2763	48.5234
0.748018	-199.292	-28.4068	48.5743
0.776069	-200.011	-28.5333	48.6267
0.792938	-200.709	-28.6532	48.6778
0.783408	-201.405	-28.7677	48.7287
0.760386	-202.145	-28.8812	48.7826
0.716584	-202.865	-28.978	48.8355
0.641882	-203.535	-29.0583	48.8857
0.531591	-204.264	-29.1381	48.9404
0.429211	-204.957	-29.2042	48.9923
0.329263	-205.665	-29.2611	49.0462
0.156623	-206.324	-29.3236	49.0994
0.0270782	-206.995	-29.3956	49.1517
-0.120509	-207.625	-29.4753	49.2023
-0.227701	-208.271	-29.5756	49.2543
-0.355066	-208.895	-29.6887	49.3045
-0.462037	-209.552	-29.8176	49.3556
-0.572647	-210.216	-29.9515	49.4071
-0.717197	-210.936	-30.095	49.4622
-0.793242	-211.655	-30.2426	49.5153
-0.890771	-212.4	-30.3843	49.57
-0.942151	-213.165	-30.5299	49.6257
-0.990015	-213.862	-30.6574	49.6764
-1.0316	-214.627	-30.792	49.7314
-1.0459	-215.355	-30.918	49.7837
-1.05163	-216.096	-31.0462	49.8374
-1.03033	-216.824	-31.1639	49.8906
-0.99995	-217.524	-31.2727	49.9417
-0.952748	-218.271	-31.3777	49.9969
-0.853906	-218.999	-31.4705	50.0514
-0.76704	-219.69	-31.547	50.1031
-0.668397	-220.417	-31.6131	50.1578
-0.524141	-221.096	-31.6764	50.2108
-0.384196	-221.725	-31.7331	50.2615
-0.271024	-222.429	-31.8014	50.3167
-0.0970726	-223.086	-31.8862	50.3714
0.0405291	-223.72	-31.9814	50.4226
0.177198	-224.349	-32.0948	50.4734
0.29925	-225.016	-32.2316	50.5265
0.414488	-225.679	-32.3699	50.5769
0.514304	-226.37	-32.5145	50.629
0.602358	-227.053	-32.6565	50.6793
0.691008	-227.799	-32.8066	50.7339
0.740484	-228.542	-32.9548	50.7876
0.784849	-229.27	-33.0884	50.8403
0.807279	-229.965	-33.2111	50.8903
0.815039	-230.704	-33.3354	50.9439
0.808745	-231.401	-33.4501	50.9948
0.779944	-232.099	-33.5572	51.046
0.737546	-232.825	-33.6597	51.0993
0.65522	-233.564	-33.7565	51.1542
0.571995	-234.222	-33.8259	51.2046
0.485302	-234.892	-33.8945	51.2549
0.386804	-235.621	-33.9668	51.3102
0.234169	-236.305	-34.0235	51.3646
0.114858	-236.968	-34.0939	51.4176
-0.00535626	-237.606	-34.1753	51.4683
-0.169136	-238.287	-34.2776	51.5233
-0.29055	-238.917	-34.3882	51.5755
-0.410859	-239.557	-34.5089	51.6267
-0.520001	-240.198	-34.6327	51.6773
-0.645164	-240.883	-34.7658	51.7302
-0.726654	-241.555	-34.8978	51.7812
-0.803174	-242.288	-35.044	51.8357
-0.881613	-243.033	-35.185	51.89
-0.95	-243.793	-35.3287	51.9449
-0.993039	-244.502	-35.4547	51.9961
-1.02061	-245.221	-35.5773	52.048
-1.03006	-245.974	-35.7024	52.1021
-1.0314	-246.709	-35.8185	52.1558
-1.00994	-247.434	-35.9271	52.2087
-0.945701	-248.169	-36.0285	52.2632
-0.895887	-248.93	-36.1211	52.3194
-0.808994	-249.666	-36.2012	52.3749
-0.71012	-250.359	-36.2747	52.4275
-0.620591	-251.052	-36.3438	52.4803
-0.462078	-251.73	-36.4096	52.5338
-0.347278	-252.363	-36.4714	52.584
-0.232463	-253.042	-36.5482	52.6375
-0.0904573	-253.693	-36.6433	52.689
0.0704373	-254.332	-36.7509	52.7397
0.245958	-255.021	-36.8781	52.7936
0.36457	-255.714	-37.022	52.8469
0.498556	-256.399	-37.1626	52.8983
0.640826	-257.088	-37.3071	52.9506
0.727324	-257.828	-37.4599	53.0048
0.812269	-258.563	-37.6157	53.0584
0.899076	-259.316	-37.7622	53.1131
0.949475	-260.045	-37.9032	53.1659
0.985661	-260.788	-38.0351	53.2196
1.0061	-261.511	-38.1588	53.2719
1.00506	-262.216	-38.2749	53.3231
0.987279	-262.914	-38.3868	53.3741
0.954532	-263.649	-38.4978	53.4277
0.885559	-264.384	-38.6005	53.4816
0.809107	-265.081	-38.6882	53.5334
0.717582	-265.81	-38.7657	53.5879
0.596977	-266.476	-38.8347	53.6386
0.438541	-267.156	-38.9055	53.6923
0.327938	-267.831	-38.9786	53.7452
0.220985	-268.474	-39.0489	53.7964
0.0914127	-269.14	-39.1412	53.8507
-0.0529062	-269.801	-39.2461	53.9056
-0.159198	-270.435	-39.3611	53.9563
-0.305764	-271.118	-39.4902	54.0116
-0.427659	-271.785	-39.6197	54.0645
-0.515938	-272.443	-39.7492	54.1152
-0.591439	-273.145	-39.8904	54.1679
-0.68001	-273.87	-40.0294	54.2216
-0.768205	-274.626	-40.1759	54.2763
-0.827656	-275.337	-40.3076	54.3276
-0.877836	-276.075	-40.4412	54.3803
-0.909919	-276.818	-40.5739	54.4335
-0.933211	-277.571	-40.7036	54.4879
-0.913346	-278.291	-40.8175	54.5408
-0.881884	-278.975	-40.9131	54.5908
-0.821722	-279.667	-40.9969	54.6418
-0.751411	-280.408	-41.0698	54.6973
-0.661194	-281.12	-41.1379	54.751
-0.53032	-281.808	-41.1985	54.804
-0.425475	-282.476	-41.2474	54.8562
-0.304999	-283.166	-41.3163	54.9108
-0.14262	-283.874	-41.3973	54.967
-0.025304	-284.547	-41.4939	55.0195
0.122463	-285.222	-41.6043	55.0721
0.241898	-285.89	-41.7265	55.1245
0.354248	-286.585	-41.8669	55.1778
0.483591	-287.321	-42.017	55.233
0.577284	-288.014	-42.1654	55.2849
0.651638	-288.757	-42.3296	55.3392
0.733005	-289.49	-42.4791	55.3927
0.778932	-290.23	-42.6294	55.4464
0.811427	-290.964	-42.7659	55.4995
0.823388	-291.712	-42.8975	55.5537
0.813155	-292.402	-43.014	55.6042
0.783606	-293.084	-43.1218	55.6542
0.730661	-293.821	-43.223	55.7088
0.638857	-294.513	-43.3055	55.7607
0.551282	-295.217	-43.3811	55.8136
0.45133	-295.943	-43.4472	55.8693
0.322023	-296.612	-43.514	55.9216
0.21276	-297.264	-43.584	55.9724
0.0880193	-297.934	-43.6678	56.0262
-0.0341795	-298.58	-43.7596	56.0794
-0.160845	-299.225	-43.8651	56.1312
-0.332919	-299.893	-43.9858	56.185
-0.438427	-300.544	-44.1105	56.2362
-0.528136	-301.193	-44.2443	56.2866
-0.614665	-301.859	-44.377	56.3372
-0.700461	-302.55	-44.5135	56.389
-0.770804	-303.227	-44.6468	56.4395
-0.832447	-303.924	-44.7801	56.4907
-0.86619	-304.644	-44.9123	56.543
-0.887591	-305.412	-45.0486	56.5983
-0.891053	-306.138	-45.1706	56.6504
-0.864537	-306.863	-45.2859	56.7027
-0.827537	-307.573	-45.3918	56.7544
-0.785535	-308.311	-45.4916	56.8088
-0.6925	-309.03	-45.5812	56.8629
-0.617405	-309.758	-45.6577	56.9183
-0.502921	-310.411	-45.72	56.9693
-0.343599	-311.086	-45.7811	57.0238
-0.23213	-311.742	-45.8295	57.0764
-0.108917	-312.369	-45.8903	57.1273
0.0595624	-313.005	-45.9663	57.179
0.187468	-313.628	-46.0599	57.229
0.332771	-314.265	-46.1719	57.2801
0.52729	-314.967	-46.3052	57.3353
0.647908	-315.632	-46.4397	57.386
0.763657	-316.326	-46.588	57.4388
0.861453	-317.028	-46.7286	57.4913
0.9577	-317.751	-46.8689	57.5446
1.01589	-318.483	-47.0077	57.5982
1.07716	-319.233	-47.1386	57.653
1.10258	-319.973	-47.2656	57.7068
1.11594	-320.706	-47.3857	57.7602
1.10876	-321.412	-47.4987	57.8123
1.09173	-322.134	-47.6124	57.8655
1.06644	-322.846	-47.7237	57.9179
1.0029	-323.576	-47.8347	57.9723
0.933455	-324.249	-47.932	58.0229
0.848711	-324.945	-48.0274	58.0754
0.760899	-325.626	-48.1097	58.1276
0.645442	-326.282	-48.1855	58.1789
0.467342	-326.971	-48.2633	58.234
0.349392	-327.621	-48.3332	58.2868
0.2233	-328.241	-48.4142	58.3372
0.0740686	-328.859	-48.5066	58.3889
-0.102612	-329.511	-48.6152	58.4431
-0.238158	-330.181	-48.7366	58.4956
-0.347828	-330.845	-48.8668	58.5476
-0.46798	-331.498	-48.9946	58.5983
-0.601485	-332.221	-49.1332	58.6535
-0.683303	-332.91	-49.2656	58.7045
-0.761569	-333.616	-49.3981	58.7563
-0.8311	-334.366	-49.5375	58.8112
-0.885574	-335.092	-49.6645	58.8634
-0.915986	-335.829	-49.7904	58.9167
-0.936974	-336.553	-49.9148	58.9689
-0.937066	-337.284	-50.0325	59.0221
-0.91857	-337.994	-50.1445	59.0735
-0.889776	-338.746	-50.2563	59.1285
-0.833684	-339.465	-50.3571	59.1818
-0.747173	-340.203	-50.4486	59.2371
-0.668336	-340.888	-50.527	59.2885
-0.573403	-341.547	-50.5958	59.3387
-0.418066	-342.261	-50.6706	59.3944
-0.288737	-342.895	-50.7356	59.4447
-0.177567	-343.635	-50.8198	59.5017
-0.0242726	-344.294	-50.9096	59.5537
0.115367	-344.981	-51.0183	59.6081
0.252039	-345.65	-51.1364	59.6594
0.37799	-346.296	-51.2621	59.7098
0.535975	-347.006	-51.4049	59.7646
0.641073	-347.694	-51.5486	59.8166
0.727197	-348.428	-51.7045	59.8708
0.811918	-349.159	-51.8485	59.9244
0.866885	-349.897	-51.9917	59.9782
0.903663	-350.636	-52.122	60.032
0.920404	-351.34	-52.2385	60.0831
0.907489	-352.044	-52.3483	60.1346
0.877296	-352.788	-52.4548	60.1891
0.813441	-353.506	-52.5509	60.2423
0.743696	-354.184	-52.6338	60.2929
0.653783	-354.848	-52.7096	60.3432
0.549012	-355.512	-52.7806	60.3944
0.422097	-356.178	-52.8486	60.4474
0.335473	-356.844	-52.9094	60.4998
0.227688	-357.485	-52.9783	60.5515
0.0765384	-358.151	-53.0637	60.6056
-0.0295743	-358.817	-53.1642	60.6589
-0.174423	-359.483	-53.2817	60.7124
-0.285928	-360.166	-53.4116	60.7661
-0.393533	-360.847	-53.5542	60.8184
-0.494587	-361.515	-53.6898	60.8696
-0.575757	-362.18	-53.8229	60.9198
-0.652002	-362.861	-53.9546	60.9705
-0.720892	-363.563	-54.0864	61.0223
-0.787666	-364.257	-54.2141	61.0734
-0.826424	-365.007	-54.3489	61.1279
-0.850317	-365.737	-54.4753	61.1808
-0.854299	-366.474	-54.5991	61.2343
-0.841772	-367.172	-54.7109	61.2852
-0.809903	-367.871	-54.8157	61.3366
-0.756911	-368.584	-54.9062	61.3892
-0.666174	-369.308	-54.9918	61.4437
-0.581562	-370.022	-55.0627	61.4977
-0.484003	-370.716	-55.1349	61.551
-0.330808	-371.426	-55.2112	61.6067
-0.232548	-372.106	-55.283	61.6596
-0.0710919	-372.785	-55.3709	61.7145
0.0162684	-373.493	-55.4762	61.7692
0.13474	-374.146	-55.5869	61.8205
0.249786	-374.82	-55.7112	61.8727
0.379663	-375.487	-55.841	61.924
0.470176	-376.207	-55.9806	61.9776
0.527602	-376.922	-56.1253	62.03
0.612718	-377.659	-56.2653	62.0844
0.66213	-378.38	-56.3995	62.1371
0.702769	-379.12	-56.5348	62.1907
0.732052	-379.876	-56.665	62.2454
0.746541	-380.609	-56.7895	62.2985
0.739778	-381.379	-56.9143	62.3543
0.699812	-382.074	-57.023	62.4048
0.65954	-382.787	-57.1264	62.4574
0.600044	-383.516	-57.217	62.5115
0.488261	-384.24	-57.3004	62.5661
0.393973	-384.918	-57.3625	62.6185
0.286154	-385.576	-57.4281	62.6699
0.130814	-386.254	-57.5038	62.7247
0.0142441	-386.928	-57.589	62.7787
-0.152875	-387.616	-57.6929	62.834
-0.271427	-388.279	-57.8058	62.8864
-0.359354	-388.951	-57.9326	62.9386
-0.504443	-389.645	-58.0651	62.9928
-0.593853	-390.335	-58.1995	63.0452
-0.671903	-391.011	-58.3308	63.0962
-0.735688	-391.759	-58.475	63.1513
-0.798018	-392.436	-58.5999	63.2016
-0.857539	-393.179	-58.7303	63.2563
-0.895982	-393.863	-58.848	63.3065
-0.921702	-394.562	-58.969	63.3577
-0.947125	-395.263	-59.0921	63.4091
-0.942447	-396.011	-59.2174	63.4642
-0.924872	-396.724	-59.3327	63.5164
-0.896191	-397.46	-59.442	63.5707
-0.834336	-398.14	-59.5334	63.6215
-0.760721	-398.81	-59.6129	63.672
-0.634712	-399.484	-59.6839	63.724
-0.525795	-400.123	-59.7448	63.7741
-0.420594	-400.808	-59.8043	63.8287
-0.295917	-401.455	-59.8717	63.8818
-0.131487	-402.122	-59.9545	63.9368
-0.0211931	-402.786	-60.0489	63.9899
0.0985728	-403.446	-60.1598	64.0413
0.256027	-404.142	-60.2863	64.0954
0.354919	-404.824	-60.4176	64.147
0.447118	-405.548	-60.5646	64.2008
0.5502	-406.299	-60.7111	64.2565
0.622542	-407.062	-60.8628	64.3117
0.694705	-407.822	-61.0065	64.3669
0.742557	-408.552	-61.1455	64.4196
0.777281	-409.286	-61.2786	64.4727
0.794839	-410.031	-61.4133	64.5267
0.804347	-410.761	-61.5445	64.5798
0.77601	-411.503	-61.6662	64.6339
0.725816	-412.195	-61.7685	64.6846
0.646552	-412.893	-61.8598	64.7363
0.56516	-413.594	-61.9329	64.7895
0.46898	-414.292	-62.0033	64.8426
0.368537	-414.962	-62.0657	64.8938
0.213407	-415.62	-62.1273	64.9465
0.0749208	-416.258	-62.193	64.9986
-0.032997	-416.92	-62.2706	65.0515
-0.210214	-417.561	-62.3662	65.1044
-0.328512	-418.205	-62.4751	65.1555
-0.445921	-418.841	-62.5926	65.2056
-0.545448	-419.546	-62.7337	65.2593
-0.654333	-420.241	-62.8713	65.312
-0.762196	-420.924	-63.0065	65.3639
-0.868323	-421.595	-63.1361	65.4146
-0.92823	-422.316	-63.2695	65.4678
-0.981736	-422.995	-63.3932	65.518
-1.02449	-423.728	-63.524	65.5718
-1.05618	-424.472	-63.6503	65.6263
-1.06734	-425.168	-63.7693	65.6772
-1.06452	-425.86	-63.8853	65.728
-1.04803	-426.541	-63.995	65.778
-1.01647	-427.259	-64.1062	65.8303
-0.958575	-427.979	-64.2116	65.8832
-0.894696	-428.662	-64.3048	65.9342
-0.794597	-429.329	-64.3876	65.9847
-0.715244	-430.013	-64.467	66.0366
-0.621358	-430.717	-64.5392	66.0913
-0.477834	-431.38	-64.6126	66.1447
-0.385974	-432.07	-64.6913	66.1995
-0.282834	-432.732	-64.7795	66.2524
-0.164094	-433.366	-64.8745	66.3028
-0.02436	-434.036	-64.9842	66.3559
0.0713965	-434.74	-65.1056	66.4087
0.173613	-435.421	-65.2319	66.4602
0.271836	-436.144	-65.3638	66.5136
0.388288	-436.891	-65.5003	66.5692
0.475659	-437.609	-65.6364	66.6218
0.550846	-438.331	-65.7684	66.6746
0.623469	-439.051	-65.8966	66.7271
0.664334	-439.757	-66.0197	66.7787
0.691143	-440.515	-66.1459	66.8335
0.694085	-441.274	-66.264	66.8886
0.68171	-441.982	-66.3669	66.9403
0.648892	-442.696	-66.4675	66.9922
0.603166	-443.423	-66.5687	67.0445
0.529608	-444.144	-66.6694	67.0967
0.474348	-444.912	-66.7807	67.1522
0.40504	-445.599	-66.888	67.2023
0.303987	-446.33	-67.0058	67.2562
0.226923	-447.043	-67.1229	67.3092
0.161598	-447.736	-67.2421	67.3601
0.0959947	-448.467	-67.3697	67.4138
-0.00312562	-449.18	-67.4963	67.4667
-0.0645856	-449.91	-67.6287	67.5202
-0.124607	-450.62	-67.7552	67.5723
-0.187293	-451.371	-67.8885	67.6269
-0.224471	-452.102	-68.0217	67.6798
-0.260354	-452.881	-68.1585	67.7356
-0.289257	-453.582	-68.2799	67.7857
-0.303059	-454.294	-68.3995	67.8367
-0.305126	-455.007	-68.5163	67.8877
