x	y	z	t
0.510908	449.518	73.3841	0.0520934
0.510118	448.631	73.2407	0.108536
0.510276	447.768	73.1003	0.163499
0.513124	446.888	72.956	0.219587
0.519902	446.097	72.8275	0.270323
0.530269	445.288	72.6975	0.322317
0.543288	444.483	72.5689	0.374187
0.564104	443.629	72.4316	0.428825
0.583015	442.842	72.3047	0.479335
0.60236	441.979	72.166	0.534294
0.627698	441.109	72.027	0.589799
0.650083	440.295	71.898	0.642116
0.68071	439.47	71.7672	0.69537
0.730768	438.656	71.6361	0.748395
0.758021	437.874	71.5102	0.799251
0.806615	437	71.371	0.856128
0.844853	436.2	71.2463	0.908172
0.8911	435.406	71.1273	0.959641
0.933472	434.596	71.0065	1.01209
0.970016	433.774	70.8835	1.06527
1.00398	432.964	70.7615	1.11725
1.02711	432.16	70.6374	1.16872
1.04573	431.369	70.5118	1.21916
1.05254	430.59	70.3845	1.26944
1.05367	429.805	70.2568	1.31951
1.05586	429.015	70.1313	1.36981
1.05614	428.224	70.008	1.42048
1.0542	427.359	69.873	1.47553
1.04795	426.451	69.7283	1.53327
1.04357	425.565	69.5854	1.5895
1.03331	424.749	69.4543	1.64145
1.00859	423.868	69.31	1.69741
0.983401	423.015	69.1664	1.75194
0.950771	422.236	69.0349	1.80217
0.907237	421.417	68.8991	1.85465
0.838879	420.581	68.767	1.90861
0.768864	419.766	68.6532	1.9618
0.676383	418.931	68.5437	2.01622
0.60915	418.036	68.4359	2.07456
0.539645	417.167	68.3317	2.13149
0.465273	416.34	68.2227	2.18583
0.369288	415.537	68.1107	2.23887
0.308447	414.784	68.0007	2.28915
0.230669	414.016	67.8786	2.33996
0.153918	413.223	67.7486	2.3922
0.0836403	412.451	67.6189	2.44323
0.00235093	411.565	67.4658	2.50141
-0.0579595	410.785	67.3301	2.55238
-0.115164	410.002	67.1937	2.60327
-0.165058	409.226	67.0588	2.65364
-0.202479	408.417	66.9182	2.70579
-0.229361	407.536	66.7638	2.76256
-0.234565	406.658	66.6137	2.81916
-0.222176	405.785	66.4655	2.87535
-0.181165	404.959	66.3309	2.92845
-0.133929	404.084	66.1959	2.98505
-0.0714098	403.315	66.0846	3.03508
0.0303524	402.531	65.9781	3.08656
0.107503	401.668	65.8724	3.14355
0.208655	400.908	65.7834	3.19432
0.321313	400.16	65.6907	3.24469
0.466406	399.354	65.5779	3.30036
0.589861	398.545	65.4451	3.35581
0.748183	397.725	65.2945	3.41281
0.909315	396.908	65.1387	3.46906
0.984856	396.151	64.9826	3.51972
1.07711	395.374	64.8271	3.57058
1.1283	394.58	64.6756	3.6221
1.16933	393.754	64.5271	3.6752
1.18727	392.945	64.393	3.72677
1.18104	392.143	64.2689	3.77795
1.16939	391.29	64.1481	3.83259
1.1268	390.502	64.0408	3.88329
1.07334	389.697	63.9346	3.93559
0.98615	388.883	63.8314	3.98878
0.90915	388.049	63.7366	4.04305
0.800054	387.235	63.6456	4.09659
0.620865	386.48	63.5628	4.14812
0.490837	385.719	63.4718	4.19983
0.372309	384.958	63.3642	4.25183
0.177191	384.143	63.2265	4.30895
0.0466665	383.403	63.0728	4.36003
-0.0792371	382.566	62.9003	4.41654
-0.232378	381.8	62.7339	4.46787
-0.330203	381.03	62.5696	4.51827
-0.405012	380.252	62.4141	4.56833
-0.46376	379.427	62.2573	4.62073
-0.497802	378.642	62.1196	4.67075
-0.514851	377.801	61.9803	4.72408
-0.513402	376.925	61.8402	4.78044
-0.489452	376.064	61.7132	4.83585
-0.428311	375.182	61.5997	4.89325
-0.358833	374.379	61.5064	4.94585
-0.250003	373.556	61.4294	5.0014
-0.152543	372.801	61.3622	5.05272
-0.0438209	372.03	61.2924	5.10561
0.084176	371.217	61.2027	5.16233
0.245251	370.411	61.0848	5.21851
0.33264	369.596	60.9382	5.27372
0.476725	368.77	60.7765	5.3297
0.558151	367.942	60.5979	5.38435
0.66415	367.1	60.4252	5.43912
0.722854	366.239	60.2483	5.49414
0.779115	365.362	60.0873	5.55004
0.806338	364.506	59.9361	5.60382
0.803432	363.652	59.7963	5.6578
0.787404	362.867	59.677	5.70806
0.721969	362.03	59.5688	5.76109
0.648126	361.155	59.4624	5.81719
0.521484	360.384	59.3717	5.86785
0.430288	359.512	59.2558	5.92483
0.272251	358.709	59.1355	5.97851
0.183442	357.873	59.0002	6.0353
0.0836912	357.118	58.8758	6.08648
-0.0750227	356.362	58.7465	6.13886
-0.152313	355.61	58.6147	6.18924
-0.218549	354.754	58.4608	6.24603
-0.299403	353.874	58.2998	6.30335
-0.372617	353.033	58.1497	6.35756
-0.421825	352.198	58.0011	6.4109
-0.461968	351.363	57.8569	6.4636
-0.482215	350.505	57.7148	6.51807
-0.486783	349.698	57.5867	6.56934
-0.467474	348.91	57.4693	6.61959
-0.44017	348.071	57.3523	6.67372
-0.367134	347.2	57.2375	6.73034
-0.305966	346.342	57.1386	6.78651
-0.210527	345.527	57.058	6.84061
-0.127756	344.701	56.966	6.89532
-0.0134871	343.833	56.8709	6.95369
0.0650501	343.079	56.7748	7.0042
0.201295	342.302	56.6623	7.05785
0.270362	341.477	56.5262	7.11372
0.363235	340.719	56.3883	7.16454
0.470976	339.912	56.2352	7.21825
0.542691	339.116	56.081	7.27018
0.594191	338.295	55.9175	7.32354
0.639319	337.478	55.7635	7.37688
0.674152	336.614	55.6057	7.43205
0.688758	335.749	55.4599	7.48729
0.681164	334.926	55.3255	7.53998
0.663873	334.042	55.188	7.59616
0.611944	333.158	55.059	7.65239
0.541826	332.358	54.9502	7.70402
0.46111	331.527	54.8439	7.75713
0.326913	330.742	54.7469	7.80829
0.232351	329.917	54.6485	7.86274
0.069456	329.069	54.5346	7.9199
-0.0462233	328.319	54.4281	7.97078
-0.139764	327.571	54.309	8.02184
-0.272581	326.814	54.1795	8.07395
-0.387178	326.032	54.038	8.12726
-0.505274	325.224	53.8805	8.18117
-0.588276	324.354	53.7158	8.23854
-0.675358	323.532	53.5541	8.29187
-0.734514	322.684	53.4003	8.34657
-0.778834	321.846	53.2544	8.40078
-0.796508	320.975	53.1096	8.4566
-0.793744	320.121	52.9769	8.51157
-0.766922	319.267	52.8509	8.5664
-0.723679	318.473	52.7411	8.61739
-0.635496	317.693	52.6417	8.66784
-0.564568	316.876	52.5541	8.7217
-0.461963	316.106	52.4689	8.77269
-0.359515	315.304	52.3818	8.82655
-0.207318	314.518	52.2945	8.88082
-0.119778	313.764	52.2072	8.93338
-0.00146063	313.015	52.0979	8.98479
0.146316	312.237	51.9634	9.03878
0.249095	311.478	51.8144	9.08962
0.339131	310.653	51.6339	9.14431
0.456343	309.811	51.4568	9.19953
0.530294	308.983	51.28	9.25318
0.607924	308.108	51.1128	9.30914
0.649408	307.261	50.9586	9.36305
0.676027	306.421	50.82	9.41651
0.685284	305.572	50.6868	9.47071
0.680485	304.738	50.5616	9.52371
0.655662	303.905	50.4397	9.5769
0.5988	303.073	50.3224	9.63084
0.531588	302.304	50.2229	9.68096
0.444024	301.53	50.1336	9.73159
0.34692	300.672	50.0447	9.78776
0.227171	299.824	49.9546	9.84452
0.0723185	299.028	49.8564	9.89865
-0.0177096	298.199	49.7428	9.95471
-0.136517	297.427	49.618	10.0076
-0.287681	296.68	49.4856	10.0602
-0.393796	295.918	49.3358	10.1125
-0.501215	295.116	49.179	10.1662
-0.626947	294.31	49.0184	10.2199
-0.700969	293.53	48.861	10.2713
-0.758794	292.746	48.7052	10.3221
-0.802111	291.88	48.5506	10.3777
-0.829472	291.045	48.4094	10.4315
-0.838189	290.164	48.273	10.4877
-0.813641	289.28	48.1483	10.5443
-0.764669	288.498	48.0441	10.5948
-0.671409	287.652	47.9378	10.6499
-0.601346	286.795	47.8521	10.7063
-0.455631	285.981	47.7682	10.7615
-0.366225	285.216	47.7009	10.8131
-0.259679	284.426	47.612	10.8673
-0.0904955	283.677	47.5139	10.9207
0.00196779	282.912	47.3897	10.9736
0.158795	282.104	47.2385	11.0291
0.249089	281.312	47.068	11.0827
0.387311	280.478	46.8957	11.1384
0.453614	279.702	46.7376	11.1892
0.547914	278.89	46.5754	11.2422
0.611779	278.056	46.4221	11.2958
0.66495	277.156	46.2631	11.3531
0.692538	276.326	46.1238	11.4062
0.699082	275.504	45.9907	11.4588
0.695377	274.66	45.8638	11.5128
0.661084	273.851	45.7516	11.5649
0.582744	273.005	45.6442	11.6195
0.498886	272.118	45.5463	11.6769
0.379534	271.275	45.4559	11.733
0.281102	270.452	45.3566	11.7874
0.173293	269.704	45.2597	11.8374
0.0240719	268.942	45.1492	11.8902
-0.0496648	268.13	45.0157	11.9453
-0.224526	267.31	44.8712	12.0023
-0.325416	266.534	44.7222	12.0548
-0.417572	265.737	44.5702	12.1082
-0.521436	264.937	44.4171	12.1607
-0.586245	264.117	44.2584	12.2138
-0.640996	263.335	44.1151	12.2642
-0.683296	262.448	43.9611	12.321
-0.701374	261.652	43.8263	12.3719
-0.70774	260.808	43.6857	12.4261
-0.675525	259.937	43.5525	12.482
-0.641007	259.065	43.4315	12.5378
-0.569734	258.209	43.3261	12.5933
-0.468414	257.353	43.2276	12.6493
-0.374079	256.557	43.1434	12.7019
-0.290508	255.714	43.0584	12.758
-0.162285	254.909	42.9724	12.8129
-0.0159201	254.086	42.8672	12.8692
0.0978532	253.317	42.7544	12.9215
0.185243	252.505	42.6158	12.9767
0.344305	251.718	42.4639	13.0308
0.44025	250.9	42.29	13.0856
0.572287	250.072	42.1191	13.1406
0.64506	249.22	41.9406	13.1961
0.717441	248.342	41.7732	13.2526
0.758108	247.515	41.6208	13.3056
0.783535	246.629	41.4711	13.3621
0.792263	245.821	41.3403	13.4137
0.777415	244.999	41.2161	13.4662
0.727956	244.163	41.0969	13.5198
0.676981	243.322	40.9879	13.574
0.602595	242.488	40.8851	13.6281
0.482002	241.623	40.7916	13.6847
0.380908	240.825	40.7059	13.7371
0.224057	240.048	40.6209	13.7899
0.119726	239.2	40.5191	13.8469
-0.0153597	238.382	40.4006	13.9029
-0.122448	237.625	40.2724	13.9553
-0.251965	236.888	40.1365	14.0067
-0.414055	236.069	39.9806	14.0629
-0.507753	235.24	39.8146	14.118
-0.604683	234.469	39.6639	14.1688
-0.684119	233.684	39.5131	14.2198
-0.760807	232.879	39.363	14.2716
-0.802756	231.992	39.2048	14.3285
-0.828513	231.195	39.0707	14.3795
-0.837516	230.353	38.9371	14.4336
-0.825223	229.522	38.8118	14.4871
-0.780562	228.658	38.6867	14.5429
-0.734794	227.81	38.5758	14.5978
-0.645222	226.952	38.4762	14.6537
-0.508763	226.081	38.3724	14.711
-0.401206	225.317	38.2912	14.7616
-0.315199	224.499	38.2058	14.8167
-0.192382	223.732	38.1135	14.8692
-0.0494222	222.956	38.006	14.9239
0.0560975	222.228	37.8845	14.9741
0.16839	221.463	37.7389	15.0269
0.322532	220.636	37.5621	15.0835
0.429394	219.845	37.3933	15.1362
0.558566	219.015	37.221	15.1911
0.642457	218.164	37.0481	15.2461
0.703847	217.346	36.8964	15.2989
0.760608	216.495	36.7475	15.3532
0.797445	215.645	36.6025	15.4072
0.816809	214.852	36.4729	15.4581
0.808747	214.048	36.3466	15.5097
0.793738	213.206	36.2252	15.5635
0.748348	212.384	36.1175	15.6166
0.668127	211.583	36.0268	15.6691
0.551484	210.749	35.9493	15.724
0.445217	209.941	35.8684	15.7779
0.327431	209.181	35.7889	15.8297
0.18296	208.371	35.6891	15.8855
0.0689619	207.612	35.5736	15.9381
-0.062268	206.807	35.4287	15.9942
-0.171791	206.077	35.2869	16.0445
-0.274038	205.282	35.1277	16.0979
-0.374283	204.486	34.9657	16.1508
-0.473618	203.711	34.8077	16.2014
-0.521115	202.934	34.651	16.2515
-0.59123	202.121	34.4935	16.3034
-0.633229	201.259	34.3315	16.3587
-0.654139	200.478	34.1912	16.409
-0.649291	199.673	34.0524	16.4609
-0.623952	198.854	33.921	16.5138
-0.573807	198.034	33.8059	16.5669
-0.475669	197.172	33.7012	16.6233
-0.373541	196.393	33.6316	16.6751
-0.256981	195.586	33.5507	16.7287
-0.0868679	194.792	33.468	16.7823
0.0139621	193.966	33.3801	16.839
0.136946	193.245	33.288	16.889
0.319865	192.497	33.1733	16.9431
0.416413	191.763	33.0355	16.9956
0.539234	191.044	32.8902	17.0461
0.648124	190.274	32.728	17.0983
0.763379	189.476	32.5592	17.1513
0.825394	188.692	32.3961	17.2023
0.869713	187.899	32.2414	17.2533
0.896839	187.078	32.0932	17.3058
0.905395	186.299	31.9649	17.356
0.895886	185.498	31.844	17.4077
0.860693	184.71	31.7369	17.4587
0.794	183.94	31.647	17.5088
0.682546	183.107	31.5693	17.564
0.564011	182.271	31.486	17.6192
0.398702	181.508	31.4072	17.6714
0.277725	180.752	31.3207	17.7241
0.148419	180.035	31.2141	17.7748
0.0172577	179.272	31.0834	17.8285
-0.143749	178.515	30.9413	17.8822
-0.239386	177.738	30.7796	17.9353
-0.335034	176.974	30.6212	17.9867
-0.425564	176.218	30.4633	18.0368
-0.524059	175.388	30.2957	18.0911
-0.586874	174.589	30.1396	18.1424
-0.638159	173.684	29.9707	18.2009
-0.680183	172.8	29.8138	18.2572
-0.69329	171.922	29.6661	18.3133
-0.696979	171.082	29.5286	18.3672
-0.659582	170.24	29.3986	18.4217
-0.630274	169.381	29.2807	18.4776
-0.568563	168.626	29.192	18.5278
-0.4894	167.86	29.1136	18.5787
-0.382697	167.077	29.0419	18.631
-0.237146	166.294	28.974	18.6838
-0.130195	165.526	28.9138	18.7361
0.0217225	164.71	28.8234	18.7925
0.140806	163.945	28.7258	18.8446
0.239785	163.194	28.6103	18.8963
0.405471	162.396	28.4718	18.9518
0.473817	161.614	28.3192	19.0049
0.577037	160.809	28.1609	19.0597
0.683573	160.006	27.9994	19.1136
0.750214	159.226	27.8351	19.1648
0.803437	158.442	27.6843	19.2157
0.841949	157.645	27.5422	19.2668
0.865383	156.853	27.4102	19.3175
0.871318	156.054	27.2862	19.3689
0.85699	155.181	27.1609	19.4249
0.827381	154.39	27.0521	19.4759
0.785934	153.57	26.9429	19.5295
0.70865	152.742	26.8361	19.5842
0.65786	151.979	26.7474	19.6346
0.58679	151.145	26.6442	19.6898
0.46229	150.378	26.5508	19.7422
0.359875	149.616	26.4542	19.7933
0.244784	148.832	26.3491	19.8461
0.111258	148.054	26.2273	19.8995
-0.0264946	147.316	26.1007	19.9501
-0.158162	146.587	25.968	20.0003
-0.33674	145.801	25.8186	20.0545
-0.457834	145.013	25.661	20.1082
-0.588128	144.241	25.5116	20.1608
-0.678345	143.397	25.3481	20.2168
-0.765849	142.546	25.1917	20.2732
-0.810061	141.717	25.0429	20.3272
-0.841613	140.848	24.8958	20.383
-0.854546	139.986	24.7554	20.4388
-0.836386	139.141	24.6256	20.493
-0.804722	138.339	24.5079	20.545
-0.7606	137.497	24.393	20.6002
-0.687838	136.735	24.2993	20.6508
-0.574914	135.974	24.2121	20.7015
-0.473363	135.223	24.13	20.7528
-0.363617	134.442	24.0502	20.8061
-0.257759	133.62	23.9522	20.8618
-0.113508	132.828	23.8558	20.9174
0.0140458	132.052	23.7432	20.9717
0.197452	131.335	23.6236	21.0226
0.297164	130.549	23.4675	21.0763
0.442559	129.746	23.3009	21.131
0.546211	128.904	23.1126	21.187
0.643446	128.126	22.9459	21.2379
0.718413	127.308	22.7799	21.2909
0.787368	126.438	22.6092	21.3465
0.825105	125.634	22.4636	21.3975
0.841315	124.788	22.319	21.4515
0.837802	123.925	22.1819	21.5069
0.798732	123.082	22.0607	21.5612
0.743906	122.293	21.9598	21.6128
0.674569	121.487	21.875	21.666
0.592867	120.679	21.7927	21.7195
0.442966	119.892	21.7173	21.7732
0.342899	119.068	21.644	21.8292
0.188201	118.246	21.5565	21.8868
0.0209504	117.47	21.4545	21.9419
-0.0991356	116.747	21.3417	21.9929
-0.207695	115.983	21.2035	22.0467
-0.329638	115.241	21.057	22.099
-0.477509	114.49	20.9042	22.1516
-0.566656	113.742	20.7494	22.2026
-0.639976	112.924	20.5763	22.2569
-0.712891	112.141	20.4253	22.309
-0.773919	111.304	20.2726	22.3635
-0.804095	110.462	20.1299	22.4178
-0.814074	109.648	20.0003	22.4706
-0.795954	108.839	19.8795	22.5228
-0.774739	108.015	19.7666	22.576
-0.699709	107.168	19.6567	22.632
-0.636311	106.338	19.5681	22.6871
-0.533409	105.581	19.4929	22.7383
-0.434905	104.812	19.4169	22.7907
-0.301474	104.008	19.337	22.8468
-0.175224	103.286	19.2493	22.8979
0.00384882	102.479	19.1316	22.9542
0.0981481	101.721	18.9969	23.0066
0.21147	100.949	18.8446	23.0592
0.362215	100.13	18.6746	23.1141
0.457435	99.362	18.5106	23.1649
0.534436	98.5506	18.338	23.2179
0.620102	97.6826	18.1714	23.2741
0.666501	96.8168	18.0124	23.3299
0.704163	95.9413	17.8638	23.386
0.717683	95.0894	17.7248	23.4409
0.70118	94.2605	17.5992	23.4944
0.670648	93.4078	17.4876	23.5494
0.584211	92.5769	17.3901	23.6041
0.507246	91.7873	17.3161	23.6562
0.418131	91.0214	17.2375	23.7077
0.307133	90.23	17.146	23.7619
0.153361	89.4562	17.0437	23.8159
0.076139	88.7193	16.9338	23.8677
-0.0727304	87.9353	16.8008	23.923
-0.166173	87.2033	16.6679	23.9741
-0.243559	86.4222	16.5141	24.028
-0.364893	85.6055	16.3558	24.0835
-0.427386	84.7607	16.1858	24.1395
-0.487897	83.9918	16.0364	24.1907
-0.542588	83.2155	15.8892	24.2414
-0.575725	82.4008	15.7409	24.2942
-0.595011	81.5872	15.5958	24.3468
-0.593637	80.7671	15.4611	24.3997
-0.565091	79.935	15.3336	24.4535
-0.529603	79.0865	15.2193	24.5087
-0.469488	78.3058	15.1242	24.5602
-0.368835	77.4662	15.0247	24.6161
-0.293414	76.6416	14.9391	24.6715
-0.187894	75.8411	14.8604	24.7265
-0.0912382	75.0527	14.7759	24.7811
0.0378699	74.257	14.6889	24.837
0.156918	73.5499	14.5916	24.8872
0.290249	72.8401	14.4764	24.9378
0.397824	72.0694	14.3304	24.9911
0.55008	71.2574	14.1646	25.0463
0.62907	70.4899	13.9892	25.0977
0.715923	69.6688	13.8162	25.1515
0.795806	68.8201	13.6411	25.2069
0.853827	67.9776	13.4853	25.2613
0.88712	67.1289	13.3362	25.316
0.898612	66.2697	13.1929	25.3711
0.870884	65.4336	13.0671	25.425
0.829284	64.5736	12.9529	25.4806
0.761592	63.8048	12.8595	25.5306
0.64569	63.0033	12.7692	25.584
0.546363	62.2446	12.6919	25.6346
0.458463	61.4417	12.6181	25.6893
0.346661	60.6967	12.5382	25.7416
0.170959	60.0017	12.454	25.7929
0.0505688	59.2454	12.3431	25.8476
-0.110654	58.4702	12.2105	25.9029
-0.223454	57.6971	12.0585	25.957
-0.343369	56.9172	11.9015	26.0104
-0.481762	56.0974	11.7349	26.0654
-0.564598	55.2995	11.5675	26.1182
-0.667391	54.4431	11.4041	26.1741
-0.733235	53.6526	11.2606	26.2261
-0.782576	52.8734	11.1249	26.2772
-0.814209	52.0754	10.9949	26.3291
-0.82984	51.2768	10.8682	26.3813
-0.820256	50.4977	10.7482	26.4324
-0.803457	49.6646	10.6222	26.4869
-0.762125	48.8451	10.5001	26.5407
-0.692986	48.0576	10.3853	26.5931
-0.625331	47.2661	10.2742	26.646
-0.545909	46.4809	10.1759	26.6989
-0.451627	45.7376	10.0891	26.7496
-0.337955	45.0168	10.0125	26.7997
-0.212201	44.2513	9.93091	26.8528
-0.0278993	43.5037	9.8433	26.9053
0.0824445	42.755	9.74687	26.9572
0.226993	41.9705	9.62738	27.0113
0.357273	41.212	9.49571	27.0636
0.529183	40.4456	9.35022	27.1163
0.627322	39.6638	9.18639	27.1683
0.737682	38.8613	9.02359	27.2209
0.843321	38.0295	8.85899	27.2752
0.909904	37.2059	8.69928	27.3283
0.958222	36.3517	8.54913	27.3831
0.996084	35.5027	8.40552	27.4373
1.00388	34.6638	8.27023	27.4911
0.980359	33.8094	8.13817	27.5462
0.953711	32.9486	8.01529	27.6014
0.875735	32.1315	7.90436	27.6547
0.808385	31.2747	7.80051	27.7107
0.721405	30.4907	7.70984	27.7628
0.567325	29.7392	7.62712	27.8144
0.448009	28.994	7.54372	27.8658
0.347678	28.237	7.45512	27.9186
0.219122	27.5063	7.35152	27.9708
0.0303729	26.7723	7.23238	28.0248
-0.115753	26.0726	7.10522	28.0751
-0.228787	25.2896	6.94548	28.1298
-0.351378	24.5197	6.78665	28.183
-0.459877	23.774	6.63226	28.2334
-0.566187	23.0024	6.47636	28.285
-0.625766	22.2342	6.32824	28.3354
-0.667497	21.463	6.19118	28.3858
-0.686792	20.6235	6.05512	28.4399
-0.685868	19.8412	5.94001	28.4908
-0.646898	19.0319	5.83302	28.5435
-0.59819	18.2134	5.73655	28.5972
-0.554413	17.4025	5.65477	28.6506
-0.483088	16.6561	5.57469	28.7013
-0.369242	15.86	5.48662	28.756
-0.282009	15.1367	5.40641	28.8069
-0.196178	14.421	5.3198	28.8575
-0.0941791	13.7332	5.22109	28.9077
-0.0115563	13.0054	5.09089	28.9596
0.0992963	12.2006	4.93372	29.0147
0.175988	11.4468	4.77187	29.0653
0.25319	10.6214	4.58809	29.1195
0.32281	9.80158	4.42029	29.1726
0.397452	8.93407	4.25064	29.2286
0.451643	8.09008	4.10142	29.2826
0.498114	7.23748	3.95927	29.3374
0.530698	6.41676	3.82755	29.3901
0.543169	5.56022	3.6943	29.4453
0.542503	4.70754	3.56813	29.5003
0.51268	3.87196	3.45113	29.5543
0.440275	3.08857	3.35198	29.6052
0.369811	2.30343	3.2613	29.6566
0.288562	1.49841	3.18093	29.7106
0.190207	0.754248	3.09801	29.7608
0.050481	-0.0294216	2.99859	29.8148
-0.0298077	-0.84621	2.88534	29.8708
-0.131497	-1.59758	2.76745	29.923
-0.284677	-2.35217	2.64192	29.9765
-0.378365	-3.0964	2.50615	30.0282
-0.458948	-3.8529	2.36533	30.0798
-0.544939	-4.64074	2.21702	30.1332
-0.639495	-5.45651	2.06332	30.1874
-0.688737	-6.22619	1.9141	30.2384
-0.730931	-7.06411	1.76121	30.2927
-0.761906	-7.85818	1.62268	30.3441
-0.773698	-8.69648	1.48057	30.3988
-0.764478	-9.47288	1.35669	30.4493
-0.737234	-10.2656	1.24153	30.5009
-0.668666	-11.1037	1.13047	30.5562
-0.606728	-11.8993	1.03882	30.6089
-0.518367	-12.7123	0.944222	30.6635
-0.393316	-13.4654	0.862162	30.7152
-0.275217	-14.1826	0.784325	30.7658
-0.187545	-14.9422	0.701075	30.8193
-0.0691459	-15.6349	0.610512	30.8696
0.0224542	-16.353	0.500761	30.9206
0.171943	-17.1185	0.368328	30.9757
0.275304	-17.8528	0.226285	31.027
0.353878	-18.6411	0.0591213	31.0811
0.44925	-19.4375	-0.10402	31.1346
0.542601	-20.2448	-0.266298	31.1874
0.604164	-21.0398	-0.424724	31.2385
0.649311	-21.8312	-0.566991	31.289
0.680765	-22.6463	-0.704699	31.3411
0.688409	-23.4734	-0.836273	31.3942
0.67569	-24.2681	-0.953589	31.4454
0.640991	-25.0937	-1.06176	31.4988
0.585498	-25.8709	-1.15513	31.5494
0.516546	-26.6388	-1.23966	31.6001
0.420818	-27.4138	-1.3204	31.6514
0.265078	-28.2438	-1.4097	31.7079
0.159319	-28.9752	-1.48785	31.7586
0.0521226	-29.7854	-1.59903	31.8141
-0.0958104	-30.5132	-1.71437	31.8649
-0.209284	-31.2515	-1.84352	31.9168
-0.318462	-31.9961	-1.98569	31.9686
-0.402436	-32.7628	-2.14394	32.0208
-0.492597	-33.548	-2.30204	32.0734
-0.593513	-34.3652	-2.46429	32.128
-0.658322	-35.158	-2.6253	32.1798
-0.715643	-35.9665	-2.77603	32.2325
-0.759638	-36.7326	-2.91319	32.2831
-0.783273	-37.5108	-3.04591	32.3337
-0.78261	-38.2942	-3.17345	32.3848
-0.764363	-39.1181	-3.30124	32.4387
-0.734339	-39.9213	-3.42008	32.4915
-0.681669	-40.69	-3.52757	32.542
-0.61725	-41.4569	-3.6276	32.5928
-0.49485	-42.2909	-3.72389	32.6491
-0.403982	-43.1169	-3.81742	32.7048
-0.266681	-43.9019	-3.90124	32.7584
-0.159707	-44.6771	-3.97762	32.8129
0.00918914	-45.4271	-4.06622	32.8664
0.129796	-46.1757	-4.16731	32.9198
0.303142	-46.9324	-4.28752	32.9743
0.416769	-47.6588	-4.42003	33.0259
0.525221	-48.4488	-4.58278	33.081
0.648308	-49.2382	-4.74625	33.1349
0.725342	-50.0706	-4.92418	33.1902
0.795235	-50.8746	-5.08154	33.2428
0.850134	-51.672	-5.22562	33.294
0.881824	-52.5077	-5.36443	33.3477
0.888917	-53.3115	-5.49103	33.3992
0.879335	-54.1538	-5.61732	33.4535
0.852957	-54.9286	-5.72475	33.5038
0.782559	-55.7083	-5.82342	33.5548
0.698463	-56.5177	-5.9185	33.6083
0.620022	-57.3146	-5.99903	33.6616
0.4816	-58.1398	-6.09034	33.7176
0.381816	-58.9163	-6.17264	33.7706
0.219641	-59.6988	-6.27744	33.8256
0.0958876	-60.446	-6.3901	33.8787
0.00325237	-61.2071	-6.52387	33.9316
-0.16095	-61.9646	-6.66736	33.9854
-0.267959	-62.7052	-6.81538	34.0365
-0.364574	-63.5172	-6.98511	34.0919
-0.482647	-64.3143	-7.14246	34.1455
-0.566882	-65.137	-7.30584	34.2002
-0.630414	-65.9091	-7.44771	34.2509
-0.675151	-66.7162	-7.58655	34.3036
-0.700109	-67.4826	-7.71234	34.3538
-0.704339	-68.2533	-7.83336	34.4042
-0.685262	-69.0177	-7.94976	34.4545
-0.639937	-69.8425	-8.071	34.5084
-0.577762	-70.6532	-8.17651	34.5618
-0.500814	-71.417	-8.268	34.6118
-0.404456	-72.1809	-8.3551	34.6626
-0.272946	-72.9746	-8.44468	34.7169
-0.166324	-73.724	-8.52787	34.7686
-0.0894104	-74.5353	-8.62192	34.824
0.0831464	-75.2672	-8.72297	34.8767
0.192666	-76.0242	-8.84388	34.9295
0.260898	-76.7793	-8.98651	34.9817
0.396676	-77.5362	-9.13835	35.0351
0.479798	-78.3175	-9.29746	35.0883
0.553302	-79.1215	-9.46703	35.1424
0.633515	-79.9532	-9.62914	35.1972
0.678526	-80.7774	-9.78547	35.251
0.714691	-81.6213	-9.92932	35.3055
0.721455	-82.4677	-10.0652	35.3598
0.715286	-83.3202	-10.1919	35.4146
0.667939	-84.1944	-10.3092	35.4709
0.597617	-84.9892	-10.4075	35.523
0.517004	-85.7617	-10.4916	35.5743
0.370758	-86.5418	-10.5719	35.6272
0.265752	-87.3528	-10.6519	35.6823
0.164694	-88.0805	-10.7359	35.733
-0.0143043	-88.8831	-10.8434	35.7896
-0.099533	-89.6156	-10.9571	35.8404
-0.256519	-90.4082	-11.0962	35.8961
-0.369951	-91.1832	-11.2515	35.9499
-0.460499	-91.9589	-11.4106	36.0018
-0.560134	-92.7482	-11.575	36.055
-0.654835	-93.492	-11.7314	36.1051
-0.731649	-94.2654	-11.8869	36.1559
-0.792652	-95.0458	-12.0346	36.2071
-0.832899	-95.8977	-12.1881	36.2626
-0.855477	-96.6738	-12.3204	36.3132
-0.840385	-97.4891	-12.4489	36.3663
-0.818865	-98.328	-12.5668	36.4216
-0.767285	-99.0849	-12.6593	36.4721
-0.680939	-99.8456	-12.7396	36.5234
-0.549039	-100.622	-12.8143	36.5772
-0.449253	-101.399	-12.8758	36.6312
-0.266926	-102.186	-12.9519	36.6873
-0.142925	-102.888	-13.026	36.7374
-0.00726785	-103.614	-13.1223	36.7907
0.116021	-104.353	-13.247	36.8429
0.284886	-105.134	-13.3982	36.898
0.397073	-105.857	-13.5521	36.9483
0.508879	-106.609	-13.717	36.9997
0.581123	-107.384	-13.8908	37.0511
0.65612	-108.2	-14.0551	37.1051
0.723353	-108.992	-14.2072	37.157
0.749091	-109.833	-14.361	37.2112
0.767467	-110.673	-14.5038	37.2652
0.75645	-111.523	-14.6418	37.32
0.735786	-112.375	-14.7674	37.3748
0.682502	-113.157	-14.8714	37.4255
0.583691	-113.966	-14.9687	37.4791
0.508182	-114.763	-15.0448	37.5316
0.415209	-115.584	-15.1257	37.5864
0.245111	-116.315	-15.1955	37.6376
0.110532	-117.049	-15.2757	37.6889
-0.00233036	-117.838	-15.3753	37.7443
-0.173802	-118.577	-15.4909	37.7974
-0.315861	-119.289	-15.6171	37.8491
-0.403176	-120.112	-15.7806	37.9056
-0.54793	-120.875	-15.9373	37.958
-0.653883	-121.644	-16.098	38.0106
-0.738851	-122.465	-16.2755	38.0659
-0.832876	-123.299	-16.4444	38.1206
-0.878579	-124.137	-16.5966	38.1753
-0.906378	-124.932	-16.7285	38.2266
-0.902286	-125.71	-16.8463	38.2773
-0.876606	-126.48	-16.9549	38.3276
-0.827405	-127.284	-17.06	38.38
-0.758163	-128.077	-17.1492	38.4322
-0.639235	-128.909	-17.2457	38.4881
-0.529177	-129.668	-17.3289	38.5399
-0.431528	-130.427	-17.4039	38.5923
-0.270376	-131.191	-17.4896	38.647
-0.188235	-131.954	-17.582	38.7015
-0.0542618	-132.701	-17.6968	38.7558
0.108576	-133.434	-17.8289	38.8081
0.226507	-134.141	-17.9741	38.8584
0.333995	-134.928	-18.1498	38.9131
0.436887	-135.696	-18.3154	38.9651
0.526919	-136.45	-18.4729	39.0154
0.611357	-137.295	-18.6423	39.0713
0.667807	-138.095	-18.7896	39.1233
0.709914	-138.92	-18.9341	39.177
0.726682	-139.722	-19.0687	39.2288
0.737662	-140.559	-19.2035	39.2831
0.711445	-141.404	-19.3318	39.338
0.683229	-142.219	-19.4432	39.3914
0.619066	-143.041	-19.5454	39.4466
0.499727	-143.798	-19.6264	39.4978
0.415486	-144.577	-19.6965	39.5514
0.306141	-145.308	-19.771	39.6021
0.181088	-146.02	-19.8517	39.6526
0.0738863	-146.739	-19.9475	39.7045
-0.0441957	-147.473	-20.0628	39.7569
-0.19406	-148.204	-20.1906	39.8095
-0.288728	-148.932	-20.3287	39.8597
-0.381841	-149.674	-20.4743	39.9108
-0.468769	-150.483	-20.6379	39.9656
-0.545201	-151.255	-20.788	40.0165
-0.622087	-152.017	-20.9334	40.0665
-0.662262	-152.855	-21.084	40.1211
-0.686173	-153.631	-21.2221	40.1713
-0.694207	-154.413	-21.355	40.222
-0.688129	-155.194	-21.4803	40.2733
-0.665533	-155.97	-21.5951	40.3238
-0.615882	-156.769	-21.7032	40.3761
-0.533148	-157.602	-21.7962	40.4318
-0.443272	-158.357	-21.8733	40.4828
-0.364923	-159.16	-21.9544	40.5368
-0.215839	-159.872	-22.0223	40.5875
-0.092837	-160.632	-22.105	40.6411
0.0239658	-161.402	-22.2023	40.6958
0.184853	-162.168	-22.3225	40.7502
0.262601	-162.941	-22.4695	40.8047
0.395319	-163.725	-22.629	40.8597
0.492395	-164.527	-22.8056	40.9145
0.61853	-165.373	-22.9797	40.9712
0.689927	-166.219	-23.1543	41.0267
0.759893	-167.016	-23.3057	41.0783
0.802275	-167.847	-23.4567	41.1321
0.826686	-168.639	-23.5922	41.1834
0.821616	-169.468	-23.729	41.2374
0.801278	-170.284	-23.8561	41.2906
0.762638	-171.09	-23.9699	41.3433
0.694653	-171.901	-24.0728	41.397
0.574902	-172.668	-24.157	41.449
0.470702	-173.413	-24.2275	41.4993
0.335555	-174.156	-24.2954	41.5509
0.221411	-174.942	-24.3699	41.6059
0.0544971	-175.692	-24.4623	41.6599
-0.0762384	-176.46	-24.5725	41.7145
-0.23661	-177.204	-24.697	41.7688
-0.369471	-177.933	-24.8295	41.8216
-0.453689	-178.658	-24.973	41.8729
-0.557916	-179.447	-25.1262	41.9271
-0.681884	-180.249	-25.2814	41.9815
-0.73995	-181.096	-25.4467	42.0371
-0.799273	-181.865	-25.5899	42.0875
-0.838989	-182.715	-25.7401	42.1424
-0.862501	-183.579	-25.8821	42.1979
-0.870092	-184.432	-26.0156	42.2528
-0.848088	-185.281	-26.1412	42.308
-0.820825	-186.131	-26.2575	42.3636
-0.770348	-186.931	-26.3618	42.4159
-0.654372	-187.7	-26.4527	42.4676
-0.571796	-188.48	-26.5381	42.5198
-0.480124	-189.287	-26.622	42.5743
-0.362621	-190.022	-26.7038	42.6247
-0.247111	-190.767	-26.7973	42.677
-0.0960552	-191.541	-26.9116	42.7324
0.0254859	-192.278	-27.0412	42.785
0.156208	-193.024	-27.191	42.838
0.295996	-193.796	-27.3611	42.8922
0.395033	-194.615	-27.5343	42.9473
0.509634	-195.419	-27.7037	43.0011
0.584041	-196.221	-27.8693	43.0529
0.648268	-197.001	-28.0128	43.1032
0.695792	-197.8	-28.1482	43.1546
0.730539	-198.623	-28.2781	43.2082
0.751294	-199.447	-28.3991	43.2615
0.771057	-200.25	-28.5087	43.3139
0.776447	-201.044	-28.619	43.3659
0.763666	-201.864	-28.7369	43.4197
0.754458	-202.718	-28.8608	43.4756
0.705371	-203.507	-28.9719	43.5276
0.65689	-204.286	-29.0736	43.5788
0.568294	-205.058	-29.1663	43.6306
0.504065	-205.888	-29.2581	43.6861
0.354268	-206.672	-29.3503	43.7408
0.237976	-207.419	-29.4442	43.7922
0.144575	-208.167	-29.5447	43.8447
0.0440309	-208.913	-29.6611	43.897
-0.114807	-209.668	-29.7881	43.9515
-0.203825	-210.462	-29.9352	44.0062
-0.320656	-211.251	-30.0848	44.0606
-0.41491	-212.004	-30.2322	44.1111
-0.488029	-212.786	-30.391	44.1629
-0.551806	-213.62	-30.5489	44.2177
-0.629049	-214.468	-30.7093	44.2733
-0.663771	-215.247	-30.849	44.3238
-0.686485	-216.015	-30.9812	44.3739
-0.681629	-216.853	-31.1183	44.4287
-0.654143	-217.685	-31.2445	44.4827
-0.620543	-218.482	-31.3454	44.5349
-0.552984	-219.268	-31.4399	44.5868
-0.434909	-220.055	-31.526	44.6397
-0.332945	-220.798	-31.6039	44.6902
-0.233292	-221.557	-31.6852	44.7426
-0.155716	-222.283	-31.7615	44.7932
-0.0207135	-222.981	-31.8521	44.8448
0.0942247	-223.727	-31.9686	44.8982
0.24562	-224.479	-32.1087	44.9541
0.363711	-225.186	-32.2549	45.0049
0.494164	-225.982	-32.4229	45.0599
0.562727	-226.794	-32.6035	45.1144
0.636851	-227.561	-32.7637	45.165
0.697499	-228.362	-32.9212	45.2168
0.752941	-229.202	-33.0755	45.271
0.778619	-230.008	-33.2153	45.3226
0.793119	-230.85	-33.3511	45.377
0.777496	-231.65	-33.4678	45.4293
0.742739	-232.464	-33.5753	45.4823
0.688004	-233.234	-33.6671	45.5327
0.623185	-234.048	-33.7533	45.5866
0.538837	-234.818	-33.8349	45.6378
0.42494	-235.637	-33.9111	45.6937
0.330833	-236.359	-33.9836	45.7439
0.180244	-237.125	-34.0765	45.7986
0.0721886	-237.903	-34.1866	45.8529
-0.0200406	-238.629	-34.3085	45.9043
-0.160928	-239.394	-34.4504	45.9585
-0.254326	-240.132	-34.5968	46.0099
-0.331315	-240.923	-34.7634	46.0639
-0.409195	-241.705	-34.9194	46.1164
-0.482967	-242.47	-35.0681	46.1671
-0.542612	-243.26	-35.2152	46.2182
-0.588769	-244.04	-35.3534	46.2685
-0.609044	-244.855	-35.4909	46.3215
-0.61134	-245.638	-35.6187	46.3719
-0.607985	-246.466	-35.7486	46.4255
-0.578347	-247.234	-35.8633	46.4756
-0.525668	-248.015	-35.9716	46.5267
-0.441146	-248.828	-36.0754	46.5804
-0.356139	-249.604	-36.1671	46.6324
-0.278979	-250.411	-36.2527	46.687
-0.178777	-251.153	-36.3356	46.7374
-0.0336107	-251.919	-36.4263	46.7914
0.0920649	-252.64	-36.518	46.8424
0.166917	-253.367	-36.6239	46.8934
0.287912	-254.093	-36.7464	46.9454
0.400559	-254.799	-36.8799	46.9956
0.548605	-255.592	-37.0373	47.0508
0.653762	-256.368	-37.1986	47.1032
0.738079	-257.172	-37.3738	47.1567
0.814052	-257.947	-37.5317	47.2076
0.872605	-258.72	-37.6816	47.2582
0.91632	-259.566	-37.8345	47.3134
0.938927	-260.43	-37.9826	47.3691
0.925692	-261.281	-38.1149	47.4242
0.885061	-262.078	-38.2245	47.4763
0.802155	-262.867	-38.3211	47.5287
0.741156	-263.627	-38.4026	47.5788
0.620515	-264.371	-38.4767	47.6293
0.488916	-265.124	-38.5493	47.6818
0.380898	-265.862	-38.6158	47.734
0.251319	-266.629	-38.7109	47.7884
0.114535	-267.384	-38.8241	47.8438
-0.0415251	-268.058	-38.9415	47.8938
-0.123276	-268.801	-39.0915	47.9468
-0.27521	-269.54	-39.2454	48.0005
-0.37399	-270.295	-39.4063	48.0538
-0.463832	-271.035	-39.5699	48.1049
-0.527663	-271.833	-39.7253	48.1581
-0.586061	-272.619	-39.8697	48.2097
-0.615778	-273.491	-40.0204	48.2658
-0.62259	-274.282	-40.1482	48.3161
-0.594881	-275.125	-40.2766	48.3703
-0.559682	-275.946	-40.3893	48.4239
-0.516045	-276.717	-40.4669	48.4744
-0.427422	-277.47	-40.5362	48.5253
-0.324794	-278.218	-40.5958	48.5767
-0.207696	-278.949	-40.6564	48.628
-0.035586	-279.725	-40.7347	48.6831
0.0688605	-280.499	-40.8265	48.7376
0.218602	-281.274	-40.9487	48.7921
0.326593	-282.033	-41.0976	48.8442
0.437362	-282.831	-41.2655	48.8982
0.588625	-283.65	-41.4473	48.953
0.667196	-284.472	-41.6424	49.0062
0.760743	-285.299	-41.8199	49.06
0.823546	-286.138	-41.9913	49.1142
0.87666	-287.004	-42.1625	49.1699
0.910035	-287.839	-42.3131	49.2241
0.933414	-288.619	-42.4493	49.2748
0.923967	-289.466	-42.5829	49.3299
0.871214	-290.293	-42.6976	49.3846
0.813153	-291.116	-42.7975	49.4389
0.700634	-291.944	-42.8695	49.4943
0.607658	-292.713	-42.9295	49.5465
0.489509	-293.467	-42.9868	49.5988
0.318101	-294.201	-43.0529	49.6516
0.199461	-294.915	-43.1342	49.702
0.0941301	-295.657	-43.2418	49.7552
-0.039378	-296.365	-43.3634	49.806
-0.175261	-297.098	-43.5041	49.8581
-0.293328	-297.838	-43.6538	49.9095
-0.426937	-298.599	-43.8122	49.9625
-0.537457	-299.347	-43.9675	50.0136
-0.599026	-300.138	-44.1347	50.0667
-0.655052	-300.905	-44.2838	50.1175
-0.689352	-301.686	-44.4255	50.1693
-0.698876	-302.496	-44.561	50.2224
-0.687393	-303.268	-44.6801	50.2736
-0.671826	-304.066	-44.7936	50.3265
-0.600686	-304.865	-44.9004	50.3802
-0.523521	-305.661	-44.9957	50.4345
-0.45264	-306.432	-45.0618	50.4872
-0.339618	-307.199	-45.131	50.5397
-0.227075	-307.916	-45.1912	50.5904
-0.0596173	-308.604	-45.2575	50.641
0.0503792	-309.37	-45.3538	50.6951
0.164325	-310.145	-45.4826	50.7489
0.293953	-310.856	-45.6215	50.7991
0.472358	-311.588	-45.7755	50.8509
0.566089	-312.358	-45.9422	50.902
0.668494	-313.116	-46.1085	50.9523
0.754521	-313.893	-46.2759	51.0032
0.836527	-314.745	-46.4572	51.0583
0.897604	-315.537	-46.6132	51.1096
0.961708	-316.344	-46.7641	51.1623
1.00293	-317.197	-46.9188	51.2179
1.03156	-318.019	-47.0588	51.2717
1.05103	-318.858	-47.1979	51.3262
1.05017	-319.628	-47.3208	51.3763
1.03633	-320.427	-47.4439	51.4283
0.986945	-321.239	-47.564	51.482
0.935054	-322.074	-47.6755	51.5372
0.822751	-322.875	-47.773	51.591
0.725386	-323.639	-47.8538	51.6427
0.603219	-324.378	-47.9235	51.6944
0.494107	-325.161	-47.9863	51.7492
0.309785	-325.929	-48.0631	51.8046
0.194021	-326.628	-48.1408	51.8563
0.0354548	-327.345	-48.2471	51.91
-0.147721	-328.098	-48.3754	51.965
-0.256587	-328.838	-48.5224	52.0185
-0.412182	-329.592	-48.6754	52.0723
-0.501474	-330.34	-48.8303	52.1232
-0.578295	-331.113	-48.991	52.1756
-0.652425	-331.877	-49.1379	52.2265
-0.703564	-332.666	-49.2812	52.2783
-0.737059	-333.465	-49.4189	52.3304
-0.748093	-334.256	-49.5481	52.3819
-0.748051	-335.103	-49.6768	52.437
-0.728542	-335.874	-49.7871	52.4872
-0.682945	-336.66	-49.8946	52.5397
-0.593028	-337.46	-49.9956	52.5935
-0.506164	-338.271	-50.0803	52.648
-0.404104	-339.002	-50.1483	52.6984
-0.234836	-339.802	-50.2297	52.755
-0.145627	-340.598	-50.3099	52.8107
-0.00218129	-341.392	-50.4106	52.8664
0.117187	-342.171	-50.5336	52.9205
0.282108	-342.905	-50.6649	52.9721
0.40563	-343.681	-50.8161	53.0249
0.50004	-344.489	-50.986	53.079
0.623487	-345.302	-51.1514	53.1332
0.698827	-346.125	-51.3233	53.187
0.765573	-346.896	-51.4742	53.2374
0.823195	-347.713	-51.6262	53.2908
0.874732	-348.491	-51.7652	53.341
0.894377	-349.274	-51.9	53.3913
0.901931	-350.053	-52.0285	53.4413
0.88635	-350.901	-52.1563	53.496
0.846828	-351.687	-52.2642	53.5468
0.792282	-352.514	-52.3689	53.6011
0.680993	-353.278	-52.4556	53.6518
0.58697	-354.067	-52.544	53.7053
0.504207	-354.811	-52.6212	53.7573
0.395517	-355.539	-52.7083	53.8093
0.262612	-356.253	-52.8037	53.8607
0.120063	-356.975	-52.9091	53.9136
0.0339648	-357.704	-53.0281	53.9667
-0.0653501	-358.429	-53.1572	54.0177
-0.17003	-359.191	-53.3006	54.0703
-0.282423	-359.974	-53.4526	54.1242
-0.344826	-360.767	-53.6152	54.1769
-0.418637	-361.58	-53.7746	54.2306
-0.458195	-362.365	-53.9266	54.2822
-0.484285	-363.15	-54.0718	54.3337
-0.491145	-364	-54.2242	54.3888
-0.473612	-364.8	-54.3569	54.4414
-0.43551	-365.626	-54.485	54.4957
-0.380979	-366.445	-54.5993	54.5496
-0.271475	-367.248	-54.7063	54.6035
-0.196198	-368.012	-54.7956	54.6558
-0.0838922	-368.76	-54.8802	54.7075
0.0532596	-369.507	-54.9596	54.7614
0.139504	-370.269	-55.0341	54.8167
0.247979	-371.008	-55.1216	54.8711
0.418378	-371.731	-55.2198	54.9248
0.507771	-372.461	-55.3374	54.9774
0.61841	-373.228	-55.4758	55.0312
0.75444	-374.038	-55.6394	55.0866
0.884189	-374.865	-55.8023	55.1419
0.95555	-375.662	-55.9576	55.194
1.02634	-376.474	-56.1128	55.2469
1.08139	-377.249	-56.2486	55.2969
1.12129	-378.091	-56.3899	55.3512
1.1521	-378.946	-56.5314	55.4063
1.16286	-379.791	-56.6656	55.4611
1.14731	-380.626	-56.7967	55.5153
1.14024	-381.409	-56.9178	55.5665
1.09999	-382.184	-57.0334	55.6174
1.04108	-382.994	-57.151	55.6713
0.951796	-383.808	-57.2606	55.7267
0.863149	-384.604	-57.3594	55.7804
0.717052	-385.354	-57.4428	55.8326
0.574241	-386.089	-57.5218	55.8846
0.450097	-386.869	-57.6114	55.9394
0.266049	-387.616	-57.7153	55.9931
0.120505	-388.383	-57.8416	56.0477
-0.0374814	-389.087	-57.9709	56.0978
-0.194664	-389.887	-58.1237	56.1533
-0.298334	-390.673	-58.2849	56.2072
-0.399019	-391.448	-58.4373	56.259
-0.489423	-392.251	-58.5904	56.3124
-0.545082	-393.037	-58.7352	56.364
-0.580446	-393.818	-58.8728	56.4149
-0.598933	-394.637	-59.0125	56.468
-0.599407	-395.442	-59.1416	56.5204
-0.563486	-396.243	-59.2612	56.5729
-0.520911	-397.089	-59.3716	56.6281
-0.460225	-397.897	-59.4708	56.6816
-0.347902	-398.656	-59.558	56.7334
-0.240764	-399.38	-59.6376	56.7836
-0.134656	-400.116	-59.7196	56.8357
-0.0242945	-400.822	-59.7944	56.8876
0.098649	-401.547	-59.888	56.9404
0.223565	-402.238	-59.9915	56.9912
0.325261	-402.97	-60.1152	57.0429
0.428101	-403.701	-60.2511	57.0939
0.507997	-404.479	-60.408	57.1475
0.614173	-405.255	-60.5636	57.1995
0.688442	-406.029	-60.7183	57.2515
0.760639	-406.847	-60.8756	57.305
0.795139	-407.657	-61.0277	57.3575
0.820862	-408.479	-61.1681	57.4109
0.833541	-409.344	-61.3096	57.4668
0.824199	-410.197	-61.4411	57.5223
0.782694	-411.014	-61.5597	57.5758
0.738827	-411.792	-61.6602	57.6268
0.672586	-412.581	-61.7568	57.679
0.594702	-413.326	-61.8361	57.7293
0.450373	-414.109	-61.9162	57.7838
0.322437	-414.859	-61.9978	57.8361
0.216534	-415.628	-62.0905	57.891
0.0562733	-416.364	-62.2013	57.9448
-0.0329683	-417.112	-62.331	57.9985
-0.166134	-417.836	-62.4699	58.0497
-0.258693	-418.572	-62.6164	58.1006
-0.383573	-419.373	-62.7745	58.1559
-0.472527	-420.175	-62.9375	58.2098
-0.550113	-420.986	-63.091	58.2632
-0.60217	-421.809	-63.2389	58.3168
-0.638551	-422.589	-63.3761	58.3675
-0.660748	-423.363	-63.5058	58.4182
-0.664745	-424.132	-63.6317	58.4687
-0.651276	-424.942	-63.7623	58.5214
-0.603871	-425.752	-63.8889	58.5745
-0.548414	-426.505	-64.0026	58.6247
-0.487956	-427.322	-64.1147	58.6791
-0.39924	-428.068	-64.2077	58.7293
-0.257203	-428.834	-64.2948	58.7823
-0.138977	-429.565	-64.3721	58.8337
-0.00996902	-430.283	-64.4506	58.8845
0.108695	-431.044	-64.5433	58.9391
0.233192	-431.734	-64.6445	58.9894
0.389151	-432.484	-64.7696	59.0441
0.514839	-433.206	-64.9018	59.0955
0.617606	-433.948	-65.0539	59.1481
0.71309	-434.727	-65.2075	59.2008
0.824998	-435.546	-65.3642	59.2555
0.877142	-436.396	-65.5225	59.3107
0.913792	-437.213	-65.6642	59.3634
0.937548	-438.052	-65.802	59.4171
0.941537	-438.906	-65.935	59.4721
0.917281	-439.726	-66.0535	59.5249
0.891062	-440.583	-66.1629	59.5799
0.849309	-441.387	-66.2595	59.6319
0.757164	-442.231	-66.3592	59.6875
0.707938	-443.031	-66.4492	59.7402
0.594382	-443.829	-66.5544	59.7941
0.528072	-444.616	-66.6698	59.8471
0.451771	-445.376	-66.7948	59.8991
0.393098	-446.13	-66.9303	59.9494
0.295821	-446.932	-67.0792	60.0034
0.243757	-447.74	-67.2304	60.0571
0.203489	-448.574	-67.3871	60.1117
0.155585	-449.387	-67.5319	60.1644
0.136819	-450.252	-67.6795	60.22
0.125499	-451.054	-67.8036	60.2712
0.142116	-451.874	-67.9199	60.3247
