x	y	z	t
0.461679	449.913	73.6188	0.0571824
0.459062	449.205	73.4965	0.11361
0.454015	448.576	73.3845	0.163762
0.441651	447.868	73.256	0.220432
0.423328	447.181	73.1339	0.275346
0.395561	446.5	73.0137	0.329864
0.359522	445.843	72.9046	0.382398
0.296922	445.167	72.7971	0.436816
0.240714	444.523	72.7005	0.488831
0.172089	443.845	72.604	0.543994
0.0728244	443.227	72.5243	0.59467
-0.0150143	442.591	72.4527	0.647283
-0.102093	441.947	72.3753	0.70028
-0.209732	441.297	72.2936	0.754421
-0.348621	440.673	72.2072	0.806744
-0.444164	440.058	72.1122	0.858334
-0.552244	439.396	72.0013	0.913383
-0.674895	438.769	71.8886	0.965153
-0.752951	438.07	71.758	1.02222
-0.84576	437.377	71.6241	1.07855
-0.910928	436.741	71.5056	1.12959
-0.968436	436.112	71.3914	1.17978
-1.01346	435.456	71.2772	1.23175
-1.04489	434.805	71.166	1.28345
-1.06556	434.167	71.0579	1.33405
-1.07103	433.493	70.9444	1.38741
-1.06218	432.784	70.8286	1.44389
-1.03825	432.147	70.7258	1.49458
-0.994633	431.44	70.6143	1.55118
-0.942832	430.815	70.519	1.60156
-0.864974	430.129	70.4217	1.65739
-0.784919	429.461	70.3327	1.71205
-0.696071	428.845	70.2565	1.76256
-0.560511	428.219	70.1813	1.81468
-0.46815	427.537	70.1017	1.87155
-0.358572	426.922	70.0246	1.92335
-0.224189	426.28	69.9367	1.97805
-0.0956407	425.659	69.8404	2.03067
0.0127222	425.055	69.738	2.08102
0.121347	424.428	69.6261	2.13381
0.261265	423.772	69.4988	2.18899
0.364427	423.101	69.3668	2.24393
0.483887	422.482	69.2398	2.29483
0.568748	421.858	69.1144	2.34549
0.643205	421.221	68.9906	2.39708
0.703892	420.562	68.8657	2.44971
0.747567	419.908	68.7514	2.50162
0.773053	419.227	68.6359	2.55546
0.775183	418.521	68.5203	2.61138
0.745703	417.84	68.4168	2.66546
0.706575	417.162	68.3237	2.71974
0.646632	416.533	68.2421	2.77081
0.567796	415.885	68.1612	2.82347
0.457816	415.207	68.0862	2.87933
0.351349	414.605	68.022	2.92953
0.204376	413.95	67.9526	2.9851
0.076997	413.347	67.8914	3.03643
-0.0287688	412.738	67.8275	3.0885
-0.205482	412.094	67.7396	3.14488
-0.326875	411.467	67.6397	3.19877
-0.460905	410.894	67.5383	3.24879
-0.582824	410.245	67.4166	3.30304
-0.729389	409.571	67.2801	3.36018
-0.873073	408.884	67.1435	3.41749
-0.959445	408.193	67.0031	3.47414
-1.05683	407.535	66.8746	3.52816
-1.11855	406.859	66.7521	3.58285
-1.17321	406.168	66.6287	3.63851
-1.19942	405.475	66.5113	3.69401
-1.21575	404.835	66.4045	3.74514
-1.21372	404.141	66.2961	3.80071
-1.19275	403.507	66.2052	3.85136
-1.15113	402.886	66.1184	3.90148
-1.10242	402.261	66.0361	3.95235
-1.0116	401.599	65.9508	4.00772
-0.94074	400.931	65.8713	4.06335
-0.827955	400.285	65.7974	4.11884
-0.730582	399.637	65.7184	4.17458
-0.604432	399.03	65.648	4.22896
-0.488957	398.405	65.5649	4.28431
-0.335065	397.774	65.4709	4.34121
-0.167855	397.137	65.3644	4.39768
-0.0512855	396.506	65.2418	4.45279
0.0790234	395.911	65.12	4.50435
0.238204	395.208	64.971	4.56424
0.360948	394.528	64.828	4.62022
0.457816	393.914	64.7072	4.67067
0.544452	393.267	64.5872	4.72319
0.616011	392.581	64.4673	4.77799
0.661074	391.933	64.357	4.82982
0.691337	391.226	64.2429	4.88632
0.7026	390.594	64.1447	4.93717
0.704373	389.946	64.05	4.98909
0.687066	389.307	63.9605	5.0403
0.646639	388.653	63.8724	5.09312
0.567869	387.992	63.7878	5.1472
0.49595	387.331	63.7103	5.20111
0.411705	386.68	63.6325	5.25432
0.293798	386.015	63.5584	5.31034
0.186625	385.358	63.4808	5.36485
0.0520206	384.7	63.4026	5.4215
-0.0742079	384.086	63.316	5.47398
-0.224412	383.452	63.2157	5.52948
-0.355444	382.797	63.1006	5.58561
-0.499448	382.169	62.9791	5.6389
-0.605305	381.512	62.8519	5.69395
-0.731471	380.826	62.7133	5.75126
-0.819669	380.216	62.5948	5.80127
-0.894051	379.569	62.4745	5.85367
-0.966017	378.876	62.3481	5.90962
-1.01206	378.247	62.2392	5.95988
-1.0477	377.53	62.1203	6.01703
-1.06574	376.85	62.0097	6.07153
-1.06582	376.183	61.906	6.1252
-1.04467	375.503	61.8064	6.18008
-0.99654	374.802	61.7061	6.23681
-0.936774	374.183	61.6227	6.28733
-0.873875	373.527	61.5406	6.34174
-0.790627	372.91	61.4642	6.39277
-0.676159	372.245	61.3877	6.44898
-0.573085	371.577	61.3073	6.50543
-0.439694	370.952	61.2358	6.55998
-0.283147	370.298	61.1468	6.61689
-0.182107	369.682	61.0538	6.66954
-0.0698396	369.042	60.9421	6.72495
0.062843	368.385	60.8176	6.78125
0.168314	367.761	60.6978	6.83457
0.291458	367.084	60.5638	6.8919
0.401161	366.414	60.4346	6.94788
0.471636	365.777	60.305	7.00066
0.553155	365.082	60.1713	7.05707
0.597688	364.383	60.0348	7.11315
0.645262	363.7	59.9106	7.16725
0.667077	362.999	59.7881	7.22288
0.673024	362.337	59.679	7.27531
0.651174	361.696	59.5779	7.32616
0.619324	361	59.4763	7.38167
0.542271	360.303	59.3798	7.43786
0.471191	359.611	59.2938	7.49411
0.340441	358.972	59.2193	7.54689
0.245483	358.302	59.1529	7.60287
0.128418	357.697	59.0922	7.65423
-0.00805278	357.103	59.0296	7.70605
-0.178055	356.506	58.9562	7.75866
-0.28082	355.887	58.868	7.81212
-0.461211	355.258	58.7637	7.86877
-0.565557	354.64	58.6487	7.92175
-0.689808	354.031	58.5327	7.97378
-0.812565	353.371	58.4027	8.02959
-0.907591	352.73	58.2812	8.08284
-1.0142	352.044	58.1541	8.13887
-1.08443	351.389	58.0327	8.19204
-1.15595	350.685	57.912	8.24854
-1.20308	349.969	57.7927	8.30536
-1.24185	349.256	57.678	8.36189
-1.25538	348.553	57.5678	8.41805
-1.26274	347.899	57.4686	8.47048
-1.24936	347.211	57.3663	8.52583
-1.21202	346.544	57.2698	8.58024
-1.16883	345.913	57.1787	8.63215
-1.11578	345.287	57.091	8.68411
-1.01362	344.651	57.0046	8.73758
-0.942128	344.011	56.9236	8.79186
-0.810846	343.373	56.842	8.84685
-0.71634	342.753	56.7677	8.90065
-0.600779	342.166	56.694	8.95144
-0.468	341.535	56.6114	9.00676
-0.30675	340.946	56.5298	9.05802
-0.186001	340.333	56.4394	9.11147
-0.0173362	339.688	56.3344	9.16728
0.104208	339.075	56.2278	9.21932
0.229252	338.427	56.1058	9.27402
0.378559	337.792	55.9845	9.32746
0.48959	337.157	55.8594	9.38049
0.587098	336.496	55.7377	9.43465
0.695042	335.81	55.6109	9.49057
0.763026	335.158	55.4937	9.54309
0.830037	334.473	55.3715	9.59817
0.860282	333.782	55.2484	9.65304
0.883068	333.098	55.1323	9.70723
0.890066	332.415	55.0194	9.76152
0.880242	331.736	54.9145	9.81516
0.855903	331.102	54.8207	9.86557
0.811972	330.416	54.7223	9.9206
0.760849	329.759	54.6293	9.97384
0.66123	329.075	54.5355	10.03
0.57537	328.401	54.454	10.0858
0.474285	327.8	54.3854	10.1362
0.330173	327.133	54.3138	10.1929
0.211245	326.493	54.2378	10.2464
0.0212536	325.892	54.1619	10.2989
-0.10441	325.236	54.0675	10.3541
-0.287024	324.61	53.9681	10.4092
-0.427286	323.988	53.8575	10.4619
-0.564037	323.396	53.7501	10.512
-0.679559	322.749	53.632	10.5661
-0.813603	322.1	53.5077	10.6204
-0.91209	321.438	53.3844	10.6747
-1.02079	320.785	53.2638	10.7282
-1.08884	320.096	53.1376	10.7834
-1.16015	319.418	53.019	10.8378
-1.20194	318.714	52.898	10.8936
-1.23094	318.068	52.7909	10.9446
-1.24466	317.399	52.6829	10.9976
-1.24723	316.717	52.5759	11.0519
-1.23536	316.054	52.4744	11.1049
-1.19571	315.397	52.3745	11.1582
-1.15494	314.755	52.2778	11.2104
-1.1075	314.127	52.1873	11.262
-1.03912	313.491	52.0981	11.3148
-0.926287	312.866	52.0148	11.3678
-0.832642	312.25	51.9372	11.4203
-0.727424	311.615	51.8635	11.4752
-0.570489	311.017	51.792	11.5283
-0.45996	310.412	51.7197	11.5807
-0.320281	309.813	51.6387	11.6337
-0.182154	309.222	51.548	11.6863
-0.00481242	308.58	51.4396	11.7432
0.15683	307.938	51.3265	11.7989
0.274354	307.328	51.2079	11.8513
0.393739	306.715	51.0893	11.9031
0.509606	306.097	50.9699	11.9548
0.63395	305.426	50.8455	12.0099
0.713698	304.772	50.7243	12.063
0.779407	304.145	50.6134	12.1137
0.834283	303.461	50.4976	12.1684
0.860012	302.756	50.3817	12.2249
0.868238	302.092	50.2751	12.2777
0.86108	301.414	50.1699	12.3315
0.839665	300.752	50.0704	12.3843
0.801744	300.081	49.9722	12.4381
0.744914	299.416	49.879	12.4917
0.676398	298.744	49.7843	12.546
0.57054	298.075	49.6945	12.6007
0.469911	297.447	49.6204	12.6527
0.360185	296.793	49.5422	12.7071
0.204967	296.124	49.4671	12.7638
0.0762861	295.535	49.3966	12.8139
-0.0743708	294.914	49.3138	12.8672
-0.241693	294.278	49.2188	12.9223
-0.379167	293.677	49.1192	12.9736
-0.532039	293.084	49.0111	13.0242
-0.705711	292.429	48.8886	13.0805
-0.808268	291.773	48.7562	13.1346
-0.945134	291.126	48.629	13.1881
-1.0236	290.433	48.4931	13.2439
-1.118	289.752	48.3667	13.2984
-1.16928	289.054	48.2383	13.3539
-1.21671	288.356	48.1182	13.4087
-1.23667	287.654	48.0018	13.4638
-1.24227	286.952	47.8911	13.519
-1.23646	286.27	47.7897	13.5731
-1.19805	285.572	47.6893	13.6284
-1.15969	284.907	47.6003	13.6817
-1.09978	284.283	47.5191	13.7323
-1.02526	283.667	47.4426	13.7832
-0.938048	283.056	47.3703	13.8341
-0.809026	282.424	47.2961	13.8877
-0.706862	281.797	47.2241	13.941
-0.610239	281.204	47.1608	13.9925
-0.44884	280.556	47.0788	14.0488
-0.335635	279.902	46.9848	14.1049
-0.199816	279.319	46.8901	14.155
-0.0694632	278.714	46.7837	14.207
0.0960584	278.088	46.6691	14.2608
0.213273	277.415	46.538	14.3166
0.367278	276.797	46.4167	14.3687
0.478402	276.191	46.2978	14.4191
0.574481	275.55	46.1743	14.4712
0.655298	274.882	46.045	14.5248
0.743699	274.193	45.919	14.5794
0.797614	273.553	45.8033	14.6301
0.835614	272.852	45.6803	14.6851
0.856059	272.18	45.5683	14.738
0.860581	271.48	45.4542	14.7928
0.847582	270.823	45.35	14.8445
0.804658	270.134	45.2442	14.8987
0.75742	269.458	45.1481	14.9524
0.687709	268.823	45.0639	15.0037
0.594383	268.178	44.984	15.0562
0.459752	267.512	44.904	15.111
0.343663	266.828	44.829	15.1674
0.191467	266.175	44.7587	15.2226
0.050241	265.526	44.6814	15.278
-0.107651	264.881	44.6005	15.3342
-0.242205	264.294	44.5135	15.3849
-0.373536	263.674	44.4117	15.4376
-0.522714	263.032	44.2926	15.4929
-0.633426	262.418	44.1767	15.5438
-0.7739	261.745	44.0477	15.5996
-0.86664	261.093	43.9146	15.653
-0.956076	260.437	43.7877	15.7061
-1.05872	259.768	43.6618	15.76
-1.12099	259.109	43.5375	15.8123
-1.17414	258.409	43.4141	15.8676
-1.21659	257.728	43.2971	15.9214
-1.23355	257.051	43.1818	15.9746
-1.22685	256.359	43.0681	16.0292
-1.20355	255.711	42.965	16.0807
-1.16548	255.036	42.8657	16.1343
-1.08612	254.358	42.7716	16.189
-1.00168	253.736	42.6926	16.24
-0.902428	253.136	42.6229	16.29
-0.791544	252.536	42.5569	16.3406
-0.668428	251.912	42.497	16.3942
-0.535776	251.293	42.4319	16.4479
-0.359972	250.712	42.3684	16.5
-0.223426	250.102	42.2909	16.5543
-0.0872671	249.489	42.1955	16.608
0.0915814	248.918	42.0957	16.659
0.210073	248.325	41.9866	16.7109
0.31638	247.709	41.8631	16.7634
0.465663	247.035	41.7309	16.8196
0.55815	246.397	41.6052	16.8718
0.638421	245.758	41.4768	16.9237
0.707357	245.118	41.3554	16.9747
0.761661	244.447	41.2363	17.0281
0.802887	243.762	41.1217	17.0818
0.824927	243.098	41.0165	17.1339
0.828173	242.398	40.9115	17.1888
0.800351	241.717	40.8123	17.2422
0.780403	241.006	40.7139	17.2979
0.726654	240.37	40.6288	17.3488
0.671364	239.737	40.5487	17.4001
0.618071	239.084	40.4727	17.4534
0.536524	238.444	40.3943	17.5062
0.445894	237.846	40.3209	17.5564
0.348293	237.233	40.2435	17.6079
0.191617	236.636	40.1686	17.6596
0.0727098	236.007	40.0865	17.7128
-0.0523245	235.374	39.9939	17.7659
-0.192313	234.753	39.8962	17.8173
-0.357932	234.094	39.7825	17.8718
-0.502674	233.451	39.6622	17.9238
-0.633092	232.768	39.5351	17.979
-0.787036	232.049	39.3971	18.0369
-0.917821	231.352	39.2632	18.0931
-1.01934	230.676	39.1384	18.1475
-1.12165	230.016	39.0174	18.2007
-1.18569	229.352	38.8945	18.2537
-1.2461	228.657	38.7705	18.309
-1.29274	227.964	38.6462	18.3636
-1.31281	227.269	38.5272	18.4181
-1.32008	226.555	38.4058	18.4741
-1.3029	225.848	38.2899	18.5298
-1.28107	225.179	38.1857	18.5829
-1.2394	224.523	38.0887	18.6357
-1.18236	223.858	37.9958	18.6896
-1.07668	223.221	37.9126	18.7426
-0.992874	222.612	37.8445	18.7941
-0.892156	222.024	37.7818	18.8444
-0.782293	221.44	37.7221	18.895
-0.657119	220.861	37.661	18.9465
-0.532673	220.257	37.5871	18.9996
-0.358064	219.675	37.507	19.0521
-0.226025	219.074	37.4137	19.1051
-0.0898425	218.468	37.3094	19.1576
0.0595083	217.816	37.1896	19.2128
0.162136	217.198	37.0623	19.2647
0.271892	216.519	36.9258	19.32
0.383973	215.829	36.7831	19.3752
0.468537	215.167	36.6547	19.4275
0.550374	214.467	36.5251	19.4827
0.605772	213.825	36.4074	19.5329
0.648592	213.134	36.2825	19.5863
0.672975	212.47	36.1691	19.6381
0.678258	211.823	36.0649	19.6888
0.653003	211.131	35.9612	19.7429
0.611636	210.437	35.8677	19.7973
0.536885	209.769	35.7817	19.8505
0.461689	209.127	35.7034	19.9022
0.376597	208.473	35.6313	19.9555
0.286422	207.861	35.5639	20.006
0.153719	207.2	35.4906	20.0615
0.0584183	206.539	35.4247	20.1174
-0.0556494	205.95	35.3608	20.1678
-0.219447	205.354	35.2873	20.2196
-0.344962	204.768	35.2032	20.2702
-0.458984	204.085	35.0872	20.3275
-0.601445	203.405	34.96	20.3841
-0.705875	202.77	34.8385	20.4358
-0.806261	202.115	34.7121	20.4893
-0.934045	201.475	34.5884	20.542
-1.00644	200.757	34.4498	20.5993
-1.084	200.078	34.3209	20.6535
-1.14013	199.432	34.2033	20.7049
-1.18956	198.727	34.0779	20.7608
-1.21436	198.035	33.9555	20.8149
-1.22612	197.354	33.8396	20.8685
-1.219	196.691	33.7288	20.9209
-1.20489	196.005	33.6161	20.9751
-1.16884	195.356	33.5133	21.0268
-1.11587	194.705	33.416	21.0793
-1.01541	194.04	33.3284	21.1339
-0.924069	193.401	33.25	21.1865
-0.816297	192.79	33.1818	21.2377
-0.668788	192.142	33.1181	21.2938
-0.543071	191.558	33.0583	21.3442
-0.416312	190.922	32.9833	21.3995
-0.229779	190.37	32.9098	21.4501
-0.101848	189.758	32.8145	21.5035
0.00972709	189.116	32.7041	21.5602
0.161205	188.477	32.584	21.6155
0.312511	187.832	32.4615	21.6709
0.413907	187.18	32.3298	21.725
0.541118	186.516	32.201	21.7804
0.62288	185.821	32.0645	21.8366
0.693781	185.182	31.9461	21.8878
0.75529	184.499	31.8272	21.942
0.791231	183.805	31.7103	21.9969
0.812318	183.106	31.5985	22.052
0.824059	182.406	31.4901	22.1071
0.815161	181.764	31.3943	22.1578
0.777126	181.068	31.2925	22.2133
0.748135	180.419	31.2039	22.2653
0.68003	179.782	31.1207	22.3169
0.605133	179.159	31.0458	22.3677
0.481312	178.521	30.972	22.4214
0.36414	177.89	30.9071	22.4745
0.243327	177.296	30.8425	22.5249
0.117033	176.664	30.7699	22.5791
-0.0492766	176.012	30.6906	22.6359
-0.23072	175.384	30.5983	22.6911
-0.389227	174.804	30.504	22.7419
-0.509625	174.136	30.3814	22.7978
-0.68031	173.508	30.2624	22.8516
-0.81375	172.91	30.1462	22.9019
-0.912401	172.231	30.0113	22.9576
-1.04337	171.557	29.8803	23.0128
-1.13535	170.928	29.7589	23.0638
-1.20394	170.269	29.6315	23.1164
-1.26698	169.634	29.5141	23.167
-1.31689	168.984	29.3981	23.2184
-1.3476	168.303	29.2814	23.2725
-1.35888	167.662	29.1742	23.3235
-1.3623	166.959	29.0617	23.3794
-1.32897	166.302	28.9619	23.4317
-1.28988	165.669	28.8714	23.4825
-1.23562	165.012	28.7866	23.5358
-1.15516	164.377	28.7103	23.5878
-1.06826	163.745	28.6372	23.64
-0.941379	163.084	28.5671	23.6961
-0.832643	162.476	28.5015	23.7479
-0.71507	161.86	28.4318	23.8008
-0.573891	161.266	28.3603	23.8545
-0.453106	160.66	28.2731	23.9079
-0.279654	160.039	28.1747	23.9634
-0.162784	159.405	28.0593	24.0183
-0.034288	158.822	27.947	24.0684
0.123818	158.189	27.8202	24.1216
0.228921	157.524	27.6782	24.1766
0.371648	156.832	27.5386	24.2334
0.455182	156.146	27.3977	24.2882
0.55488	155.478	27.2673	24.3416
0.618092	154.78	27.1326	24.3965
0.665727	154.1	27.0099	24.4498
0.694477	153.431	26.8941	24.5021
0.695107	152.773	26.7846	24.5537
0.674489	152.093	26.6811	24.6069
0.617274	151.406	26.5849	24.6611
0.556265	150.751	26.5006	24.7133
0.48459	150.078	26.424	24.7677
0.360073	149.404	26.3477	24.824
0.269186	148.798	26.292	24.8749
0.165373	148.212	26.2345	24.9255
0.0475483	147.617	26.1748	24.9776
-0.0707763	147.037	26.1117	25.0282
-0.243571	146.426	26.0324	25.0831
-0.361389	145.851	25.9461	25.1352
-0.484186	145.275	25.8426	25.1859
-0.603257	144.701	25.7312	25.2364
-0.722919	144.085	25.6078	25.2893
-0.869728	143.453	25.4812	25.3436
-0.951859	142.792	25.3471	25.3987
-1.05172	142.149	25.2234	25.4515
-1.11407	141.501	25.101	25.504
-1.17176	140.811	24.9724	25.5592
-1.21034	140.119	24.8501	25.6143
-1.22946	139.49	24.7397	25.6643
-1.23639	138.789	24.6204	25.7204
-1.2144	138.105	24.5111	25.7752
-1.17565	137.428	24.4117	25.8297
-1.09947	136.745	24.3143	25.885
-1.0296	136.088	24.2322	25.9393
-0.931389	135.481	24.159	25.9895
-0.791981	134.823	24.0821	26.0448
-0.680047	134.215	24.0226	26.0966
-0.563293	133.59	23.9555	26.1497
-0.441924	133.003	23.8917	26.2012
-0.296842	132.394	23.8179	26.2565
-0.162464	131.834	23.7345	26.3074
-0.0412367	131.235	23.6327	26.3604
0.104689	130.614	23.5136	26.4157
0.215457	130.006	23.3943	26.4689
0.352679	129.387	23.2706	26.5221
0.436691	128.727	23.1366	26.5765
0.522883	128.063	23.0099	26.6307
0.607608	127.421	22.8896	26.6824
0.65903	126.738	22.7655	26.7367
0.694893	126.059	22.6511	26.7903
0.718309	125.375	22.5401	26.8444
0.73625	124.703	22.4335	26.8976
0.71359	124.026	22.3293	26.9515
0.68982	123.361	22.2299	27.005
0.658468	122.738	22.1431	27.0557
0.603525	122.12	22.0596	27.1067
0.53189	121.512	21.981	27.1575
0.414835	120.882	21.9046	27.2107
0.307403	120.262	21.8338	27.2633
0.19258	119.685	21.7722	27.3135
0.0681288	119.048	21.7068	27.3684
-0.107611	118.418	21.6304	27.4236
-0.238741	117.814	21.5476	27.4763
-0.376565	117.211	21.4509	27.5287
-0.566544	116.612	21.3433	27.5821
-0.696483	116.018	21.23	27.6323
-0.819999	115.416	21.1125	27.6835
-0.930141	114.76	20.9803	27.7387
-1.03248	114.154	20.8608	27.7892
-1.1277	113.524	20.7402	27.8409
-1.21529	112.902	20.6228	27.8918
-1.26944	112.259	20.5056	27.9433
-1.30923	111.594	20.3874	27.9962
-1.33732	110.931	20.2764	28.0488
-1.35145	110.279	20.17	28.1008
-1.34074	109.644	20.0683	28.1517
-1.33031	108.963	19.9639	28.206
-1.29176	108.284	19.8647	28.2607
-1.22118	107.607	19.7712	28.3156
-1.15494	106.96	19.693	28.3687
-1.04053	106.324	19.6198	28.4216
-0.97574	105.707	19.5532	28.4725
-0.84704	105.06	19.4902	28.5282
-0.689822	104.431	19.4211	28.5834
-0.575888	103.787	19.3462	28.6392
-0.447134	103.191	19.2605	28.6911
-0.283674	102.54	19.1523	28.7473
-0.169073	101.954	19.0483	28.7976
-0.00415272	101.316	18.9308	28.8533
0.10717	100.697	18.8134	28.905
0.213364	100.089	18.6908	28.9559
0.316612	99.4232	18.5619	29.0104
0.430348	98.7824	18.4385	29.0625
0.5089	98.1072	18.3066	29.1162
0.58115	97.4151	18.1777	29.1709
0.643197	96.7621	18.0569	29.2225
0.68089	96.0597	17.9287	29.2774
0.698975	95.418	17.8149	29.3281
0.699706	94.7321	17.6954	29.3821
0.684043	94.0459	17.5787	29.4362
0.648438	93.3761	17.4701	29.4891
0.576639	92.7187	17.3735	29.5421
0.494323	92.0897	17.2898	29.5935
0.395543	91.4157	17.2128	29.6491
0.281396	90.8141	17.1501	29.6997
0.153643	90.201	17.0888	29.752
-0.0211286	89.6084	17.0308	29.8046
-0.151372	89.0421	16.9725	29.8557
-0.275017	88.4769	16.9081	29.9078
-0.409509	87.9442	16.8313	29.9584
-0.549691	87.3904	16.7369	30.0087
-0.663813	86.8183	16.6314	30.0601
-0.790998	86.235	16.5182	30.112
-0.935241	85.6342	16.4007	30.1648
-1.02837	85.0281	16.2816	30.2162
-1.10162	84.3712	16.1512	30.2709
-1.18638	83.7062	16.0255	30.3257
-1.23555	83.0799	15.9095	30.3763
-1.26684	82.3901	15.7886	30.4316
-1.28485	81.744	15.6823	30.4832
-1.28397	81.1169	15.5819	30.5334
-1.26976	80.4597	15.4801	30.5861
-1.24709	79.8232	15.3863	30.6375
-1.20089	79.1932	15.3012	30.6887
-1.11089	78.5299	15.2175	30.7436
-1.02673	77.9137	15.1445	30.7949
-0.935967	77.3058	15.0773	30.8465
-0.846036	76.6738	15.0165	30.9014
-0.698594	76.0941	14.9588	30.9535
-0.582012	75.5005	14.9012	31.007
-0.463019	74.8992	14.8271	31.0604
-0.309868	74.3372	14.7474	31.1112
-0.114344	73.7456	14.6461	31.1662
0.00734925	73.1279	14.5261	31.2204
0.157469	72.4988	14.4	31.275
0.27264	71.8474	14.2612	31.3294
0.380066	71.209	14.1298	31.3819
0.492674	70.5392	13.9873	31.4369
0.571373	69.8843	13.8555	31.4893
0.650377	69.1955	13.7219	31.5444
0.6975	68.5029	13.5891	31.599
0.729344	67.8412	13.4708	31.6512
0.736901	67.1691	13.3554	31.7041
0.728419	66.4885	13.247	31.7577
0.692438	65.8348	13.1533	31.8096
0.613394	65.1324	13.0619	31.8654
0.527553	64.4538	12.9887	31.92
0.39765	63.8101	12.9203	31.9732
0.292587	63.1854	12.8588	32.0253
0.180715	62.5445	12.8027	32.0795
0.00778051	61.905	12.7363	32.1354
-0.126334	61.3364	12.6728	32.1855
-0.232682	60.7422	12.595	32.2385
-0.416551	60.163	12.5015	32.2935
-0.537464	59.5842	12.397	32.3444
-0.658663	59.0038	12.2857	32.396
-0.770613	58.4291	12.1717	32.4461
-0.859407	57.8188	12.0461	32.498
-0.955527	57.2092	11.9239	32.5493
-1.04554	56.5719	11.7979	32.6018
-1.12941	55.9372	11.6745	32.6534
-1.18089	55.3139	11.5577	32.7036
-1.21454	54.6801	11.4439	32.7545
-1.23509	54.0397	11.3336	32.8056
-1.24644	53.3671	11.22	32.8597
-1.22861	52.6919	11.1108	32.914
-1.2004	52.0483	11.0097	32.9655
-1.16006	51.3623	10.9073	33.0212
-1.09375	50.7394	10.82	33.0722
-0.987903	50.1298	10.742	33.123
-0.89369	49.5217	10.6711	33.174
-0.773311	48.9038	10.6053	33.2267
-0.654651	48.3199	10.5578	33.2777
-0.514335	47.6975	10.4962	33.3334
-0.330775	47.1301	10.4376	33.3855
-0.199796	46.5498	10.3716	33.438
-0.0172887	45.956	10.284	33.493
0.126413	45.3815	10.1884	33.5448
0.261137	44.7818	10.076	33.5989
0.389668	44.2099	9.96404	33.6492
0.53935	43.5725	9.83919	33.7037
0.64079	42.9169	9.70428	33.7586
0.761187	42.2413	9.57189	33.8144
0.839916	41.5954	9.44618	33.8664
0.905237	40.9419	9.31961	33.9183
0.965129	40.2307	9.19435	33.9746
1.00032	39.5302	9.07547	34.03
1.0124	38.8345	8.96374	34.0855
1.01976	38.1807	8.86359	34.1378
1.00495	37.5396	8.76717	34.1892
0.974536	36.8801	8.66886	34.2421
0.915902	36.255	8.57723	34.2932
0.861998	35.5997	8.4835	34.3468
0.801658	34.9762	8.399	34.3986
0.705369	34.3317	8.31493	34.4523
0.593281	33.7258	8.24311	34.5029
0.430197	33.0872	8.17214	34.5575
0.289124	32.4759	8.11369	34.61
0.130099	31.8559	8.04441	34.6639
-0.063488	31.2821	7.97368	34.714
-0.212356	30.6585	7.88217	34.7677
-0.378218	30.0749	7.78417	34.8191
-0.528765	29.4736	7.67371	34.8708
-0.684292	28.8849	7.56059	34.9221
-0.854493	28.2451	7.43923	34.9776
-0.948646	27.6389	7.32216	35.0286
-1.04968	27.0249	7.20912	35.08
-1.14145	26.3927	7.09457	35.1322
-1.23639	25.7491	6.9791	35.1847
-1.28601	25.1127	6.86644	35.2358
-1.32468	24.4871	6.7573	35.2859
-1.35034	23.7892	6.63878	35.3414
-1.36368	23.0932	6.52438	35.3967
-1.36372	22.4069	6.41578	35.4515
-1.33161	21.726	6.3138	35.5062
-1.29937	21.0467	6.21506	35.5611
-1.24763	20.4287	6.12744	35.6115
-1.17592	19.8119	6.04526	35.6623
-1.06321	19.1936	5.9678	35.7143
-0.951298	18.6029	5.90086	35.7648
-0.835726	17.9838	5.83353	35.8179
-0.717149	17.4192	5.78253	35.8683
-0.587431	16.7993	5.71316	35.9237
-0.412345	16.2274	5.6424	35.9768
-0.270731	15.6654	5.56333	36.0283
-0.148032	15.057	5.46125	36.0834
-0.00917572	14.4984	5.35849	36.1336
0.122225	13.934	5.24713	36.1837
0.27783	13.3171	5.12278	36.2379
0.397414	12.7358	5.00307	36.2879
0.511681	12.1125	4.87304	36.3404
0.600237	11.4949	4.75205	36.391
0.681943	10.8757	4.63557	36.4414
0.74466	10.2113	4.51648	36.4945
0.799313	9.51605	4.39752	36.5498
0.825275	8.83107	4.28649	36.6042
0.830709	8.17436	4.18298	36.6563
0.829934	7.50317	4.08	36.7098
0.813335	6.86616	3.98387	36.7607
0.783119	6.22819	3.88858	36.8121
0.714839	5.54328	3.78746	36.8673
0.661039	4.87621	3.69646	36.9212
0.580975	4.25398	3.61787	36.972
0.443282	3.58719	3.53793	37.0274
0.317042	2.98395	3.47443	37.0777
0.189494	2.35762	3.41328	37.1301
0.01622	1.72155	3.33804	37.185
-0.123367	1.12975	3.26144	37.2356
-0.263599	0.494637	3.16722	37.2908
-0.397622	-0.111449	3.06753	37.3436
-0.570353	-0.692411	2.9623	37.3949
-0.680652	-1.34253	2.83778	37.4507
-0.794957	-1.94887	2.72304	37.5025
-0.893729	-2.53868	2.61212	37.5525
-1.00582	-3.15263	2.4983	37.604
-1.06067	-3.76984	2.38556	37.6548
-1.14391	-4.39029	2.27412	37.7056
-1.19249	-5.03148	2.1605	37.7575
-1.22682	-5.65646	2.05107	37.8077
-1.24947	-6.35051	1.93387	37.863
-1.25728	-7.03719	1.82181	37.9179
-1.25201	-7.72552	1.7138	37.9731
-1.21992	-8.38892	1.61379	38.0265
-1.18698	-9.0522	1.51844	38.0801
-1.11527	-9.72863	1.42386	38.1353
-1.04426	-10.3336	1.34306	38.1854
-0.973261	-10.9794	1.26239	38.2395
-0.887246	-11.5757	1.18918	38.2897
-0.789487	-12.2213	1.1107	38.3447
-0.637469	-12.8113	1.04249	38.3967
-0.516931	-13.3762	0.977067	38.4471
-0.397877	-13.9814	0.901801	38.5017
-0.217845	-14.5687	0.815925	38.5553
-0.0714083	-15.1257	0.724422	38.6061
0.0647887	-15.692	0.62308	38.6569
0.177438	-16.3122	0.501304	38.7112
0.293656	-16.9111	0.382088	38.7635
0.440941	-17.5192	0.260797	38.8161
0.530233	-18.1673	0.131723	38.87
0.619395	-18.7956	0.013748	38.9217
0.711065	-19.4809	-0.108985	38.9766
0.768236	-20.1971	-0.235146	39.0332
0.816239	-20.8964	-0.35177	39.0886
0.850902	-21.5639	-0.462229	39.1415
0.871554	-22.2038	-0.565901	39.1922
0.875158	-22.8968	-0.678525	39.2473
0.869942	-23.5432	-0.783665	39.2989
0.855896	-24.2255	-0.895329	39.3537
0.810829	-24.8706	-0.998708	39.4057
0.760726	-25.5205	-1.10181	39.4586
0.703469	-26.1851	-1.19997	39.5121
0.610115	-26.8221	-1.28554	39.564
0.467808	-27.4943	-1.36678	39.6195
0.333613	-28.1023	-1.42429	39.6699
0.207593	-28.7619	-1.49763	39.7251
0.0147063	-29.3414	-1.56379	39.7766
-0.114261	-29.9367	-1.63992	39.8274
-0.240033	-30.5358	-1.72406	39.8801
-0.402757	-31.1113	-1.81758	39.9323
-0.579552	-31.7068	-1.92089	39.9871
-0.707339	-32.3007	-2.0358	40.0411
-0.828659	-32.8784	-2.14696	40.0919
-0.969439	-33.5095	-2.26922	40.147
-1.05222	-34.1352	-2.39881	40.2006
-1.15244	-34.7955	-2.52474	40.2556
-1.20249	-35.4681	-2.65117	40.3104
-1.24594	-36.0902	-2.76236	40.3605
-1.27304	-36.742	-2.87498	40.4129
-1.29022	-37.419	-2.98655	40.4671
-1.28606	-38.0948	-3.09451	40.5213
-1.26732	-38.7389	-3.19023	40.573
-1.22146	-39.3845	-3.28067	40.6252
-1.16587	-40.0377	-3.36511	40.6784
-1.09496	-40.6822	-3.43861	40.7319
-0.983419	-41.3269	-3.51325	40.7865
-0.882353	-41.9344	-3.57874	40.8391
-0.785158	-42.5115	-3.62769	40.8899
-0.662495	-43.1055	-3.68505	40.9437
-0.534559	-43.6647	-3.74267	40.9948
-0.346678	-44.2271	-3.81183	41.0493
-0.236113	-44.8078	-3.89913	41.1031
-0.0497008	-45.3883	-3.99951	41.1565
0.0882033	-45.9501	-4.10682	41.2071
0.207189	-46.5644	-4.2346	41.2606
0.330723	-47.1541	-4.35765	41.3116
0.444011	-47.7594	-4.48215	41.3627
0.574986	-48.4068	-4.60835	41.4166
0.661731	-49.059	-4.72953	41.4696
0.741524	-49.6917	-4.84472	41.521
0.814078	-50.3604	-4.95802	41.5749
0.855466	-51.0315	-5.06877	41.628
0.89159	-51.7373	-5.18543	41.6836
0.912268	-52.3779	-5.29112	41.7347
0.915637	-53.0753	-5.40649	41.79
0.912621	-53.7349	-5.51605	41.8425
0.89364	-54.369	-5.61913	41.8933
0.849299	-55.0359	-5.7267	41.9474
0.794564	-55.6524	-5.82543	41.9979
0.731976	-56.2892	-5.92153	42.05
0.660393	-56.9142	-6.00832	42.1015
0.572957	-57.5421	-6.09211	42.1536
0.442836	-58.179	-6.17185	42.2069
0.329765	-58.8432	-6.24314	42.2625
0.153552	-59.4765	-6.30973	42.3172
0.00499558	-60.0654	-6.36915	42.3689
-0.144415	-60.6957	-6.43796	42.4242
-0.311427	-61.2827	-6.51747	42.4762
-0.45615	-61.8658	-6.60763	42.5279
-0.583775	-62.4809	-6.71978	42.5823
-0.712023	-63.0808	-6.83397	42.6349
-0.86277	-63.6684	-6.94953	42.6859
-0.971755	-64.2636	-7.06737	42.7362
-1.06194	-64.8988	-7.19082	42.7891
-1.13311	-65.5123	-7.30889	42.8391
-1.19215	-66.1794	-7.43716	42.893
-1.25331	-66.8736	-7.5629	42.9485
-1.28176	-67.5446	-7.68179	43.0017
-1.29484	-68.2193	-7.79622	43.0552
-1.28684	-68.9008	-7.90843	43.1091
-1.26528	-69.5462	-8.00821	43.1607
-1.22807	-70.1921	-8.10746	43.2125
-1.17245	-70.8399	-8.19942	43.2653
-1.07025	-71.4705	-8.28056	43.318
-0.989515	-72.1259	-8.35312	43.3728
-0.87666	-72.7141	-8.41195	43.4243
-0.755091	-73.295	-8.46537	43.4757
-0.603147	-73.8784	-8.52057	43.5295
-0.448113	-74.4043	-8.57489	43.5802
-0.340157	-74.9677	-8.64426	43.6332
-0.167063	-75.5418	-8.73315	43.6874
-0.0402268	-76.1026	-8.83106	43.7388
0.0988158	-76.6782	-8.94167	43.7906
0.202338	-77.2875	-9.07265	43.8438
0.320198	-77.8802	-9.19759	43.8956
0.449081	-78.4643	-9.31879	43.9458
0.528317	-79.104	-9.44471	43.9986
0.586203	-79.7588	-9.57176	44.052
0.637902	-80.3762	-9.68327	44.1021
0.674406	-81.0539	-9.80084	44.1562
0.703697	-81.7172	-9.91328	44.2091
0.715418	-82.3609	-10.0222	44.2602
0.717161	-83.0125	-10.1324	44.312
0.699332	-83.6653	-10.2379	44.3639
0.64887	-84.3658	-10.347	44.4195
0.597796	-84.984	-10.4392	44.4697
0.529865	-85.598	-10.5231	44.52
0.45459	-86.2601	-10.602	44.5745
0.364658	-86.8739	-10.6709	44.6256
0.224226	-87.4743	-10.7325	44.6773
0.12589	-88.1032	-10.7877	44.7317
-0.0101085	-88.7096	-10.8473	44.7852
-0.180252	-89.3318	-10.9121	44.8412
-0.293126	-89.9174	-10.9915	44.8921
-0.447635	-90.4779	-11.0803	44.9432
-0.582002	-91.0633	-11.1846	44.9951
-0.75499	-91.7009	-11.3033	45.0509
-0.849514	-92.3043	-11.4244	45.1024
-0.98804	-92.9325	-11.5455	45.1569
-1.07363	-93.5785	-11.6719	45.2113
-1.15641	-94.1876	-11.7859	45.2617
-1.22016	-94.832	-11.903	45.3145
-1.28031	-95.4683	-12.0188	45.3659
-1.32493	-96.1	-12.1315	45.4165
-1.35594	-96.7835	-12.2484	45.4711
-1.37015	-97.4203	-12.3544	45.5218
-1.3657	-98.0787	-12.4548	45.5748
-1.32962	-98.7534	-12.5532	45.6295
-1.29246	-99.3974	-12.6418	45.6826
-1.23572	-100.032	-12.7257	45.7351
-1.13538	-100.638	-12.8019	45.787
-1.04444	-101.236	-12.8723	45.8384
-0.9632	-101.852	-12.935	45.8918
-0.837297	-102.428	-12.9942	45.9443
-0.656468	-103.005	-13.0557	45.9988
-0.512381	-103.558	-13.1206	46.0513
-0.392194	-104.106	-13.1944	46.1018
-0.237927	-104.715	-13.2928	46.1573
-0.0532067	-105.283	-13.3923	46.209
0.095502	-105.848	-13.4982	46.2598
0.222501	-106.46	-13.62	46.3132
0.376046	-107.114	-13.7466	46.3682
0.472938	-107.741	-13.869	46.4207
0.563813	-108.363	-13.9935	46.4724
0.643433	-108.988	-14.1097	46.5236
0.713805	-109.624	-14.2213	46.5751
0.781806	-110.281	-14.3306	46.6282
0.82107	-110.919	-14.432	46.6797
0.850932	-111.585	-14.5361	46.7332
0.8662	-112.244	-14.6398	46.7862
0.865442	-112.916	-14.7458	46.84
0.862413	-113.572	-14.8508	46.8928
0.84136	-114.23	-14.9575	46.9458
0.802174	-114.871	-15.0622	46.9975
0.758178	-115.506	-15.1647	47.0487
0.707035	-116.181	-15.2699	47.1037
0.607198	-116.84	-15.3663	47.1583
0.501164	-117.467	-15.4479	47.2101
0.397745	-118.116	-15.5205	47.2638
0.229936	-118.742	-15.5908	47.3182
0.081818	-119.36	-15.661	47.3715
-0.0631614	-119.987	-15.733	47.4259
-0.206659	-120.583	-15.8147	47.4771
-0.371704	-121.18	-15.9076	47.5299
-0.513819	-121.764	-16.0087	47.581
-0.629781	-122.418	-16.1297	47.6365
-0.77021	-123.018	-16.242	47.6879
-0.865541	-123.668	-16.3654	47.7428
-0.994947	-124.312	-16.4838	47.7975
-1.07882	-124.927	-16.5968	47.8483
-1.13727	-125.585	-16.7186	47.9023
-1.18421	-126.208	-16.8285	47.9525
-1.21712	-126.895	-16.945	48.0075
-1.24075	-127.59	-17.0607	48.063
-1.24614	-128.22	-17.1625	48.1133
-1.23657	-128.89	-17.266	48.1673
-1.20211	-129.565	-17.3685	48.2216
-1.16341	-130.234	-17.4647	48.2756
-1.10342	-130.852	-17.5484	48.3269
-0.999853	-131.462	-17.6268	48.3785
-0.902499	-132.066	-17.6987	48.4302
-0.823369	-132.7	-17.7627	48.4846
-0.709732	-133.291	-17.822	48.5375
-0.551467	-133.869	-17.8804	48.5908
-0.412004	-134.433	-17.9404	48.6441
-0.223338	-135.01	-18.0206	48.6987
-0.0786916	-135.572	-18.113	48.7496
0.0535019	-136.135	-18.2154	48.7998
0.179561	-136.753	-18.3385	48.8539
0.306837	-137.347	-18.4573	48.9048
0.426184	-137.938	-18.5744	48.9551
0.557329	-138.552	-18.6916	49.0078
0.650129	-139.16	-18.8051	49.0586
0.726939	-139.775	-18.9172	49.1093
0.794474	-140.434	-19.0354	49.1627
0.847252	-141.091	-19.1468	49.2157
0.890004	-141.736	-19.2523	49.2675
0.918751	-142.411	-19.3604	49.3214
0.943984	-143.087	-19.4657	49.3753
0.941107	-143.752	-19.568	49.4289
0.943092	-144.399	-19.6679	49.4809
0.934413	-145.046	-19.771	49.5337
0.915491	-145.686	-19.8752	49.586
0.856315	-146.299	-19.9762	49.6373
0.812882	-146.964	-20.0833	49.6919
0.753689	-147.62	-20.1874	49.7463
0.665991	-148.217	-20.2765	49.7963
0.514972	-148.872	-20.3676	49.8514
0.401922	-149.529	-20.4445	49.9068
0.229915	-150.139	-20.511	49.9593
0.0735636	-150.752	-20.5779	50.0122
-0.0609712	-151.415	-20.6553	50.068
-0.238159	-151.997	-20.7351	50.1189
-0.368701	-152.64	-20.8358	50.1725
-0.486132	-153.258	-20.9427	50.2235
-0.605763	-153.87	-21.0518	50.2747
-0.745503	-154.519	-21.168	50.3295
-0.833945	-155.18	-21.2904	50.3843
-0.929646	-155.807	-21.4046	50.4358
-1.01817	-156.485	-21.5274	50.4911
-1.06929	-157.162	-21.6529	50.5455
-1.10805	-157.809	-21.7685	50.5969
-1.13582	-158.513	-21.889	50.6529
-1.1441	-159.2	-22.0057	50.7078
-1.12734	-159.872	-22.1144	50.7618
-1.10317	-160.562	-22.2212	50.817
-1.04171	-161.235	-22.3187	50.8715
-0.979439	-161.868	-22.4001	50.9239
-0.90143	-162.474	-22.4743	50.9748
-0.814371	-163.088	-22.5439	51.027
-0.67523	-163.678	-22.6063	51.0793
-0.55685	-164.277	-22.6639	51.1331
-0.431915	-164.865	-22.7318	51.1861
-0.304671	-165.429	-22.805	51.237
-0.145692	-165.989	-22.8914	51.2891
-0.0160602	-166.575	-22.9932	51.3411
0.11827	-167.156	-23.1018	51.3926
0.229279	-167.761	-23.2244	51.4454
0.353153	-168.363	-23.3438	51.497
0.486791	-169.01	-23.4714	51.5521
0.575351	-169.635	-23.5986	51.6042
0.655974	-170.246	-23.7148	51.6546
0.722619	-170.883	-23.8306	51.7063
0.784544	-171.537	-23.9447	51.7592
0.820501	-172.194	-24.0559	51.812
0.839491	-172.825	-24.1604	51.8633
0.848285	-173.448	-24.2621	51.9134
0.836527	-174.122	-24.3683	51.9676
0.795588	-174.764	-24.4673	52.0199
0.754033	-175.4	-24.562	52.0718
0.69339	-176.051	-24.6509	52.1253
0.617977	-176.675	-24.7298	52.1771
0.484433	-177.27	-24.7962	52.2283
0.372237	-177.852	-24.8556	52.2786
0.263904	-178.489	-24.9165	52.3338
0.123691	-179.059	-24.9795	52.3849
-0.012439	-179.646	-25.0537	52.4365
-0.141723	-180.245	-25.1388	52.4887
-0.316838	-180.832	-25.2321	52.5414
-0.451682	-181.45	-25.3428	52.5947
-0.572267	-182.041	-25.4523	52.6448
-0.68459	-182.653	-25.5682	52.6968
-0.784316	-183.273	-25.6875	52.7491
-0.890652	-183.933	-25.813	52.8035
-0.964114	-184.552	-25.9339	52.8544
-1.02138	-185.217	-26.0549	52.9083
-1.07784	-185.873	-26.1722	52.9612
-1.1091	-186.515	-26.2841	53.0121
-1.13256	-187.197	-26.4009	53.0662
-1.13499	-187.888	-26.5129	53.1212
-1.12294	-188.519	-26.6126	53.1715
-1.08639	-189.168	-26.7119	53.2234
-1.03671	-189.816	-26.8047	53.2752
-0.972385	-190.474	-26.8937	53.3288
-0.88888	-191.084	-26.969	53.3791
-0.758324	-191.68	-27.0366	53.4296
-0.647274	-192.302	-27.1053	53.4831
-0.54668	-192.92	-27.1671	53.5372
-0.382645	-193.498	-27.2348	53.5904
-0.242809	-194.07	-27.3099	53.6432
-0.14683	-194.642	-27.3973	53.6943
-0.00840554	-195.224	-27.4954	53.748
0.159634	-195.809	-27.5998	53.8019
0.286902	-196.39	-27.7049	53.8529
0.404546	-197.015	-27.8235	53.9074
0.505089	-197.614	-27.9385	53.9577
0.629712	-198.235	-28.0569	54.0104
0.719369	-198.916	-28.1863	54.0666
0.80799	-199.584	-28.3048	54.121
0.864852	-200.215	-28.4128	54.172
0.90907	-200.847	-28.5172	54.2232
0.946684	-201.484	-28.6213	54.2746
0.967689	-202.138	-28.727	54.3273
0.968823	-202.793	-28.8325	54.3802
0.960768	-203.412	-28.9326	54.4305
0.944557	-204.086	-29.0431	54.485
0.910483	-204.732	-29.147	54.5377
0.838213	-205.383	-29.2489	54.5911
0.767693	-206.026	-29.3446	54.6437
0.684484	-206.666	-29.4302	54.6965
0.54561	-207.307	-29.5097	54.7505
0.420767	-207.911	-29.5785	54.8018
0.279987	-208.49	-29.6431	54.8523
0.12734	-209.063	-29.7094	54.9034
-0.0209916	-209.613	-29.7763	54.9541
-0.137839	-210.222	-29.8568	55.0077
-0.270977	-210.768	-29.9406	55.058
-0.446216	-211.357	-30.0389	55.112
-0.571781	-211.969	-30.1508	55.1653
-0.683739	-212.608	-30.268	55.2199
-0.812091	-213.23	-30.3841	55.2727
-0.900141	-213.842	-30.5036	55.3243
-0.967277	-214.51	-30.6275	55.3788
-1.05552	-215.17	-30.7484	55.4326
-1.10006	-215.831	-30.8679	55.4863
-1.13567	-216.486	-30.9795	55.5391
-1.16311	-217.181	-31.0975	55.5946
-1.17261	-217.82	-31.2028	55.6456
-1.16561	-218.451	-31.3001	55.6962
-1.12574	-219.132	-31.3983	55.7512
-1.06978	-219.757	-31.4801	55.8022
-1.01027	-220.388	-31.5549	55.8543
-0.935965	-221.006	-31.6164	55.906
-0.845967	-221.594	-31.6765	55.9562
-0.738137	-222.201	-31.7384	56.0089
-0.632386	-222.776	-31.7972	56.0595
-0.488293	-223.347	-31.8639	56.112
-0.384694	-223.956	-31.9474	56.1668
-0.221163	-224.533	-32.0436	56.2202
-0.12574	-225.171	-32.1591	56.2754
-0.00497118	-225.757	-32.2698	56.3262
0.101102	-226.37	-32.3901	56.3786
0.241702	-227.017	-32.5192	56.4335
0.329534	-227.645	-32.65	56.486
0.415043	-228.275	-32.7724	56.5374
0.497031	-228.918	-32.8939	56.59
0.584756	-229.583	-33.0169	56.6435
0.638403	-230.219	-33.1321	56.6943
0.687131	-230.86	-33.2483	56.7457
0.72032	-231.497	-33.3586	56.7966
0.736286	-232.127	-33.4673	56.8471
0.730358	-232.804	-33.5803	56.9012
0.712555	-233.475	-33.6878	56.9547
0.673433	-234.101	-33.7794	57.0054
0.589521	-234.783	-33.8706	57.0608
0.512534	-235.431	-33.9481	57.114
0.415265	-236.034	-34.0111	57.1643
0.324602	-236.667	-34.0675	57.2178
0.181334	-237.28	-34.1287	57.2717
0.0503149	-237.879	-34.1929	57.3246
-0.0458533	-238.476	-34.2649	57.3783
-0.162691	-239.035	-34.349	57.4299
-0.324586	-239.563	-34.4401	57.4802
-0.448581	-240.118	-34.545	57.5304
-0.571063	-240.714	-34.6625	57.5829
-0.681399	-241.311	-34.7843	57.635
-0.7645	-241.9	-34.9117	57.6852
-0.852273	-242.564	-35.0422	57.7401
-0.938237	-243.234	-35.1706	57.7943
-0.989092	-243.911	-35.2988	57.8483
-1.03828	-244.546	-35.4129	57.899
-1.06998	-245.19	-35.5257	57.9504
-1.08177	-245.847	-35.6382	58.0032
-1.0745	-246.469	-35.7413	58.0533
-1.05076	-247.127	-35.8421	58.1066
-1.00241	-247.787	-35.9319	58.1606
-0.905281	-248.444	-36.0117	58.215
-0.805123	-249.048	-36.0768	58.2654
-0.705849	-249.643	-36.129	58.3158
-0.605417	-250.26	-36.1887	58.368
-0.476038	-250.862	-36.249	58.4209
-0.299083	-251.462	-36.3175	58.4753
-0.192347	-252.024	-36.3878	58.5267
-0.0661383	-252.563	-36.4729	58.5767
0.0582621	-253.146	-36.5745	58.6284
0.179136	-253.707	-36.6798	58.6791
0.329889	-254.323	-36.7986	58.7341
0.404436	-254.957	-36.9328	58.7879
0.505153	-255.598	-37.0672	58.8415
0.572011	-256.28	-37.2155	58.8971
0.630437	-256.938	-37.3465	58.9502
0.676404	-257.585	-37.4678	59.0023
0.698698	-258.248	-37.5892	59.0559
0.705744	-258.887	-37.7008	59.1066
0.701655	-259.548	-37.8122	59.1593
0.665595	-260.202	-37.9192	59.2119
0.632148	-260.898	-38.0263	59.2683
0.578084	-261.532	-38.1144	59.3204
0.466331	-262.145	-38.1867	59.3721
0.353219	-262.744	-38.2436	59.4235
0.223242	-263.33	-38.2907	59.4749
0.0960286	-263.907	-38.3367	59.5255
-0.042564	-264.49	-38.3845	59.5786
-0.253469	-265.013	-38.4437	59.6309
-0.409315	-265.58	-38.528	59.6831
-0.549742	-266.149	-38.6309	59.7363
-0.731595	-266.75	-38.7473	59.7915
-0.854805	-267.346	-38.8656	59.8443
-0.965076	-267.971	-38.9954	59.8985
-1.06287	-268.593	-39.1196	59.9513
-1.18085	-269.193	-39.2391	60.0022
-1.25581	-269.858	-39.3724	60.057
-1.33548	-270.528	-39.4983	60.1114
-1.37937	-271.179	-39.616	60.1635
-1.4115	-271.828	-39.7289	60.2156
-1.43497	-272.472	-39.8407	60.2669
-1.44259	-273.124	-39.9507	60.319
-1.42668	-273.818	-40.0657	60.3743
-1.39493	-274.473	-40.1733	60.4265
-1.34973	-275.112	-40.275	60.4778
-1.26278	-275.801	-40.3824	60.5342
-1.17301	-276.413	-40.4726	60.5851
-1.07945	-277.056	-40.5561	60.6395
-0.937224	-277.687	-40.63	60.6941
-0.815147	-278.285	-40.6815	60.7472
-0.625997	-278.872	-40.7339	60.8019
-0.494794	-279.466	-40.7867	60.8568
-0.341609	-279.994	-40.8482	60.907
-0.196052	-280.564	-40.9305	60.9616
0.00154358	-281.095	-41.0182	61.0132
0.138774	-281.673	-41.1273	61.0665
0.292311	-282.291	-41.2496	61.1211
0.455663	-282.917	-41.3832	61.1767
0.573215	-283.522	-41.5064	61.228
0.707275	-284.17	-41.6332	61.2825
0.777975	-284.81	-41.7523	61.335
0.830701	-285.446	-41.8663	61.3869
0.873394	-286.088	-41.9719	61.4387
0.901038	-286.757	-42.08	61.4926
0.909988	-287.426	-42.1872	61.5465
0.901342	-288.055	-42.286	61.5976
0.870825	-288.735	-42.3899	61.6522
0.831474	-289.397	-42.4876	61.7058
0.789745	-290.056	-42.5794	61.7595
0.702024	-290.678	-42.6642	61.8114
0.615731	-291.325	-42.7494	61.8653
0.531908	-291.95	-42.8202	61.9183
0.411265	-292.549	-42.8816	61.9703
0.236436	-293.12	-42.9321	62.0223
0.0871543	-293.663	-42.978	62.0727
-0.0823404	-294.233	-43.0365	62.1259
-0.194338	-294.84	-43.1148	62.1799
-0.351294	-295.373	-43.2009	62.2304
-0.555235	-295.93	-43.3025	62.2826
-0.692794	-296.542	-43.422	62.3367
-0.833878	-297.171	-43.5426	62.3912
-0.982577	-297.764	-43.6588	62.4427
-1.10112	-298.36	-43.7745	62.4937
-1.21097	-298.973	-43.889	62.5454
-1.29647	-299.588	-44.002	62.5964
-1.35863	-300.206	-44.1156	62.6468
-1.41642	-300.885	-44.235	62.7019
-1.47003	-301.513	-44.344	62.7524
-1.49813	-302.145	-44.4524	62.803
-1.51331	-302.795	-44.563	62.8548
-1.517	-303.444	-44.6718	62.9069
-1.50251	-304.099	-44.7792	62.9593
-1.47306	-304.744	-44.8807	63.0113
-1.40949	-305.374	-44.9746	63.0628
-1.35578	-306.054	-45.0646	63.1184
-1.27519	-306.667	-45.1362	63.1693
-1.1515	-307.311	-45.205	63.224
-1.03991	-307.948	-45.2615	63.279
-0.875085	-308.552	-45.319	63.3332
-0.746412	-309.146	-45.3775	63.3867
-0.619122	-309.688	-45.4319	63.4371
-0.495257	-310.265	-45.5099	63.4885
-0.323578	-310.851	-45.6028	63.5425
-0.186733	-311.418	-45.7037	63.593
-0.0799848	-312.058	-45.8274	63.6483
0.0281548	-312.698	-45.951	63.7019
0.155898	-313.315	-46.0725	63.7536
0.240498	-313.975	-46.203	63.8082
0.325705	-314.62	-46.3234	63.861
0.414692	-315.265	-46.4409	63.9131
0.477251	-315.955	-46.5651	63.9687
0.533609	-316.596	-46.6755	64.0203
0.587171	-317.266	-46.7887	64.0739
0.622258	-317.96	-46.9062	64.1291
0.648426	-318.607	-47.0162	64.1813
0.663128	-319.3	-47.1354	64.2369
0.661358	-319.945	-47.2481	64.2886
0.637873	-320.635	-47.3639	64.3435
0.603735	-321.291	-47.4708	64.3967
0.553902	-321.954	-47.5734	64.4505
0.470183	-322.61	-47.666	64.5044
0.375379	-323.231	-47.7432	64.5558
0.261616	-323.843	-47.8111	64.6075
0.152315	-324.422	-47.8615	64.6577
0.0228873	-324.994	-47.9165	64.7088
-0.134722	-325.584	-47.9776	64.7624
-0.257429	-326.135	-48.0389	64.8132
-0.394643	-326.702	-48.1162	64.866
-0.52039	-327.28	-48.2086	64.9198
-0.699148	-327.888	-48.3182	64.975
-0.808449	-328.499	-48.4373	65.0287
-0.934508	-329.083	-48.5521	65.0805
-1.0728	-329.695	-48.6727	65.1338
-1.15758	-330.304	-48.7909	65.185
-1.22818	-330.958	-48.9168	65.2394
-1.31281	-331.624	-49.0382	65.2941
-1.36907	-332.25	-49.15	65.3448
-1.41615	-332.873	-49.2582	65.395
-1.45018	-333.516	-49.3681	65.4467
-1.47702	-334.167	-49.4817	65.4989
-1.48625	-334.822	-49.5925	65.5513
-1.4719	-335.465	-49.7009	65.6033
-1.44849	-336.101	-49.8039	65.6547
-1.41181	-336.769	-49.9051	65.7094
-1.34899	-337.387	-49.9902	65.7601
-1.2639	-337.997	-50.0666	65.8103
-1.13742	-338.635	-50.1407	65.8643
-1.02825	-339.268	-50.2016	65.9182
-0.909238	-339.879	-50.2621	65.9712
-0.749686	-340.491	-50.3221	66.026
-0.612836	-341.063	-50.3747	66.0782
-0.469989	-341.607	-50.4406	66.1283
-0.274293	-342.205	-50.524	66.1842
-0.128922	-342.782	-50.6165	66.2364
-0.0122883	-343.364	-50.7206	66.2882
0.122597	-343.95	-50.8307	66.3389
0.248986	-344.55	-50.948	66.3908
0.369541	-345.165	-51.0684	66.4432
0.496094	-345.787	-51.1899	66.495
0.590124	-346.445	-51.32	66.5489
0.693059	-347.12	-51.445	66.6037
0.763643	-347.77	-51.563	66.6559
0.829853	-348.434	-51.6837	66.7091
0.878131	-349.114	-51.8054	66.7634
0.912909	-349.77	-51.9259	66.8154
0.93623	-350.46	-52.0532	66.87
0.931084	-351.154	-52.1735	66.9251
0.914809	-351.804	-52.2808	66.9771
0.888373	-352.468	-52.3842	67.0305
0.819219	-353.131	-52.4822	67.0846
0.756953	-353.766	-52.5707	67.1367
0.674795	-354.362	-52.6488	67.1869
0.573716	-354.953	-52.7198	67.2372
0.455855	-355.542	-52.7774	67.2885
0.332296	-356.161	-52.8396	67.3417
0.173917	-356.748	-52.8949	67.394
0.0336756	-357.306	-52.9477	67.4442
-0.123108	-357.894	-53.0111	67.4978
-0.259756	-358.489	-53.0821	67.5515
-0.401667	-359.063	-53.1643	67.6024
-0.580413	-359.648	-53.2589	67.6554
-0.726587	-360.236	-53.3634	67.7077
-0.862108	-360.86	-53.4843	67.7617
-1.0167	-361.446	-53.6	67.8133
-1.11348	-362.038	-53.7192	67.8634
-1.20547	-362.634	-53.8396	67.9135
-1.2938	-363.262	-53.9646	67.9656
-1.36017	-363.923	-54.0988	68.0199
-1.4196	-364.568	-54.2226	68.072
-1.46276	-365.207	-54.3426	68.1236
-1.49354	-365.882	-54.4648	68.1772
-1.50465	-366.535	-54.5839	68.2293
-1.49602	-367.162	-54.6891	68.2797
-1.46879	-367.787	-54.7888	68.33
-1.39756	-368.457	-54.8896	68.3846
-1.32694	-369.07	-54.972	68.4351
-1.23789	-369.693	-55.0479	68.4868
-1.13047	-370.317	-55.1106	68.5397
-0.970217	-370.943	-55.1741	68.5941
-0.84614	-371.577	-55.2276	68.6496
-0.685165	-372.142	-55.2792	68.7011
-0.502331	-372.731	-55.3413	68.7557
-0.338821	-373.303	-55.4109	68.8086
-0.202148	-373.851	-55.4904	68.8594
-0.0377574	-374.407	-55.5867	68.9098
0.110421	-374.989	-55.6964	68.9613
0.25961	-375.585	-55.8172	69.0135
0.44601	-376.251	-55.9625	69.0704
0.565714	-376.865	-56.096	69.1212
0.691604	-377.51	-56.2338	69.1745
0.789057	-378.177	-56.3704	69.2287
0.887114	-378.852	-56.5103	69.2829
0.973516	-379.515	-56.6395	69.3363
1.03448	-380.176	-56.7677	69.3893
1.06697	-380.857	-56.8901	69.4437
1.07275	-381.515	-57.0025	69.4965
1.05977	-382.202	-57.1106	69.5513
1.01678	-382.849	-57.2032	69.6035
0.937799	-383.512	-57.2883	69.6574
0.85193	-384.172	-57.3586	69.7113
0.755221	-384.784	-57.4212	69.7626
0.639639	-385.378	-57.4759	69.8134
0.501918	-385.95	-57.5243	69.8639
0.33156	-386.509	-57.5702	69.9143
0.202243	-387.116	-57.6287	69.9676
0.0641603	-387.682	-57.6877	70.0186
-0.0840106	-388.265	-57.7571	70.0716
-0.236552	-388.839	-57.8438	70.1239
-0.39966	-389.474	-57.9552	70.1793
-0.528761	-390.072	-58.0675	70.2309
-0.659265	-390.666	-58.1843	70.2823
-0.798313	-391.308	-58.3121	70.3366
-0.906702	-391.929	-58.4373	70.3891
-0.989566	-392.528	-58.5647	70.4394
-1.05947	-393.189	-58.6963	70.4938
-1.13424	-393.812	-58.8198	70.5446
-1.17697	-394.434	-58.9402	70.5948
-1.2021	-395.074	-59.0592	70.646
-1.20785	-395.705	-59.1736	70.6965
-1.1955	-396.377	-59.2891	70.7502
-1.15944	-397.027	-59.3919	70.8021
-1.09139	-397.669	-59.4843	70.854
-1.01252	-398.278	-59.5616	70.9043
-0.912575	-398.878	-59.6285	70.9548
-0.800383	-399.481	-59.6885	71.0061
-0.69293	-400.101	-59.739	71.0603
-0.50461	-400.684	-59.7918	71.1153
-0.3548	-401.252	-59.8479	71.1693
-0.224691	-401.773	-59.9006	71.221
-0.041162	-402.297	-59.9711	71.275
0.105551	-402.859	-60.0538	71.3268
0.23896	-403.435	-60.1515	71.3807
0.392478	-404.019	-60.2604	71.4338
0.563214	-404.611	-60.3785	71.4861
0.682017	-405.235	-60.5124	71.5396
0.782211	-405.837	-60.6346	71.5903
0.881546	-406.461	-60.7557	71.6421
0.980415	-407.101	-60.8747	71.6946
1.04199	-407.782	-60.9894	71.7495
1.09647	-408.427	-61.0953	71.8014
1.13256	-409.077	-61.2002	71.8531
1.15066	-409.75	-61.31	71.9074
1.16026	-410.403	-61.4195	71.9602
1.15388	-411.038	-61.5289	72.0116
1.11973	-411.72	-61.6433	72.0663
1.09288	-412.411	-61.7581	72.1219
1.02452	-413.068	-61.862	72.1757
0.969958	-413.689	-61.957	72.227
0.905248	-414.324	-62.0495	72.2802
0.824366	-414.958	-62.14	72.3335
0.733481	-415.558	-62.2223	72.3851
0.60051	-416.142	-62.297	72.4363
0.471562	-416.706	-62.3617	72.4866
0.356471	-417.319	-62.4222	72.5412
0.221306	-417.902	-62.4826	72.5933
0.0392515	-418.48	-62.5458	72.6474
-0.0996901	-419.067	-62.6178	72.7004
-0.23841	-419.635	-62.7031	72.7517
-0.407352	-420.271	-62.8125	72.8069
-0.551084	-420.865	-62.925	72.8589
-0.672171	-421.462	-63.0484	72.9102
-0.775298	-422.097	-63.1755	72.9632
-0.897799	-422.728	-63.3023	73.0163
-0.981093	-423.377	-63.435	73.0701
-1.04846	-424.045	-63.5659	73.1247
-1.11398	-424.672	-63.6899	73.1756
-1.15002	-425.297	-63.8101	73.2256
-1.16931	-425.94	-63.9271	73.2768
-1.17856	-426.617	-64.0439	73.3312
-1.16795	-427.261	-64.1433	73.3829
-1.12624	-427.916	-64.238	73.436
-1.0497	-428.534	-64.3162	73.4872
-0.974088	-429.18	-64.3858	73.5415
-0.883988	-429.775	-64.4449	73.5924
-0.782961	-430.361	-64.4979	73.6434
-0.629974	-430.938	-64.5481	73.697
-0.531731	-431.524	-64.5958	73.7512
-0.406209	-432.087	-64.6555	73.8046
-0.223739	-432.617	-64.7227	73.8581
-0.120206	-433.201	-64.8086	73.9125
0.000671685	-433.755	-64.9022	73.9629
0.174636	-434.383	-65.0144	74.0194
0.284251	-434.981	-65.1253	74.0699
0.379407	-435.615	-65.2439	74.122
0.472367	-436.263	-65.3587	74.1745
0.565482	-436.941	-65.4743	74.2294
0.64368	-437.618	-65.5872	74.2831
0.702703	-438.274	-65.6926	74.3352
0.755684	-438.933	-65.7981	74.3881
0.792924	-439.569	-65.8975	74.4395
0.823347	-440.233	-65.9958	74.4932
0.814651	-440.892	-66.089	74.5468
0.803658	-441.576	-66.1787	74.6022
0.753683	-442.24	-66.2645	74.6567
0.707761	-442.92	-66.3449	74.7126
0.651863	-443.564	-66.4218	74.7654
0.590033	-444.174	-66.495	74.816
0.508422	-444.837	-66.5767	74.8713
0.438137	-445.462	-66.6608	74.9228
0.346257	-446.103	-66.7526	74.9763
0.274835	-446.74	-66.8479	75.0287
0.207162	-447.383	-66.9449	75.0818
0.141694	-448.023	-67.0435	75.1342
0.0620581	-448.66	-67.143	75.1861
0.00245155	-449.287	-67.2419	75.2374
-0.0612195	-449.939	-67.3452	75.2904
-0.114205	-450.596	-67.4505	75.3436
-0.167857	-451.217	-67.5494	75.3937
-0.232939	-451.883	-67.6553	75.4479
-0.284137	-452.544	-67.7607	75.5012
-0.33623	-453.171	-67.8601	75.5516
