x	y	z	t
0.383845	449.721	73.4109	0.0542122
0.384176	448.99	73.2957	0.111127
0.38428	448.275	73.1838	0.166872
0.384879	447.625	73.0823	0.217973
0.386118	446.91	72.9705	0.274003
0.38704	446.261	72.8682	0.324815
0.388698	445.607	72.7652	0.376128
0.390148	444.881	72.6506	0.433109
0.390427	444.221	72.5458	0.48507
0.391569	443.564	72.4413	0.536517
0.394894	442.913	72.3386	0.587795
0.40013	442.232	72.2313	0.641119
0.405234	441.572	72.1266	0.692969
0.40995	440.898	72.0187	0.745965
0.415015	440.181	71.9036	0.802418
0.42102	439.501	71.7943	0.855695
0.429457	438.859	71.6916	0.906317
0.437413	438.145	71.5764	0.962894
0.445218	437.437	71.4633	1.0188
0.451216	436.719	71.3478	1.07546
0.459808	436.041	71.2399	1.12882
0.467288	435.316	71.1255	1.18601
0.477254	434.668	71.0243	1.23703
0.487311	434.001	70.9213	1.28961
0.498418	433.332	70.8172	1.34234
0.517378	432.619	70.7074	1.3989
0.530829	431.914	70.602	1.45473
0.553749	431.205	70.5002	1.51112
0.580936	430.499	70.3975	1.56742
0.595553	429.805	70.2969	1.62284
0.631084	429.11	70.1962	1.67817
0.655142	428.415	70.0989	1.73358
0.695809	427.73	70.0024	1.78834
0.726248	427.019	69.9047	1.84448
0.759193	426.331	69.8065	1.89884
0.784137	425.632	69.7064	1.95408
0.810615	424.971	69.6101	2.00631
0.831015	424.328	69.5161	2.05712
0.850176	423.651	69.4171	2.11054
0.86988	422.982	69.3163	2.16335
0.889212	422.288	69.2081	2.21817
0.896131	421.573	69.0906	2.27479
0.899359	420.934	68.9804	2.3252
0.891597	420.241	68.8564	2.37963
0.87378	419.516	68.7311	2.43677
0.837162	418.823	68.6099	2.49123
0.800727	418.143	68.4961	2.54464
0.746401	417.433	68.3805	2.60086
0.685066	416.777	68.2785	2.65303
0.615332	416.119	68.183	2.70582
0.511076	415.423	68.0945	2.76269
0.378517	414.755	68.018	2.81813
0.280254	414.083	67.9477	2.87434
0.125999	413.405	67.8617	2.9319
0.00881707	412.779	67.7679	2.98413
-0.130557	412.112	67.6531	3.04054
-0.24227	411.493	67.5389	3.0916
-0.376332	410.821	67.4121	3.14715
-0.461903	410.177	67.2881	3.19913
-0.530153	409.47	67.1496	3.2557
-0.605285	408.748	67.0115	3.31292
-0.648837	408.106	66.8945	3.3631
-0.683904	407.41	66.7721	3.41748
-0.697488	406.709	66.6512	3.472
-0.698843	406.009	66.5371	3.52707
-0.675756	405.275	66.4227	3.58441
-0.625757	404.576	66.3188	3.63969
-0.577597	403.854	66.22	3.69629
-0.503095	403.156	66.1347	3.75161
-0.426018	402.492	66.0571	3.80417
-0.304846	401.838	65.9837	3.85796
-0.222847	401.142	65.9065	3.91477
-0.123554	400.536	65.8311	3.96486
0.00279683	399.855	65.7312	4.02208
0.135017	399.192	65.6201	4.07786
0.20639	398.538	65.4971	4.13206
0.291461	397.883	65.3692	4.18626
0.385686	397.22	65.2289	4.24019
0.453398	396.542	65.0909	4.29421
0.521687	395.887	64.9591	4.34562
0.578813	395.205	64.8265	4.39848
0.604395	394.516	64.695	4.45153
0.618181	393.79	64.5679	4.50751
0.613163	393.121	64.4545	4.55905
0.596144	392.455	64.348	4.61038
0.558041	391.724	64.2421	4.66706
0.478718	391.07	64.1594	4.71805
0.402735	390.401	64.0922	4.77078
0.309794	389.727	64.0244	4.82423
0.172202	389.021	63.9608	4.88184
0.0663899	388.375	63.8947	4.93449
-0.0426356	387.764	63.8217	4.98558
-0.156721	387.142	63.7345	5.03765
-0.309018	386.523	63.6329	5.09023
-0.416289	385.926	63.5204	5.14062
-0.527375	385.307	63.4001	5.19178
-0.631241	384.649	63.27	5.24554
-0.756706	383.976	63.1378	5.3003
-0.820673	383.315	63.0042	5.3533
-0.901011	382.615	62.8728	5.40862
-0.942687	381.953	62.7513	5.46008
-0.971126	381.246	62.624	5.51488
-0.992139	380.597	62.5125	5.56493
-0.999455	379.876	62.3916	5.6206
-0.988471	379.154	62.2774	5.67613
-0.944885	378.457	62.1704	5.73006
-0.911631	377.742	62.0654	5.78585
-0.830839	377.061	61.9681	5.84003
-0.767404	376.399	61.8856	5.89341
-0.641089	375.749	61.8145	5.94686
-0.545203	375.048	61.7513	6.00429
-0.426696	374.427	61.6943	6.05585
-0.264628	373.804	61.6323	6.1095
-0.142947	373.14	61.5561	6.16628
0.0103188	372.513	61.4633	6.22098
0.119526	371.911	61.356	6.27104
0.241714	371.243	61.2279	6.32648
0.387935	370.606	61.0986	6.37965
0.488416	369.981	60.9697	6.43008
0.569008	369.306	60.8276	6.48394
0.651651	368.64	60.6953	6.53684
0.734111	367.972	60.5661	6.58934
0.780997	367.277	60.4339	6.64334
0.818995	366.576	60.3094	6.69757
0.834572	365.903	60.1923	6.74937
0.841	365.181	60.0683	6.80495
0.829356	364.473	59.9516	6.8592
0.80646	363.791	59.8413	6.91163
0.769862	363.089	59.7328	6.96606
0.717007	362.438	59.6381	7.01684
0.646397	361.794	59.5533	7.06715
0.528321	361.09	59.473	7.12293
0.388695	360.415	59.3953	7.17758
0.274427	359.748	59.3229	7.2319
0.124465	359.12	59.2473	7.2842
-0.0498478	358.467	59.1587	7.33981
-0.157694	357.801	59.0588	7.39544
-0.317655	357.147	58.9502	7.45176
-0.457933	356.48	58.8358	7.50695
-0.598949	355.804	58.7137	7.56346
-0.7516	355.114	58.59	7.62036
-0.848306	354.431	58.4625	7.6748
-0.95663	353.769	58.3412	7.72773
-1.02879	353.089	58.2204	7.78105
-1.08937	352.42	58.1023	7.83326
-1.1356	351.716	57.9854	7.88757
-1.17475	351.015	57.8712	7.94169
-1.19464	350.313	57.7568	7.99585
-1.19856	349.61	57.6425	8.04999
-1.196	348.872	57.5225	8.10663
-1.15916	348.197	57.4146	8.15893
-1.1199	347.52	57.3116	8.21165
-1.06221	346.85	57.2136	8.26433
-0.98652	346.181	57.1216	8.31747
-0.870191	345.541	57.0414	8.36937
-0.776474	344.895	56.9766	8.42215
-0.648809	344.253	56.9144	8.47524
-0.488547	343.588	56.8513	8.53035
-0.360733	342.967	56.7978	8.58274
-0.182964	342.298	56.7171	8.63892
-0.0495258	341.687	56.6319	8.69031
0.0859093	341.067	56.5325	8.74144
0.200049	340.442	56.4175	8.79313
0.318517	339.801	56.2944	8.84559
0.437427	339.158	56.1687	8.89718
0.565089	338.495	56.0391	8.95056
0.640719	337.824	55.9036	9.00374
0.716769	337.174	55.7766	9.0547
0.780764	336.493	55.6487	9.10762
0.839806	335.83	55.5275	9.15902
0.869697	335.153	55.4081	9.21133
0.887578	334.428	55.283	9.26665
0.888743	333.742	55.1668	9.31927
0.877903	333.02	55.0463	9.3747
0.857634	332.363	54.9403	9.42513
0.81425	331.707	54.8388	9.47562
0.755438	331.061	54.7445	9.52598
0.656806	330.391	54.6535	9.57915
0.563405	329.712	54.5738	9.63318
0.4566	329.031	54.4949	9.68764
0.305213	328.348	54.4224	9.74362
0.169425	327.694	54.3451	9.79826
0.00175704	327.049	54.2653	9.85379
-0.133667	326.439	54.176	9.90541
-0.279409	325.803	54.0719	9.95933
-0.460265	325.204	53.9662	10.0105
-0.571054	324.564	53.8448	10.0641
-0.700238	323.953	53.7288	10.1143
-0.844778	323.266	53.6004	10.17
-0.937576	322.587	53.4687	10.2242
-1.02112	321.926	53.3471	10.2764
-1.10536	321.232	53.2233	10.3303
-1.15209	320.547	53.1041	10.3832
-1.189	319.838	52.9862	10.4376
-1.21196	319.127	52.8725	10.4918
-1.21537	318.443	52.7649	10.5441
-1.24528	317.741	52.6548	10.5976
-1.17731	317.085	52.5575	10.649
-1.14751	316.384	52.4571	10.7029
-1.10247	315.716	52.3639	10.7549
-1.03567	315.073	52.2787	10.8056
-0.947407	314.432	52.199	10.8567
-0.842738	313.808	52.1281	10.9073
-0.725556	313.189	52.0642	10.9582
-0.573081	312.541	52.004	11.0124
-0.430807	311.921	51.9372	11.065
-0.250611	311.282	51.8594	11.1193
-0.115855	310.613	51.7635	11.1749
0.0546485	309.945	51.6533	11.23
0.190381	309.309	51.5374	11.282
0.313637	308.609	51.4015	11.3378
0.467411	307.963	51.274	11.3896
0.577577	307.302	51.1415	11.4416
0.673531	306.646	51.0046	11.4925
0.763723	305.946	50.8679	11.5464
0.856264	305.243	50.7341	11.5999
0.913088	304.563	50.6094	11.6513
0.95188	303.861	50.4838	11.704
0.975092	303.142	50.3624	11.7581
0.977949	302.422	50.2442	11.8124
0.961939	301.737	50.1351	11.8646
0.925165	301.046	50.0312	11.9168
0.869086	300.359	49.9328	11.9686
0.777872	299.666	49.8405	12.0221
0.693615	299.005	49.7624	12.0732
0.591956	298.311	49.6797	12.1267
0.473981	297.662	49.6068	12.1771
0.312296	296.969	49.5267	12.2323
0.194369	296.291	49.4495	12.2866
0.0251158	295.646	49.3644	12.3402
-0.103694	294.991	49.2674	12.3925
-0.20533	294.281	49.1507	12.4494
-0.354584	293.562	49.022	12.507
-0.467389	292.915	48.9027	12.5579
-0.604146	292.216	48.7688	12.6129
-0.71214	291.517	48.6366	12.6668
-0.801972	290.844	48.5084	12.7182
-0.910233	290.128	48.3743	12.7723
-0.977778	289.379	48.2328	12.8279
-1.04046	288.646	48.1016	12.8824
-1.08126	287.904	47.9687	12.9371
-1.10367	287.15	47.8383	12.9929
-1.1152	286.452	47.7169	13.0452
-1.09284	285.714	47.595	13.1001
-1.05502	284.985	47.4862	13.1544
-0.995335	284.303	47.3977	13.2059
-0.914735	283.623	47.3202	13.2583
-0.793006	282.959	47.2542	13.3097
-0.676702	282.283	47.1909	13.3625
-0.558149	281.593	47.1343	13.4166
-0.388027	280.911	47.0676	13.4712
-0.271038	280.24	47.0031	13.5249
-0.079941	279.553	46.9167	13.5809
0.0593174	278.912	46.8235	13.633
0.17785	278.235	46.7068	13.6866
0.309967	277.594	46.5822	13.7367
0.469209	276.913	46.4417	13.7901
0.582991	276.237	46.2985	13.842
0.688	275.572	46.1569	13.8925
0.776739	274.873	46.0061	13.9449
0.855655	274.166	45.8657	13.9974
0.914472	273.49	45.7339	14.0475
0.971002	272.73	45.5903	14.1036
0.995203	272.002	45.4611	14.1573
1.00116	271.292	45.3402	14.2098
0.976891	270.603	45.2296	14.261
0.934264	269.898	45.1288	14.3134
0.866039	269.215	45.0414	14.3647
0.785453	268.496	44.956	14.419
0.65746	267.836	44.8859	14.4698
0.536319	267.074	44.8104	14.5277
0.41626	266.418	44.743	14.5781
0.250395	265.754	44.67	14.6311
0.123927	265.104	44.5929	14.6824
0.00315373	264.391	44.496	14.739
-0.14417	263.759	44.3975	14.7898
-0.305446	263.087	44.2769	14.8438
-0.450902	262.441	44.1538	14.8946
-0.592123	261.713	44.0114	14.9506
-0.704387	261.023	43.8699	15.0035
-0.800847	260.306	43.7162	15.0575
-0.909309	259.59	43.571	15.1113
-0.98203	258.866	43.4213	15.1651
-1.03822	258.15	43.2842	15.218
-1.0787	257.402	43.1483	15.273
-1.09462	256.664	43.019	15.3274
-1.08192	255.942	42.9064	15.3808
-1.0507	255.205	42.804	15.4353
-0.99435	254.495	42.7156	15.4883
-0.923087	253.809	42.6398	15.5401
-0.805973	253.136	42.5734	15.5917
-0.696278	252.475	42.5136	15.6427
-0.578707	251.801	42.4635	15.6951
-0.452895	251.143	42.405	15.7469
-0.324072	250.52	42.3464	15.797
-0.149627	249.844	42.2694	15.8514
-0.0227378	249.215	42.1875	15.902
0.0865235	248.509	42.0814	15.9571
0.216814	247.856	41.9707	16.0088
0.38366	247.136	41.8327	16.0647
0.501904	246.442	41.6928	16.1176
0.616462	245.768	41.5506	16.1691
0.735903	245.03	41.3913	16.2254
0.818971	244.359	41.2542	16.2761
0.890391	243.675	41.12	16.3276
0.945464	243.001	40.993	16.3781
0.992783	242.288	40.8629	16.4313
1.01189	241.583	40.7389	16.484
1.01145	240.88	40.6206	16.5365
0.986735	240.215	40.5171	16.5865
0.94136	239.533	40.4173	16.6378
0.880931	238.859	40.3247	16.689
0.785218	238.136	40.2369	16.7443
0.659159	237.415	40.1519	16.8
0.543677	236.753	40.0808	16.8519
0.42391	236.113	40.0153	16.9023
0.322668	235.424	39.9459	16.9564
0.187997	234.757	39.8666	17.01
0.0277889	234.08	39.7753	17.0651
-0.126215	233.451	39.6755	17.116
-0.297002	232.757	39.5511	17.1716
-0.418221	232.065	39.4131	17.2263
-0.547135	231.39	39.2768	17.2784
-0.688019	230.656	39.1229	17.3351
-0.790559	229.956	38.9814	17.3885
-0.9079	229.25	38.8415	17.4421
-0.969488	228.52	38.6964	17.4966
-1.02425	227.794	38.5621	17.5504
-1.06636	227.061	38.4309	17.6047
-1.08508	226.315	38.3037	17.6599
-1.08506	225.586	38.1808	17.7141
-1.0775	224.887	38.0682	17.7661
-1.05147	224.167	37.9611	17.82
-0.982305	223.467	37.866	17.8733
-0.923964	222.738	37.7787	17.9291
-0.835214	222.097	37.7102	17.9793
-0.698112	221.387	37.647	18.0357
-0.574796	220.731	37.5897	18.0878
-0.439245	220.088	37.5341	18.1394
-0.293447	219.471	37.4737	18.1898
-0.104021	218.851	37.397	18.2408
0.0322032	218.152	37.2885	18.2958
0.175572	217.474	37.1653	18.3491
0.31326	216.815	37.0334	18.4009
0.47902	216.075	36.8744	18.4579
0.6127	215.349	36.7235	18.5135
0.706874	214.669	36.5823	18.5646
0.780414	213.988	36.4381	18.615
0.846416	213.307	36.3044	18.6653
0.89172	212.598	36.1723	18.7175
0.921352	211.839	36.0381	18.7736
0.927798	211.142	35.9181	18.8249
0.912185	210.436	35.8062	18.8773
0.876623	209.746	35.7061	18.9283
0.820472	209.048	35.6137	18.9803
0.731019	208.36	35.5307	19.032
0.640619	207.695	35.4545	19.0824
0.54863	206.966	35.376	19.1382
0.437884	206.318	35.3032	19.1885
0.330333	205.682	35.2265	19.2386
0.215996	205.019	35.1356	19.2913
0.0660897	204.378	35.0338	19.3454
-0.0517953	203.695	34.9142	19.4005
-0.205455	203.012	34.7812	19.456
-0.322173	202.378	34.6568	19.5064
-0.440573	201.743	34.5281	19.557
-0.546227	201.053	34.3878	19.6104
-0.674936	200.343	34.2419	19.6645
-0.753302	199.676	34.103	19.7148
-0.817155	198.945	33.9525	19.7694
-0.87017	198.23	33.8143	19.8223
-0.900599	197.499	33.6737	19.8764
-0.898595	196.813	33.5591	19.9272
-0.849829	196.076	33.4534	19.982
-0.793109	195.363	33.3745	20.0353
-0.684568	194.626	33.3023	20.091
-0.570693	193.961	33.2482	20.1423
-0.44851	193.282	33.1965	20.1949
-0.328233	192.6	33.1559	20.2483
-0.183776	191.985	33.1097	20.2985
0.00592621	191.315	33.041	20.3547
0.125004	190.696	32.9674	20.4056
0.289075	190.088	32.8704	20.4567
0.42459	189.462	32.7576	20.5075
0.56034	188.789	32.6258	20.5617
0.702476	188.081	32.4722	20.6175
0.810133	187.404	32.3255	20.6692
0.926977	186.681	32.1726	20.7243
1.00792	185.944	32.0155	20.7798
1.07322	185.274	31.8833	20.8298
1.12191	184.531	31.7494	20.8853
1.14395	183.816	31.6244	20.9389
1.14093	183.104	31.508	20.9925
1.11856	182.4	31.4021	21.0457
1.07128	181.728	31.3099	21.0962
0.998643	180.997	31.2176	21.1514
0.880431	180.323	31.1429	21.2029
0.762333	179.632	31.0796	21.2557
0.637494	178.942	31.0098	21.3096
0.460976	178.289	30.943	21.3627
0.334015	177.61	30.8703	21.4164
0.209726	176.959	30.7854	21.4694
0.0313026	176.313	30.6891	21.5236
-0.106367	175.687	30.5843	21.5751
-0.230948	175.017	30.4547	21.6293
-0.354941	174.378	30.3271	21.6802
-0.519885	173.721	30.1898	21.733
-0.635564	173.022	30.0355	21.7874
-0.771078	172.306	29.8857	21.8422
-0.893012	171.588	29.7295	21.8962
-0.96976	170.912	29.5938	21.9466
-1.0279	170.209	29.4606	21.9987
-1.06502	169.495	29.3315	22.0515
-1.08042	168.786	29.2103	22.1042
-1.07382	168.057	29.1006	22.158
-1.03589	167.369	29.0091	22.2088
-0.96706	166.628	28.9164	22.2642
-0.893015	165.948	28.8425	22.3153
-0.800818	165.261	28.78	22.3674
-0.703728	164.555	28.7108	22.4209
-0.550463	163.878	28.6485	22.4736
-0.426089	163.242	28.5918	22.5238
-0.304392	162.563	28.5306	22.5776
-0.176051	161.931	28.4566	22.6279
-0.000489056	161.255	28.3622	22.6828
0.122057	160.622	28.2595	22.7328
0.236086	159.934	28.1319	22.7867
0.359505	159.286	28.0038	22.8378
0.473736	158.585	27.863	22.892
0.600225	157.898	27.7196	22.9452
0.672498	157.173	27.5608	22.9999
0.737124	156.477	27.4178	23.0521
0.803203	155.775	27.2818	23.1055
0.83411	155.034	27.1465	23.1614
0.851533	154.298	27.02	23.2166
0.846394	153.63	26.9129	23.2671
0.823393	152.942	26.8071	23.3193
0.779896	152.259	26.7074	23.3715
0.708653	151.551	26.6156	23.4253
0.633053	150.883	26.5455	23.4771
0.544457	150.212	26.4727	23.529
0.419285	149.522	26.3948	23.5834
0.314842	148.851	26.3172	23.6358
0.220921	148.213	26.2448	23.6872
0.110735	147.564	26.1564	23.7398
-0.0237341	146.949	26.0608	23.7903
-0.18935	146.287	25.95	23.8452
-0.300611	145.644	25.8266	23.8974
-0.418353	145.016	25.7051	23.9486
-0.525525	144.355	25.576	24.001
-0.620368	143.706	25.4476	24.052
-0.726269	143.059	25.3182	24.1026
-0.791434	142.379	25.1849	24.1544
-0.848336	141.686	25.0477	24.2066
-0.886716	140.974	24.9181	24.2593
-0.912004	140.229	24.7889	24.3148
-0.918348	139.548	24.6724	24.3653
-0.916368	138.848	24.5585	24.4174
-0.873349	138.105	24.4475	24.4727
-0.815719	137.379	24.3589	24.5274
-0.705943	136.665	24.2789	24.5821
-0.630654	136.013	24.2137	24.6321
-0.501228	135.309	24.1457	24.6875
-0.396482	134.661	24.0761	24.7387
-0.279092	133.995	23.9987	24.7918
-0.131896	133.313	23.9123	24.8476
0.0259395	132.626	23.8092	24.9044
0.129104	131.974	23.6919	24.9575
0.231655	131.295	23.5595	25.0111
0.36928	130.623	23.4221	25.0639
0.458452	129.923	23.2704	25.118
0.544611	129.247	23.1314	25.1697
0.637052	128.514	22.9857	25.225
0.691217	127.791	22.8406	25.2789
0.735151	127.095	22.7097	25.3308
0.760459	126.368	22.58	25.385
0.767698	125.624	22.4541	25.4402
0.728824	124.914	22.3459	25.4935
0.672789	124.225	22.2543	25.5457
0.593465	123.51	22.1824	25.6001
0.493794	122.873	22.1278	25.6501
0.380098	122.209	22.0729	25.7027
0.2352	121.53	22.0228	25.7582
0.102508	120.863	21.9597	25.8125
-0.0566853	120.232	21.8891	25.8654
-0.16738	119.624	21.8088	25.9163
-0.273753	118.966	21.7031	25.9707
-0.442482	118.332	21.586	26.0239
-0.543781	117.663	21.4486	26.0777
-0.651043	117.02	21.315	26.1289
-0.758912	116.334	21.1753	26.1829
-0.868875	115.669	21.0418	26.2345
-0.941309	115.011	20.9125	26.2848
-1.00161	114.286	20.7723	26.3398
-1.05255	113.61	20.6501	26.3908
-1.08718	112.933	20.5321	26.4416
-1.10224	112.244	20.415	26.4933
-1.10216	111.553	20.3057	26.5451
-1.09238	110.865	20.2022	26.5976
-1.06286	110.179	20.1021	26.6498
-1.01017	109.513	20.0133	26.7013
-0.95555	108.855	19.9305	26.7521
-0.86347	108.213	19.8544	26.8026
-0.743361	107.521	19.7844	26.8581
-0.632994	106.857	19.7191	26.9117
-0.483273	106.205	19.6577	26.9656
-0.351658	105.543	19.5969	27.0208
-0.209263	104.921	19.5212	27.0721
-0.0209503	104.296	19.4319	27.1251
0.104076	103.626	19.32	27.1785
0.228286	102.968	19.1964	27.2305
0.392147	102.268	19.0575	27.2854
0.490696	101.563	18.9073	27.3401
0.601735	100.881	18.7683	27.3922
0.692163	100.199	18.631	27.4438
0.786319	99.479	18.4879	27.4982
0.854047	98.7958	18.3617	27.5497
0.905069	98.0965	18.2377	27.6022
0.944465	97.3904	18.1165	27.6551
0.964296	96.6903	17.999	27.7076
0.973792	95.9558	17.8791	27.7624
0.944823	95.251	17.7697	27.8151
0.90875	94.5507	17.6688	27.8681
0.847752	93.874	17.578	27.9198
0.752394	93.1791	17.4905	27.9733
0.652154	92.5165	17.4144	28.0251
0.537107	91.8775	17.3478	28.076
0.415293	91.26	17.2874	28.1261
0.303168	90.5767	17.2228	28.1817
0.125177	89.9223	17.149	28.2362
-0.016089	89.3065	17.0671	28.2874
-0.133226	88.6742	16.9691	28.3393
-0.282697	88.0167	16.8533	28.3931
-0.447774	87.3432	16.7261	28.4475
-0.568401	86.7115	16.5963	28.4987
-0.690085	86.0723	16.4682	28.5495
-0.794072	85.3749	16.331	28.6035
-0.915383	84.7198	16.2016	28.6546
-0.979095	84	16.0614	28.7096
-1.04478	83.2789	15.9286	28.7642
-1.08354	82.5972	15.807	28.8151
-1.11005	81.9208	15.691	28.866
-1.12217	81.2389	15.5756	28.9169
-1.12381	80.5333	15.4618	28.9697
-1.10953	79.8481	15.3576	29.021
-1.07907	79.1747	15.2582	29.0723
-1.01664	78.4497	15.1597	29.128
-0.946761	77.7742	15.0749	29.18
-0.863668	77.1273	14.9997	29.2306
-0.719263	76.4432	14.9253	29.2852
-0.616311	75.7828	14.8654	29.3383
-0.484454	75.1279	14.7971	29.3919
-0.307416	74.4713	14.7217	29.4468
-0.176769	73.7954	14.6304	29.5024
-0.000510275	73.1165	14.5198	29.5589
0.171171	72.4322	14.3944	29.6147
0.291889	71.736	14.2518	29.6694
0.413306	71.0687	14.1149	29.7213
0.532332	70.4203	13.978	29.7713
0.633263	69.725	13.8348	29.8239
0.72679	68.9975	13.6849	29.8782
0.791693	68.2893	13.5504	29.9308
0.837784	67.5698	13.4206	29.984
0.870217	66.8658	13.2983	30.036
0.88978	66.1487	13.1765	30.0892
0.886348	65.426	13.0616	30.1431
0.843594	64.719	12.9572	30.1962
0.796314	64.0023	12.8656	30.2503
0.71734	63.3248	12.7896	30.3021
0.583445	62.6513	12.7248	30.355
0.467815	61.9733	12.6643	30.4084
0.349836	61.3317	12.6181	30.4604
0.217362	60.721	12.5616	30.5113
0.0322893	60.0851	12.4874	30.5663
-0.0834256	59.4591	12.4006	30.6185
-0.209809	58.8503	12.2973	30.6694
-0.343528	58.2381	12.1805	30.72
-0.48434	57.5858	12.0501	30.7731
-0.603778	56.9581	11.9199	30.8235
-0.743225	56.2694	11.7801	30.8775
-0.828754	55.6062	11.6405	30.9287
-0.903072	54.9194	11.5054	30.9809
-0.965616	54.2447	11.3774	31.0317
-1.01818	53.5217	11.2481	31.0861
-1.04735	52.7983	11.1187	31.1404
-1.06378	52.1108	10.9995	31.1919
-1.05435	51.3763	10.8774	31.2472
-1.03226	50.6998	10.7667	31.2983
-0.996875	50.03	10.663	31.3493
-0.937812	49.3606	10.5667	31.4006
-0.866613	48.6831	10.48	31.453
-0.736953	47.9801	10.411	31.509
-0.617137	47.3536	10.3582	31.5592
-0.486276	46.7225	10.3078	31.6107
-0.347655	46.1201	10.2578	31.6611
-0.216889	45.5222	10.1993	31.7112
-0.0335311	44.9085	10.1241	31.7646
0.0847335	44.2409	10.0247	31.8202
0.226429	43.605	9.91309	31.8718
0.357064	42.9512	9.78727	31.9246
0.516575	42.3175	9.65598	31.9753
0.64063	41.6667	9.51897	32.0259
0.744867	40.9646	9.37414	32.079
0.832627	40.2248	9.21831	32.1351
0.926923	39.4646	9.06354	32.1917
0.988918	38.7311	8.92432	32.2464
1.02411	38.0263	8.79475	32.2989
1.04609	37.328	8.66705	32.3508
1.04566	36.6323	8.54838	32.4026
1.0214	35.9568	8.43922	32.453
0.957338	35.2515	8.33459	32.5057
0.880024	34.5405	8.24125	32.5592
0.777601	33.8403	8.16812	32.6124
0.643715	33.1371	8.09497	32.6665
0.515014	32.4824	8.02965	32.7183
0.396349	31.8168	7.96732	32.7716
0.199154	31.1685	7.8968	32.8264
0.0831302	30.5134	7.8186	32.8808
-0.0981798	29.8745	7.72639	32.9354
-0.228181	29.2266	7.61661	32.9906
-0.364106	28.6061	7.50131	33.0424
-0.519666	27.93	7.36836	33.0978
-0.643762	27.3	7.2365	33.1482
-0.755929	26.6141	7.08677	33.2015
-0.85519	25.9233	6.94561	33.2543
-0.955773	25.258	6.81145	33.3052
-1.02249	24.5893	6.67918	33.3555
-1.07142	23.8971	6.54886	33.4073
-1.10169	23.2187	6.42588	33.4581
-1.11785	22.5003	6.29558	33.5122
-1.10484	21.7837	6.17533	33.5663
-1.07515	21.115	6.0715	33.6168
-1.02193	20.4545	5.97994	33.6672
-0.950278	19.7395	5.90132	33.7219
-0.857956	19.0745	5.83614	33.7731
-0.740654	18.4366	5.78276	33.8231
-0.572444	17.7597	5.72512	33.8771
-0.45388	17.0758	5.67486	33.9323
-0.309438	16.4246	5.61543	33.9857
-0.138516	15.829	5.55733	34.0366
-0.0114111	15.2318	5.48438	34.0869
0.120281	14.6167	5.39348	34.1386
0.246618	13.9767	5.28027	34.1925
0.423939	13.3454	5.15794	34.2461
0.555078	12.6645	5.01461	34.3011
0.681913	11.9855	4.87208	34.3539
0.802654	11.3074	4.72737	34.4054
0.921077	10.6275	4.58336	34.4566
0.996917	9.95241	4.444	34.5067
1.06021	9.21697	4.29364	34.5613
1.10359	8.52833	4.16119	34.612
1.12736	7.79315	4.02518	34.6664
1.13074	7.10473	3.89977	34.7178
1.11416	6.42885	3.78248	34.7686
1.08027	5.6994	3.66594	34.8229
1.01884	5.00512	3.56772	34.8755
0.910321	4.34875	3.48971	34.9262
0.814352	3.63925	3.42707	34.9808
0.649641	2.93947	3.36786	35.0362
0.509766	2.30279	3.32037	35.087
0.371427	1.66989	3.27697	35.1401
0.222025	1.01683	3.2101	35.1944
0.0483693	0.377941	3.13024	35.2487
-0.102544	-0.243137	3.03804	35.3021
-0.240437	-0.874743	2.92791	35.3543
-0.377426	-1.48654	2.81251	35.4048
-0.544522	-2.10288	2.69034	35.4557
-0.653829	-2.74396	2.56035	35.5065
-0.755082	-3.44342	2.41528	35.5616
-0.853674	-4.11792	2.28296	35.6134
-0.930541	-4.79411	2.15242	35.6651
-0.99635	-5.4607	2.0269	35.7154
-1.05763	-6.18752	1.8932	35.7703
-1.09197	-6.87527	1.773	35.8217
-1.10989	-7.60627	1.64653	35.8765
-1.11385	-8.31093	1.52694	35.93
-1.10654	-9.01688	1.41192	35.9833
-1.06251	-9.73334	1.30193	36.0377
-1.01403	-10.4616	1.20329	36.0933
-0.916064	-11.1425	1.119	36.1465
-0.832409	-11.7924	1.04871	36.1975
-0.718658	-12.422	0.989813	36.2476
-0.60336	-13.0662	0.932628	36.2993
-0.492669	-13.7235	0.883176	36.3533
-0.362971	-14.329	0.826569	36.4038
-0.180996	-14.9442	0.757218	36.4561
-0.0454206	-15.5885	0.668421	36.5105
0.0938672	-16.241	0.560425	36.5641
0.259485	-16.8711	0.442166	36.6163
0.390396	-17.5267	0.310068	36.669
0.494357	-18.2297	0.157074	36.7234
0.603636	-18.9055	0.0133038	36.7756
0.710454	-19.5759	-0.127868	36.8262
0.795014	-20.3143	-0.281035	36.8813
0.853967	-21.0583	-0.423158	36.9363
0.899506	-21.7772	-0.55475	36.9897
0.914345	-22.5206	-0.686061	37.0445
0.912753	-23.2389	-0.805654	37.0979
0.902546	-23.9633	-0.919363	37.1525
0.85199	-24.7022	-1.02567	37.2084
0.797567	-25.3823	-1.10982	37.2601
0.722649	-26.0559	-1.17207	37.3124
0.631601	-26.6955	-1.22694	37.3627
0.502334	-27.38	-1.28691	37.4169
0.397259	-28.0499	-1.3388	37.4708
0.281295	-28.7299	-1.41187	37.5254
0.120124	-29.3485	-1.49169	37.5771
0.0300872	-30.0405	-1.59942	37.6321
-0.090815	-30.7066	-1.71935	37.6851
-0.258707	-31.3834	-1.84885	37.7403
-0.361536	-32.0789	-1.9927	37.7952
-0.490474	-32.7946	-2.14363	37.851
-0.579532	-33.4973	-2.28475	37.9052
-0.689972	-34.1862	-2.42143	37.9583
-0.768353	-34.8461	-2.55082	38.0084
-0.822172	-35.5829	-2.69402	38.0639
-0.872811	-36.3125	-2.827	38.1188
-0.897262	-37.0316	-2.95726	38.1728
-0.907303	-37.7731	-3.08563	38.228
-0.899109	-38.4772	-3.20438	38.2809
-0.875805	-39.1624	-3.31309	38.3326
-0.835473	-39.8463	-3.41247	38.3844
-0.755238	-40.5457	-3.50551	38.4381
-0.670762	-41.1926	-3.58276	38.4882
-0.575773	-41.8456	-3.65232	38.5398
-0.476952	-42.5049	-3.70848	38.5919
-0.353041	-43.1713	-3.77282	38.6461
-0.190383	-43.8002	-3.83586	38.6982
-0.0750247	-44.4338	-3.90346	38.7519
0.0652807	-45.0282	-3.98136	38.8023
0.183499	-45.6559	-4.07728	38.8538
0.337903	-46.2869	-4.18875	38.9067
0.446081	-46.9492	-4.31687	38.96
0.536011	-47.6003	-4.45769	39.0118
0.628444	-48.2748	-4.59769	39.0645
0.724211	-48.9599	-4.73828	39.1178
0.787921	-49.6179	-4.87197	39.1682
0.840788	-50.3819	-5.02301	39.2254
0.883092	-51.1169	-5.15804	39.2801
0.905083	-51.8443	-5.28903	39.334
0.912385	-52.5437	-5.40782	39.3863
0.892189	-53.269	-5.52522	39.4409
0.865102	-53.9759	-5.63094	39.494
0.795219	-54.689	-5.72941	39.5485
0.724099	-55.3892	-5.81078	39.6029
0.630572	-56.042	-5.87944	39.6539
0.517575	-56.716	-5.94445	39.7071
0.374951	-57.3916	-5.99956	39.7625
0.237434	-58.0067	-6.05836	39.8128
0.0590781	-58.6628	-6.13503	39.8674
-0.0972031	-59.2736	-6.21696	39.9184
-0.232662	-59.8863	-6.31378	39.97
-0.344679	-60.5387	-6.43366	40.0236
-0.525297	-61.2039	-6.56267	40.0781
-0.63482	-61.8918	-6.70746	40.133
-0.771427	-62.5664	-6.84636	40.1866
-0.878811	-63.2743	-6.98897	40.2415
-0.955941	-63.9924	-7.13431	40.2962
-1.03994	-64.7162	-7.27156	40.3511
-1.0935	-65.4504	-7.40914	40.4067
-1.13119	-66.1829	-7.53727	40.4616
-1.14985	-66.9068	-7.66174	40.516
-1.14355	-67.6095	-7.7742	40.5691
-1.12293	-68.3218	-7.88229	40.6232
-1.06709	-69.0254	-7.98478	40.6771
-1.00422	-69.6904	-8.07403	40.7286
-0.92997	-70.3653	-8.1586	40.7812
-0.838973	-71.0402	-8.23074	40.8343
-0.740441	-71.7099	-8.3003	40.8875
-0.583114	-72.3455	-8.35909	40.94
-0.471021	-72.9916	-8.41057	40.9936
-0.293384	-73.6356	-8.47615	41.0485
-0.151641	-74.2625	-8.5499	41.1011
-0.0184004	-74.8837	-8.63974	41.1543
0.123553	-75.4822	-8.74218	41.2043
0.290264	-76.1388	-8.86622	41.2579
0.384937	-76.8219	-9.00783	41.3126
0.500285	-77.4585	-9.14041	41.364
0.600664	-78.1141	-9.27713	41.4157
0.706744	-78.7679	-9.41308	41.4671
0.767269	-79.458	-9.55098	41.5198
0.819944	-80.1456	-9.68309	41.572
0.849768	-80.8462	-9.81196	41.6248
0.874581	-81.5632	-9.93476	41.6786
0.879947	-82.2483	-10.0509	41.7299
0.878335	-82.9523	-10.168	41.7824
0.853813	-83.6573	-10.2789	41.8351
0.787259	-84.3768	-10.3819	41.8893
0.717088	-85.101	-10.466	41.945
0.612158	-85.7355	-10.5278	41.9952
0.469455	-86.4118	-10.5887	42.0497
0.36421	-87.0657	-10.6368	42.1023
0.259213	-87.6885	-10.6977	42.1531
0.118239	-88.3056	-10.7718	42.2049
-0.0851863	-88.9376	-10.8626	42.2593
-0.188217	-89.625	-10.9787	42.3146
-0.340035	-90.2889	-11.1013	42.3685
-0.472131	-90.9135	-11.2249	42.4194
-0.564569	-91.6097	-11.3691	42.4734
-0.674584	-92.2989	-11.5076	42.5269
-0.784124	-92.998	-11.6461	42.5809
-0.857987	-93.6964	-11.7876	42.634
-0.930947	-94.4158	-11.9229	42.6885
-0.976564	-95.1638	-12.058	42.7443
-1.00526	-95.882	-12.1797	42.7981
-1.02021	-96.6148	-12.3	42.8528
-1.01617	-97.3053	-12.4076	42.9045
-0.981772	-98.0161	-12.5128	42.9581
-0.938387	-98.7409	-12.6115	43.0131
-0.860901	-99.46	-12.7046	43.0682
-0.774776	-100.127	-12.7822	43.1202
-0.675727	-100.785	-12.8441	43.1725
-0.572641	-101.43	-12.9064	43.2243
-0.455888	-102.092	-12.9717	43.2781
-0.289731	-102.741	-13.0404	43.3325
-0.173171	-103.356	-13.1116	43.3845
-0.045769	-103.969	-13.2037	43.4351
0.139497	-104.616	-13.3126	43.49
0.245119	-105.312	-13.4469	43.5448
0.390418	-105.979	-13.582	43.5986
0.504852	-106.677	-13.7341	43.6532
0.62908	-107.394	-13.8847	43.7086
0.713271	-108.086	-14.03	43.7613
0.784939	-108.748	-14.1669	43.8113
0.843486	-109.447	-14.3097	43.8634
0.88926	-110.14	-14.4401	43.9153
0.915345	-110.832	-14.566	43.9673
0.920516	-111.526	-14.6867	44.0196
0.904226	-112.231	-14.8021	44.0728
0.869481	-112.95	-14.9095	44.1273
0.785684	-113.625	-14.9984	44.1794
0.702717	-114.322	-15.0788	44.2325
0.582223	-115.014	-15.1405	44.2863
0.43033	-115.718	-15.2061	44.3421
0.29383	-116.339	-15.2585	44.3923
0.176821	-117.006	-15.3147	44.447
0.0146803	-117.625	-15.3836	44.499
-0.0967353	-118.288	-15.4709	44.5533
-0.226123	-118.937	-15.5769	44.6082
-0.409722	-119.595	-15.6958	44.6632
-0.535349	-120.273	-15.8329	44.7182
-0.691609	-120.959	-15.9714	44.773
-0.786126	-121.598	-16.103	44.8231
-0.87021	-122.298	-16.2512	44.8771
-0.959117	-122.974	-16.3874	44.9287
-0.999115	-123.639	-16.5166	44.9787
-1.0431	-124.343	-16.6454	45.0319
-1.06427	-125.018	-16.7651	45.0826
-1.07403	-125.742	-16.8874	45.1369
-1.05103	-126.447	-16.997	45.1905
-1.02308	-127.129	-17.0989	45.2423
-0.98539	-127.824	-17.1923	45.2961
-0.930427	-128.47	-17.269	45.3463
-0.817691	-129.13	-17.3349	45.3996
-0.71154	-129.751	-17.3829	45.4499
-0.606261	-130.414	-17.4218	45.505
-0.471181	-131.045	-17.475	45.5588
-0.303981	-131.648	-17.5376	45.6112
-0.171448	-132.249	-17.6189	45.6635
-0.0543729	-132.909	-17.7283	45.7177
0.124135	-133.572	-17.8506	45.7728
0.239245	-134.232	-17.9856	45.8256
0.35917	-134.893	-18.1189	45.877
0.499351	-135.606	-18.2613	45.9325
0.601307	-136.315	-18.409	45.986
0.714209	-137.005	-18.5474	46.0383
0.796197	-137.694	-18.6815	46.0897
0.86732	-138.406	-18.8169	46.1431
0.932643	-139.079	-18.9464	46.1937
0.972997	-139.762	-19.071	46.2451
1.00346	-140.453	-19.1966	46.2974
1.02051	-141.134	-19.3211	46.3489
1.01543	-141.811	-19.4436	46.4001
0.988457	-142.543	-19.5722	46.4553
0.943704	-143.234	-19.6856	46.508
0.864512	-143.939	-19.7906	46.5619
0.777674	-144.614	-19.8705	46.6142
0.671176	-145.293	-19.9389	46.6673
0.514612	-145.934	-19.9901	46.7195
0.388984	-146.603	-20.0301	46.7739
0.254048	-147.269	-20.0826	46.8293
0.080212	-147.908	-20.1362	46.8845
-0.052917	-148.563	-20.2191	46.9387
-0.243835	-149.18	-20.3151	46.9915
-0.385548	-149.798	-20.428	47.0433
-0.520563	-150.457	-20.5654	47.0971
-0.700838	-151.125	-20.7053	47.1514
-0.795188	-151.826	-20.8585	47.2061
-0.890183	-152.481	-20.9929	47.257
-1.00643	-153.175	-21.1309	47.3104
-1.07191	-153.899	-21.2751	47.3656
-1.12557	-154.563	-21.399	47.4157
-1.16483	-155.277	-21.5241	47.4698
-1.18381	-156.012	-21.6534	47.5248
-1.17576	-156.753	-21.7768	47.5804
-1.16875	-157.472	-21.9	47.6347
-1.14086	-158.131	-22.0145	47.6847
-1.09148	-158.802	-22.1274	47.7359
-1.00534	-159.493	-22.2336	47.7897
-0.945685	-160.197	-22.3319	47.8443
-0.838756	-160.89	-22.413	47.8992
-0.684911	-161.537	-22.4714	47.9524
-0.554255	-162.149	-22.5028	48.004
-0.412394	-162.772	-22.5445	48.0561
-0.259781	-163.386	-22.5931	48.1079
-0.0714921	-164.042	-22.6646	48.1627
0.0779636	-164.694	-22.7543	48.2165
0.251453	-165.355	-22.8654	48.2707
0.366127	-166.009	-22.9844	48.3231
0.464713	-166.674	-23.1159	48.3751
0.562029	-167.364	-23.2486	48.4284
0.670603	-168.061	-23.3834	48.4821
0.747445	-168.735	-23.5145	48.5329
0.808219	-169.42	-23.6506	48.5844
0.852376	-170.112	-23.7801	48.636
0.884198	-170.801	-23.9066	48.6873
0.899573	-171.5	-24.0347	48.7392
0.898045	-172.221	-24.1653	48.7927
0.885064	-172.917	-24.2913	48.8443
0.844579	-173.63	-24.4086	48.8976
0.76218	-174.364	-24.5176	48.953
0.681494	-175.04	-24.5968	49.0051
0.563049	-175.722	-24.6656	49.0584
0.404672	-176.402	-24.7276	49.1132
0.251386	-177.01	-24.7786	49.1644
0.130519	-177.617	-24.8283	49.2157
-0.0126481	-178.207	-24.8966	49.2666
-0.151961	-178.796	-24.9762	49.3176
-0.286104	-179.414	-25.0735	49.3694
-0.473368	-180.021	-25.1794	49.4206
-0.592867	-180.679	-25.3006	49.4736
-0.688845	-181.337	-25.4327	49.526
-0.837647	-182.03	-25.5686	49.5804
-0.913817	-182.729	-25.706	49.6341
-0.98345	-183.423	-25.847	49.6867
-1.04088	-184.123	-25.9817	49.7392
-1.1018	-184.871	-26.1248	49.7951
-1.13392	-185.584	-26.2549	49.8487
-1.15187	-186.265	-26.3803	49.8994
-1.14591	-186.986	-26.5065	49.9532
-1.13459	-187.734	-26.6297	50.0089
-1.0837	-188.473	-26.7429	50.0648
-1.02449	-189.185	-26.8387	50.1194
-0.915088	-189.852	-26.9202	50.171
-0.815513	-190.537	-26.9955	50.2246
-0.712518	-191.235	-27.0558	50.2799
-0.549214	-191.848	-27.1066	50.3307
-0.412634	-192.497	-27.1559	50.3848
-0.287356	-193.153	-27.2219	50.4391
-0.0986854	-193.773	-27.2947	50.4927
0.0273993	-194.42	-27.3841	50.5469
0.210408	-195.041	-27.4892	50.5999
0.353693	-195.67	-27.607	50.6519
0.481667	-196.353	-27.7507	50.7062
0.611029	-197.048	-27.8957	50.761
0.732089	-197.758	-28.0525	50.8154
0.827133	-198.45	-28.1973	50.8679
0.915402	-199.192	-28.3465	50.9234
0.974966	-199.898	-28.4899	50.976
1.01253	-200.584	-28.6201	51.0272
1.0341	-201.262	-28.7438	51.078
1.03028	-201.964	-28.8641	51.1309
1.00561	-202.661	-28.9746	51.1832
0.960288	-203.346	-29.0745	51.2352
0.895061	-204.06	-29.1623	51.2893
0.784491	-204.768	-29.2424	51.3437
0.676848	-205.477	-29.3064	51.3985
0.533113	-206.122	-29.3667	51.4506
0.416486	-206.812	-29.431	51.5056
0.298146	-207.475	-29.5046	51.5593
0.128054	-208.076	-29.578	51.611
2.3853e-005	-208.674	-29.6652	51.6619
-0.123386	-209.306	-29.7739	51.7153
-0.230543	-209.934	-29.8929	51.7668
-0.356133	-210.59	-30.0211	51.8207
-0.479399	-211.281	-30.1641	51.8756
-0.580938	-211.936	-30.2984	51.9261
-0.661854	-212.638	-30.4421	51.9795
-0.753919	-213.352	-30.589	52.0333
-0.823283	-214.047	-30.7335	52.0853
-0.873523	-214.779	-30.8892	52.1395
-0.909061	-215.46	-31.0273	52.19
-0.924384	-216.184	-31.1675	52.2442
-0.920368	-216.916	-31.3011	52.2991
-0.876599	-217.641	-31.4179	52.3539
-0.819974	-218.299	-31.5099	52.404
-0.735429	-219	-31.5896	52.4582
-0.63466	-219.679	-31.6594	52.5104
-0.499297	-220.374	-31.7252	52.5644
-0.368851	-220.998	-31.7768	52.6147
-0.250672	-221.678	-31.8311	52.67
-0.0922351	-222.307	-31.8919	52.7224
0.06506	-222.881	-31.9536	52.7725
0.190558	-223.522	-32.0341	52.8275
0.364769	-224.156	-32.1331	52.8819
0.505703	-224.791	-32.2478	52.9353
0.618266	-225.441	-32.3835	52.9882
0.759801	-226.114	-32.5261	53.0422
0.869378	-226.792	-32.6723	53.0952
0.955665	-227.503	-32.8319	53.1499
1.04067	-228.231	-32.9824	53.205
1.09746	-228.935	-33.1314	53.2578
1.13789	-229.65	-33.2699	53.3113
1.15055	-230.37	-33.4012	53.365
1.14149	-231.052	-33.5158	53.4162
1.10478	-231.722	-33.6129	53.4668
1.04773	-232.409	-33.701	53.519
0.948633	-233.073	-33.7746	53.5707
0.842671	-233.758	-33.8408	53.6241
0.718026	-234.406	-33.8922	53.6756
0.597933	-235.085	-33.9324	53.73
0.411883	-235.697	-33.9735	53.7814
0.272372	-236.328	-34.0231	53.8351
0.148407	-236.935	-34.0772	53.8876
0.0150712	-237.525	-34.1572	53.9383
-0.123455	-238.132	-34.2572	53.989
-0.313307	-238.727	-34.3711	54.0412
-0.438307	-239.37	-34.5021	54.0933
-0.54916	-240.055	-34.6538	54.148
-0.65616	-240.713	-34.7959	54.1994
-0.782291	-241.377	-34.9364	54.2513
-0.879424	-242.103	-35.0898	54.3065
-0.950328	-242.847	-35.2347	54.3618
-1.01017	-243.57	-35.3732	54.4154
-1.04248	-244.275	-35.5084	54.4674
-1.05867	-244.965	-35.6341	54.5186
-1.05632	-245.675	-35.7549	54.5714
-1.02057	-246.341	-35.861	54.6214
-0.970183	-247.046	-35.9629	54.6746
-0.890845	-247.753	-36.0482	54.7285
-0.791536	-248.411	-36.1191	54.779
-0.694338	-249.092	-36.189	54.8312
-0.539173	-249.776	-36.2585	54.8856
-0.425142	-250.444	-36.3202	54.9384
-0.253599	-251.128	-36.3962	54.9937
-0.137052	-251.779	-36.4705	55.0469
0.011787	-252.4	-36.5535	55.0988
0.144954	-253.023	-36.6489	55.1494
0.30483	-253.694	-36.7637	55.2048
0.404626	-254.375	-36.8933	55.26
0.554365	-255.02	-37.0192	55.3127
0.64883	-255.715	-37.1633	55.3678
0.755974	-256.407	-37.3012	55.422
0.822929	-257.09	-37.4358	55.4746
0.880204	-257.798	-37.5746	55.5289
0.935827	-258.511	-37.7045	55.583
0.960506	-259.219	-37.8321	55.6365
0.967371	-259.913	-37.9486	55.6888
0.94548	-260.615	-38.0605	55.7422
0.9085	-261.315	-38.165	55.7955
0.857964	-261.979	-38.2527	55.8468
0.792567	-262.636	-38.335	55.8978
0.709374	-263.31	-38.414	55.9504
0.576511	-263.976	-38.485	56.0036
0.451215	-264.61	-38.5446	56.0551
0.331917	-265.278	-38.599	56.1095
0.151704	-265.911	-38.6609	56.1634
0.0213538	-266.541	-38.7342	56.2156
-0.1371	-267.142	-38.8174	56.2667
-0.268463	-267.776	-38.9223	56.3207
-0.409827	-268.402	-39.0384	56.3724
-0.574418	-269.055	-39.1668	56.4264
-0.69717	-269.673	-39.302	56.4772
-0.811709	-270.302	-39.4346	56.5276
-0.911445	-270.958	-39.5708	56.5788
-0.999522	-271.626	-39.7046	56.6301
-1.08169	-272.308	-39.8368	56.6821
-1.13663	-272.997	-39.9667	56.7338
-1.176	-273.697	-40.093	56.7861
-1.19255	-274.406	-40.2154	56.8387
-1.19295	-275.1	-40.3269	56.8904
-1.17599	-275.778	-40.4265	56.9413
-1.12448	-276.468	-40.5223	56.9935
-1.06867	-277.194	-40.6117	57.0491
-1.00177	-277.879	-40.6935	57.1023
-0.881402	-278.575	-40.7729	57.1571
-0.788696	-279.275	-40.8431	57.2125
-0.644871	-279.92	-40.9091	57.2645
-0.539177	-280.6	-40.9751	57.3199
-0.366964	-281.233	-41.0434	57.3733
-0.256775	-281.895	-41.1205	57.4279
-0.118406	-282.51	-41.2073	57.4798
0.036372	-283.122	-41.3061	57.5315
0.200138	-283.783	-41.4233	57.5859
0.28503	-284.462	-41.5572	57.6396
0.447378	-285.146	-41.6969	57.6953
0.548829	-285.803	-41.8464	57.7475
0.654925	-286.497	-41.9959	57.8014
0.767478	-287.214	-42.1473	57.8566
0.838805	-287.892	-42.2939	57.9081
0.891077	-288.609	-42.4329	57.9621
0.93238	-289.322	-42.5641	58.0156
0.945592	-290.055	-42.6939	58.0704
0.936048	-290.737	-42.8053	58.1222
0.891591	-291.444	-42.9131	58.1757
0.840775	-292.133	-43.0062	58.2282
0.74981	-292.842	-43.0941	58.2832
0.64909	-293.492	-43.1652	58.3343
0.522836	-294.14	-43.2303	58.386
0.41051	-294.807	-43.2845	58.4391
0.278647	-295.419	-43.34	58.4898
0.137598	-296.05	-43.404	58.5431
-0.0208278	-296.698	-43.4767	58.5983
-0.156314	-297.282	-43.5591	58.6485
-0.294486	-297.906	-43.6594	58.7013
-0.468321	-298.504	-43.7667	58.753
-0.576859	-299.128	-43.8839	58.8033
-0.705518	-299.773	-44.0091	58.8559
-0.800846	-300.474	-44.1519	58.9117
-0.929181	-301.15	-44.2849	58.966
-1.00444	-301.804	-44.4114	59.0166
-1.07664	-302.463	-44.5344	59.0671
-1.13715	-303.149	-44.6605	59.1188
-1.18286	-303.836	-44.7808	59.1703
-1.21113	-304.529	-44.9011	59.2224
-1.2199	-305.252	-45.0228	59.2765
-1.21857	-305.936	-45.1345	59.3277
-1.2001	-306.606	-45.2386	59.3782
-1.16383	-307.27	-45.3352	59.429
-1.08753	-307.974	-45.4298	59.4836
-1.00892	-308.645	-45.5129	59.5363
-0.922386	-309.356	-45.5865	59.5922
-0.788197	-310.04	-45.6553	59.6471
-0.677851	-310.667	-45.7113	59.6975
-0.555039	-311.319	-45.7639	59.7516
-0.388222	-311.981	-45.8327	59.8061
-0.254804	-312.651	-45.9127	59.8612
-0.0580619	-313.295	-46.0073	59.9155
0.0761611	-313.916	-46.1137	59.9665
0.203424	-314.561	-46.2401	60.019
0.338019	-315.222	-46.3737	60.0721
0.466958	-315.857	-46.509	60.1229
0.603249	-316.514	-46.6505	60.1749
0.700715	-317.209	-46.8066	60.2284
0.784878	-317.912	-46.9544	60.2819
0.869719	-318.603	-47.0965	60.3344
0.933611	-319.322	-47.2441	60.3884
0.978794	-320.039	-47.3797	60.4419
1.00044	-320.75	-47.5094	60.4952
1.00173	-321.441	-47.6298	60.5476
0.982443	-322.128	-47.7404	60.5997
0.934948	-322.812	-47.8393	60.6517
0.848087	-323.52	-47.9303	60.7065
0.759003	-324.224	-48.0031	60.7617
0.654426	-324.872	-48.0639	60.8133
0.512626	-325.524	-48.1198	60.8658
0.384221	-326.141	-48.1676	60.9166
0.259856	-326.746	-48.2067	60.9683
0.135788	-327.399	-48.2711	61.0226
-0.0215152	-327.989	-48.3422	61.0735
-0.187757	-328.639	-48.4398	61.1286
-0.337408	-329.259	-48.5502	61.1806
-0.499627	-329.922	-48.6773	61.2348
-0.635515	-330.573	-48.809	61.2876
-0.753987	-331.197	-48.9398	61.3377
-0.855107	-331.895	-49.0874	61.3927
-0.948204	-332.553	-49.2192	61.4438
-1.03725	-333.282	-49.3635	61.4994
-1.09432	-333.951	-49.4895	61.5499
-1.13784	-334.643	-49.6155	61.6017
-1.16704	-335.339	-49.7381	61.654
-1.17267	-336.046	-49.86	61.7067
-1.1652	-336.779	-49.9794	61.7617
-1.13619	-337.462	-50.0838	61.8127
-1.09086	-338.134	-50.1795	61.8633
-1.00531	-338.845	-50.2742	61.9176
-0.920049	-339.533	-50.3524	61.971
-0.769699	-340.228	-50.4293	62.0264
-0.65581	-340.886	-50.4943	62.0785
-0.538711	-341.549	-50.5475	62.1329
-0.354088	-342.194	-50.6089	62.1883
-0.228819	-342.8	-50.6675	62.2394
-0.0842042	-343.448	-50.7536	62.2938
0.0514532	-344.066	-50.8529	62.3451
0.2245	-344.681	-50.9621	62.3967
0.3417	-345.329	-51.0927	62.4496
0.475086	-345.979	-51.2265	62.502
0.626282	-346.646	-51.3676	62.5555
0.715561	-347.35	-51.522	62.61
0.807757	-348.047	-51.6664	62.6636
0.894888	-348.748	-51.8079	62.7168
0.954607	-349.452	-51.9479	62.7696
0.995672	-350.186	-52.0803	62.8245
1.00969	-350.896	-52.2029	62.8779
1.00701	-351.619	-52.3206	62.9322
0.971763	-352.301	-52.4229	62.9844
0.916021	-353.012	-52.522	63.0386
0.853708	-353.672	-52.6001	63.0898
0.763822	-354.313	-52.6711	63.1404
0.663192	-354.942	-52.7341	63.1905
0.539188	-355.578	-52.7918	63.2422
0.402683	-356.217	-52.8451	63.2951
0.237758	-356.829	-52.8964	63.3471
0.0949358	-357.411	-52.9518	63.3979
-0.0396505	-358.009	-53.0245	63.4491
-0.163844	-358.632	-53.1227	63.5007
-0.308814	-359.272	-53.2394	63.5539
-0.492273	-359.897	-53.3622	63.6068
-0.59331	-360.597	-53.5089	63.6623
-0.730173	-361.253	-53.6452	63.7148
-0.834099	-361.948	-53.795	63.7696
-0.92946	-362.603	-53.9306	63.8204
-1.01123	-363.261	-54.0628	63.8709
-1.07061	-363.923	-54.191	63.9212
-1.11837	-364.606	-54.3163	63.9729
-1.15376	-365.304	-54.4374	64.0255
-1.16168	-366.003	-54.5549	64.0779
-1.15676	-366.69	-54.6628	64.1299
-1.12946	-367.367	-54.7618	64.1811
-1.08554	-368.024	-54.8489	64.2313
-1.02721	-368.681	-54.9286	64.2821
-0.930296	-369.368	-55.0083	64.3365
-0.844494	-370.048	-55.0762	64.3906
-0.735815	-370.71	-55.143	64.4442
-0.593686	-371.368	-55.1985	64.4995
-0.464496	-371.995	-55.2585	64.5522
-0.272745	-372.602	-55.3241	64.6065
-0.130979	-373.185	-55.4008	64.6572
0.00389835	-373.803	-55.5021	64.7108
0.125742	-374.448	-55.6217	64.763
0.297376	-375.109	-55.7556	64.8183
0.394471	-375.774	-55.9062	64.8706
0.494943	-376.464	-56.0567	64.924
0.616345	-377.177	-56.2086	64.9789
0.69334	-377.91	-56.3666	65.034
0.763454	-378.608	-56.506	65.0862
0.811523	-379.341	-56.6515	65.1407
0.844349	-380.06	-56.7846	65.1944
0.848555	-380.792	-56.9137	65.2491
0.844451	-381.492	-57.0314	65.3019
0.787919	-382.213	-57.1383	65.3568
0.726093	-382.907	-57.2195	65.41
0.642077	-383.603	-57.2911	65.4643
0.517645	-384.287	-57.3522	65.5186
0.420793	-384.93	-57.3924	65.5712
0.30733	-385.541	-57.4399	65.6225
0.13984	-386.169	-57.4953	65.6777
0.0532376	-386.792	-57.5576	65.7309
-0.135814	-387.399	-57.6394	65.7847
-0.259162	-388.008	-57.7388	65.8356
-0.384962	-388.673	-57.8629	65.8904
-0.527056	-389.319	-57.9919	65.9432
-0.675372	-389.989	-58.131	65.9965
-0.78441	-390.656	-58.2731	66.0483
-0.887345	-391.355	-58.4261	66.1017
-0.971752	-392.042	-58.5673	66.1538
-1.06908	-392.763	-58.7129	66.2088
-1.13623	-393.48	-58.8622	66.2628
-1.18241	-394.171	-58.9986	66.3146
-1.20485	-394.899	-59.135	66.3698
-1.20418	-395.579	-59.2577	66.4208
-1.17697	-396.27	-59.3691	66.473
-1.11669	-396.957	-59.4688	66.5255
-1.04494	-397.638	-59.5565	66.5778
-0.958317	-398.28	-59.6268	66.6279
-0.848689	-398.921	-59.6885	66.6788
-0.737908	-399.572	-59.7351	66.7312
-0.577852	-400.218	-59.7855	66.7853
-0.424409	-400.844	-59.8344	66.8398
-0.27221	-401.435	-59.879	66.8932
-0.0884596	-402.043	-59.9497	66.9475
0.045116	-402.671	-60.0402	67.0013
0.222552	-403.316	-60.1513	67.0557
0.349811	-403.951	-60.2747	67.1071
0.473556	-404.63	-60.4225	67.1606
0.613842	-405.279	-60.5626	67.211
0.721389	-405.94	-60.7049	67.2616
0.81275	-406.617	-60.8495	67.3126
0.899639	-407.311	-60.9934	67.3645
0.968774	-408.026	-61.1342	67.4177
1.00985	-408.729	-61.2658	67.4703
1.03481	-409.476	-61.4006	67.5256
1.03139	-410.165	-61.518	67.5772
1.01207	-410.874	-61.6327	67.6305
0.975539	-411.598	-61.7413	67.6849
0.899812	-412.309	-61.8389	67.7393
0.836949	-413.036	-61.9246	67.7948
0.713135	-413.691	-61.9948	67.8467
0.605469	-414.363	-62.058	67.9001
0.49148	-415.04	-62.1042	67.9549
0.314479	-415.67	-62.1518	68.0083
0.156957	-416.266	-62.2031	68.0602
0.0343823	-416.866	-62.2687	68.1117
-0.16799	-417.502	-62.3624	68.1668
-0.319726	-418.108	-62.4678	68.2175
-0.466165	-418.704	-62.581	68.2677
-0.584863	-419.378	-62.7201	68.3212
-0.706296	-420.016	-62.8519	68.3718
-0.808628	-420.713	-62.994	68.4257
-0.923506	-421.376	-63.1279	68.477
-1.00603	-422.054	-63.261	68.5287
-1.06198	-422.75	-63.3961	68.5812
-1.10654	-423.47	-63.5265	68.6354
-1.14506	-424.193	-63.6558	68.6901
-1.1663	-424.874	-63.7794	68.7411
-1.1711	-425.539	-63.8933	68.7911
-1.15589	-426.219	-64.0046	68.8423
-1.12166	-426.899	-64.1089	68.8937
-1.0699	-427.569	-64.2043	68.9451
-0.977263	-428.245	-64.2931	68.9977
-0.891382	-428.882	-64.3686	69.0479
-0.795338	-429.516	-64.4355	69.0985
-0.685546	-430.141	-64.495	69.1498
-0.594593	-430.804	-64.5496	69.2044
-0.427536	-431.413	-64.6069	69.2579
-0.3233	-432.024	-64.6726	69.3108
-0.204762	-432.649	-64.7601	69.3642
-0.0609193	-433.295	-64.8653	69.4189
0.0703619	-433.904	-64.9736	69.47
0.174214	-434.595	-65.1031	69.5249
0.292878	-435.256	-65.2297	69.5765
0.415769	-435.983	-65.3755	69.632
0.528413	-436.709	-65.5159	69.6873
0.612781	-437.394	-65.6493	69.7388
0.688653	-438.115	-65.7888	69.7928
0.741163	-438.83	-65.9162	69.8467
0.766323	-439.511	-66.0319	69.8982
0.773624	-440.21	-66.1407	69.9514
0.755966	-440.932	-66.2435	70.0061
0.709788	-441.639	-66.334	70.0599
0.647726	-442.35	-66.4092	70.1146
0.578316	-443.001	-66.4765	70.1648
0.461097	-443.674	-66.546	70.2173
0.380544	-444.317	-66.6109	70.2675
0.301542	-444.967	-66.6811	70.3186
0.234054	-445.636	-66.7651	70.3704
0.166187	-446.349	-66.8683	70.4254
0.0617777	-447.027	-66.9827	70.4779
-0.0191404	-447.713	-67.1066	70.5301
-0.0848507	-448.454	-67.245	70.5855
-0.181344	-449.129	-67.3678	70.6372
-0.251666	-449.816	-67.4924	70.6894
-0.318994	-450.531	-67.6266	70.7434
-0.381265	-451.211	-67.7522	70.7943
-0.452498	-451.918	-67.8822	70.8476
-0.502844	-452.633	-68.0115	70.9014
-0.54765	-453.319	-68.139	70.9522
-0.584908	-454.024	-68.2677	71.0048
-0.621201	-454.724	-68.3954	71.0569
