x	y	z	t
0.475763	450.203	73.7598	0.0569466
0.475274	449.683	73.6784	0.1122
0.474835	449.183	73.6002	0.165452
0.474327	448.675	73.5211	0.219416
0.473477	448.162	73.4412	0.274099
0.472717	447.673	73.3644	0.326433
0.472084	447.184	73.2877	0.378474
0.471295	446.677	73.208	0.432584
0.470804	446.208	73.1346	0.482731
0.470559	445.678	73.0515	0.539403
0.470577	445.151	72.969	0.595748
0.470893	444.675	72.8943	0.64644
0.471542	444.185	72.8174	0.698697
0.472019	443.68	72.7385	0.752227
0.472592	443.203	72.6637	0.802883
0.473326	442.677	72.581	0.858958
0.474146	442.183	72.5034	0.911511
0.47536	441.658	72.4209	0.967353
0.476046	441.18	72.3457	1.01809
0.476617	440.654	72.2634	1.07423
0.477012	440.178	72.1888	1.12478
0.477079	439.639	72.1044	1.18217
0.47716	439.144	72.0272	1.23446
0.477443	438.623	71.9452	1.2899
0.478486	438.09	71.8614	1.34649
0.479691	437.583	71.7817	1.40049
0.481464	437.073	71.7009	1.45473
0.482576	436.602	71.6266	1.50475
0.482964	436.13	71.5525	1.55503
0.481839	435.598	71.4694	1.61173
0.481031	435.087	71.3892	1.66605
0.478956	434.572	71.3075	1.72055
0.47757	434.06	71.2263	1.775
0.476842	433.569	71.1484	1.827
0.47682	433.045	71.0652	1.88275
0.478293	432.513	70.9809	1.93928
0.481401	431.98	70.8959	1.99592
0.484358	431.507	70.8201	2.04604
0.486273	431.002	70.7388	2.09992
0.490669	430.493	70.6561	2.15412
0.493849	429.975	70.5735	2.20937
0.497892	429.471	70.4928	2.26317
0.501163	428.955	70.4103	2.3182
0.504762	428.486	70.3358	2.36833
0.509768	427.962	70.2533	2.42433
0.513919	427.471	70.1765	2.47697
0.524312	426.944	70.0939	2.53315
0.527554	426.434	70.0128	2.58766
0.539225	425.881	69.9239	2.64652
0.549303	425.404	69.8473	2.69729
0.572957	424.887	69.7646	2.75291
0.594626	424.419	69.6908	2.80324
0.624168	423.939	69.6167	2.8546
0.655603	423.461	69.5439	2.90591
0.692165	422.962	69.4678	2.96013
0.736619	422.441	69.3881	3.01618
0.77319	421.947	69.3109	3.0694
0.814558	421.425	69.2274	3.12539
0.85414	420.9	69.1437	3.18162
0.882167	420.432	69.0692	3.2317
0.903273	419.905	68.9846	3.28811
0.925313	419.425	68.9072	3.33922
0.944584	418.9	68.8215	3.39534
0.955495	418.422	68.7429	3.44636
0.961742	417.939	68.6629	3.49789
0.962695	417.419	68.5762	3.55371
0.95902	416.89	68.4891	3.61061
0.949835	416.418	68.4114	3.66138
0.934684	415.894	68.3254	3.71752
0.910498	415.39	68.2452	3.77179
0.889514	414.887	68.1668	3.82608
0.850401	414.369	68.0877	3.8822
0.822179	413.867	68.0129	3.93674
0.771307	413.361	67.9369	3.99201
0.735917	412.845	67.8607	4.04825
0.669352	412.345	67.7867	4.10332
0.612874	411.868	67.7173	4.15607
0.526533	411.357	67.6417	4.21246
0.462267	410.86	67.5677	4.26721
0.382914	410.385	67.4946	4.31932
0.288675	409.907	67.4196	4.37212
0.216328	409.386	67.3364	4.42854
0.12023	408.857	67.2511	4.4859
0.0503322	408.387	67.1744	4.5363
-0.0392524	407.87	67.0897	4.5921
-0.104029	407.398	67.012	4.6431
-0.166202	406.906	66.9305	4.69633
-0.223197	406.424	66.8513	4.74874
-0.294429	405.917	66.768	4.80373
-0.337504	405.391	66.6801	4.86008
-0.384279	404.888	66.5967	4.91403
-0.419513	404.392	66.518	4.96705
-0.459193	403.856	66.4336	5.02411
-0.488288	403.366	66.3553	5.0766
-0.517891	402.84	66.2705	5.13272
-0.536563	402.317	66.1857	5.18843
-0.556936	401.811	66.1037	5.24279
-0.566809	401.296	66.0185	5.29822
-0.576341	400.784	65.9325	5.35323
-0.570442	400.287	65.8455	5.40674
-0.561531	399.801	65.7612	5.45902
-0.544595	399.304	65.677	5.51211
-0.528336	398.807	65.595	5.56523
-0.515199	398.301	65.5172	5.61929
-0.496681	397.788	65.4421	5.67436
-0.478095	397.298	65.3715	5.72755
-0.45383	396.815	65.3027	5.78058
-0.417133	396.31	65.2329	5.83628
-0.377574	395.829	65.1633	5.88952
-0.316287	395.324	65.0894	5.9456
-0.25877	394.841	65.0171	5.99917
-0.1846	394.354	64.9432	6.05284
-0.118334	393.853	64.8674	6.10853
-0.0426918	393.389	64.7969	6.16023
0.0341427	392.918	64.7249	6.21238
0.127983	392.461	64.6563	6.26339
0.205522	391.957	64.5812	6.31919
0.29862	391.467	64.5078	6.37399
0.37354	391.01	64.4391	6.42444
0.446904	390.506	64.3606	6.48015
0.519474	390.038	64.2868	6.53187
0.598702	389.513	64.2032	6.58947
0.672628	389.025	64.1247	6.64311
0.727065	388.562	64.049	6.69394
0.775639	388.094	63.9717	6.74499
0.824192	387.631	63.8951	6.7956
0.865111	387.163	63.8173	6.84648
0.912782	386.654	63.7328	6.90201
0.936313	386.157	63.6485	6.95588
0.964936	385.637	63.5612	7.01225
0.978058	385.15	63.4792	7.06434
0.983006	384.648	63.3948	7.11836
0.983273	384.153	63.3139	7.17165
0.974427	383.671	63.2371	7.22357
0.960012	383.181	63.1591	7.27646
0.939746	382.681	63.0803	7.33019
0.905107	382.184	63.0024	7.38379
0.876648	381.678	62.9239	7.43849
0.836886	381.197	62.8504	7.49101
0.78967	380.736	62.7807	7.54105
0.719818	380.257	62.7085	7.594
0.665389	379.735	62.6326	7.65098
0.588503	379.251	62.5665	7.70485
0.515037	378.754	62.4981	7.76029
0.404049	378.289	62.4339	7.81373
0.328455	377.788	62.3619	7.87003
0.214084	377.314	62.2908	7.92433
0.135079	376.842	62.2172	7.97768
0.0292575	376.352	62.1361	8.03286
-0.0388316	375.876	62.0536	8.08593
-0.108007	375.4	61.9712	8.13854
-0.192566	374.903	61.8848	8.19346
-0.24479	374.441	61.8037	8.24366
-0.289591	373.955	61.7178	8.29608
-0.335901	373.476	61.6363	8.34744
-0.377105	372.975	61.5529	8.40024
-0.415446	372.472	61.4706	8.45359
-0.439891	371.948	61.3864	8.50903
-0.457386	371.458	61.3082	8.56135
-0.467875	370.976	61.231	8.61285
-0.468964	370.474	61.1501	8.66641
-0.460271	369.952	61.0665	8.72214
-0.441036	369.442	60.9849	8.7765
-0.419753	368.959	60.9077	8.8283
-0.390657	368.493	60.833	8.8789
-0.35423	368.023	60.7574	8.93053
-0.290212	367.556	60.6832	8.98217
-0.237277	367.052	60.6061	9.03803
-0.168506	366.595	60.5415	9.08994
-0.0866872	366.158	60.4854	9.14064
-0.00350828	365.721	60.4321	9.19147
0.122092	365.272	60.3742	9.24511
0.204424	364.846	60.3166	9.29563
0.301616	364.372	60.2427	9.35111
0.417503	363.944	60.166	9.4024
0.507759	363.489	60.0795	9.45511
0.578509	363.046	59.9881	9.50622
0.665523	362.589	59.8964	9.55811
0.745829	362.101	59.8009	9.61313
0.785324	361.622	59.7076	9.66655
0.822499	361.149	59.6226	9.71861
0.85032	360.674	59.5393	9.77059
0.871917	360.185	59.4549	9.82364
0.877016	359.697	59.3744	9.87673
0.870404	359.195	59.2966	9.931
0.849882	358.689	59.2224	9.98605
0.822154	358.191	59.1519	10.0401
0.772582	357.681	59.0853	10.0959
0.698088	357.171	59.0199	10.1524
0.64046	356.674	58.9661	10.2079
0.541352	356.198	58.9141	10.2625
0.461948	355.743	58.8633	10.3152
0.388569	355.291	58.8111	10.3684
0.302571	354.853	58.7509	10.4192
0.206219	354.359	58.6735	10.4763
0.117694	353.897	58.5919	10.5294
0.00454381	353.426	58.5061	10.5836
-0.0571957	352.923	58.4111	10.6396
-0.12622	352.471	58.3256	10.6905
-0.215189	352.01	58.237	10.7422
-0.269956	351.503	58.1404	10.7973
-0.323512	351.033	58.0559	10.8483
-0.374743	350.569	57.9758	10.8984
-0.426011	350.057	57.8911	10.9532
-0.45741	349.582	57.8137	11.0039
-0.483173	349.056	57.7289	11.0596
-0.501129	348.577	57.6509	11.1109
-0.509056	348.084	57.5709	11.1637
-0.508448	347.606	57.4926	11.215
-0.501555	347.114	57.4112	11.2679
-0.481374	346.635	57.3337	11.3204
-0.437323	346.152	57.2587	11.3731
-0.394137	345.669	57.1875	11.426
-0.344617	345.206	57.1245	11.4775
-0.259521	344.708	57.0584	11.5337
-0.191364	344.24	57.0022	11.5869
-0.109351	343.756	56.9412	11.6421
0.0128558	343.316	56.8872	11.6951
0.0923246	342.885	56.8359	11.7467
0.193239	342.428	56.7754	11.8014
0.3276	341.99	56.7119	11.8553
0.425336	341.546	56.6377	11.909
0.518753	341.096	56.5574	11.9621
0.622416	340.677	56.4774	12.0125
0.754814	340.249	56.3919	12.0645
0.841469	339.795	56.2973	12.1172
0.928937	339.351	56.2104	12.168
1.00537	338.896	56.1245	12.219
1.07554	338.436	56.0407	12.2701
1.14002	337.976	55.9596	12.3207
1.19229	337.515	55.8828	12.371
1.23583	337.05	55.808	12.4214
1.26863	336.581	55.7349	12.4724
1.29457	336.104	55.6625	12.5238
1.31279	335.607	55.5867	12.5774
1.31977	335.141	55.5142	12.6277
1.31778	334.644	55.4352	12.6813
1.30756	334.158	55.3565	12.7336
1.29582	333.691	55.2809	12.784
1.27931	333.21	55.2018	12.8361
1.25644	332.744	55.1238	12.8865
1.22465	332.264	55.0458	12.9384
1.16906	331.764	54.9651	12.993
1.11498	331.269	54.8875	13.0477
1.04933	330.792	54.8171	13.1008
0.967916	330.338	54.7551	13.1521
0.846102	329.903	54.7009	13.2029
0.742098	329.457	54.6484	13.2548
0.627544	329.016	54.6004	13.3072
0.508876	328.549	54.5432	13.3625
0.360043	328.111	54.4937	13.4173
0.237331	327.688	54.4376	13.4702
0.114158	327.281	54.3784	13.5221
-0.0105165	326.864	54.3118	13.5737
-0.14307	326.417	54.2331	13.6285
-0.251067	325.961	54.1512	13.6817
-0.37552	325.513	54.0678	13.7341
-0.455341	325.048	53.9784	13.7877
-0.538898	324.589	53.8918	13.8398
-0.631887	324.088	53.7985	13.8955
-0.687686	323.581	53.7061	13.9502
-0.74667	323.1	53.6247	14.0021
-0.801535	322.615	53.5454	14.0541
-0.84014	322.127	53.4696	14.1062
-0.876343	321.643	53.3988	14.1579
-0.903148	321.147	53.3274	14.2109
-0.919471	320.676	53.2605	14.2616
-0.918976	320.192	53.1917	14.3136
-0.91396	319.702	53.1221	14.3665
-0.913491	319.204	53.0506	14.4204
-0.898042	318.735	52.9815	14.4715
-0.855676	318.247	52.9081	14.5253
-0.823829	317.773	52.8364	14.5779
-0.770532	317.317	52.7655	14.6288
-0.710347	316.851	52.6923	14.6807
-0.620504	316.364	52.6158	14.7352
-0.536358	315.906	52.546	14.787
-0.454305	315.464	52.4814	14.8376
-0.367285	315.025	52.4175	14.8879
-0.275937	314.592	52.3552	14.9379
-0.179793	314.163	52.2939	14.9879
-0.0773131	313.739	52.2345	15.0382
0.0252702	313.273	52.1673	15.0924
0.150956	312.841	52.1049	15.1441
0.257705	312.409	52.0409	15.1956
0.352936	311.941	51.9684	15.2512
0.490529	311.475	51.8944	15.3062
0.593599	311.047	51.8265	15.3567
0.690629	310.578	51.7523	15.4107
0.792859	310.129	51.6809	15.4626
0.922506	309.689	51.61	15.5138
1.02577	309.236	51.5368	15.5654
1.12977	308.787	51.4643	15.6166
1.22843	308.344	51.3936	15.6668
1.32315	307.852	51.3153	15.7222
1.42966	307.363	51.2377	15.7777
1.50863	306.873	51.1587	15.8326
1.58488	306.42	51.0839	15.8833
1.66593	305.967	51.008	15.9336
1.72583	305.504	50.9318	15.9839
1.78457	304.985	50.8542	16.0398
1.8277	304.49	50.7819	16.0925
1.87168	304.003	50.7145	16.1445
1.90924	303.528	50.6495	16.1958
1.93749	303.043	50.5798	16.2486
1.93786	302.572	50.5061	16.2993
1.93766	302.106	50.4331	16.3494
1.96227	301.595	50.3629	16.4053
1.94351	301.138	50.2972	16.4555
1.9437	300.628	50.2171	16.5104
1.90112	300.108	50.1336	16.5673
1.8655	299.601	50.0478	16.6221
1.83767	299.112	49.9662	16.6747
1.80912	298.615	49.8821	16.7277
1.7767	298.115	49.7853	16.7801
1.74346	297.605	49.6764	16.8323
1.70928	297.053	49.5495	16.8882
1.68969	296.54	49.4462	16.9413
1.66413	296.019	49.3522	16.9964
1.65541	295.507	49.2663	17.0502
1.6326	294.997	49.1869	17.1042
1.61566	294.484	49.1104	17.1589
1.59102	293.996	49.0395	17.2114
1.56468	293.514	48.9683	17.2634
1.53722	293.049	48.8989	17.314
1.50292	292.553	48.8257	17.3677
1.47744	292.054	48.7507	17.4217
1.44916	291.591	48.6808	17.4718
1.41906	291.108	48.608	17.5241
1.38695	290.634	48.5356	17.5755
1.3613	290.115	48.4549	17.6318
1.33592	289.636	48.3816	17.6835
1.30668	289.141	48.3061	17.737
1.28318	288.664	48.2341	17.7884
1.26177	288.18	48.1607	17.8404
1.23946	287.677	48.0857	17.8945
1.21503	287.165	48.0106	17.9491
1.19625	286.676	47.9368	18.0012
1.17769	286.198	47.8638	18.0521
1.16157	285.704	47.7878	18.1046
1.14003	285.213	47.7124	18.1567
1.12443	284.725	47.6382	18.2086
1.10874	284.249	47.5663	18.2595
1.08959	283.724	47.4863	18.3155
1.07391	283.246	47.4125	18.3666
1.05857	282.764	47.3373	18.4179
1.04332	282.293	47.2639	18.4684
1.02672	281.796	47.1873	18.5216
1.0099	281.33	47.1161	18.5717
0.990893	280.842	47.041	18.6239
0.96804	280.372	46.9681	18.6747
0.94402	279.865	46.89	18.7288
0.921233	279.377	46.8187	18.7812
0.894839	278.861	46.7488	18.837
0.865195	278.386	46.6967	18.8886
0.83949	277.912	46.6465	18.9405
0.813984	277.442	46.5962	18.9924
0.791149	276.989	46.5447	19.0427
0.768282	276.488	46.4827	19.0983
0.752765	275.998	46.4141	19.1523
0.737423	275.488	46.339	19.2082
0.72946	275.026	46.2694	19.2588
0.722245	274.562	46.1994	19.3093
0.71874	274.091	46.1278	19.3607
0.714654	273.587	46.0522	19.4156
0.715828	273.091	45.9794	19.4693
0.716951	272.615	45.9083	19.5209
0.714903	272.116	45.8331	19.5751
0.714887	271.651	45.7624	19.6254
0.714052	271.186	45.691	19.6758
0.714018	270.675	45.6112	19.7309
0.711373	270.146	45.5281	19.7877
0.712055	269.663	45.4522	19.8394
0.708952	269.151	45.3716	19.8947
0.707285	268.64	45.2919	19.9496
0.702277	268.129	45.2118	20.0048
0.693709	267.608	45.1295	20.0612
0.682223	267.094	45.0474	20.1165
0.675445	266.584	44.9651	20.171
0.662402	266.095	44.8852	20.2233
0.641639	265.565	44.7967	20.2796
0.620795	265.058	44.7134	20.3337
0.58905	264.563	44.6326	20.3867
0.558447	264.035	44.5479	20.4431
0.517869	263.535	44.4693	20.4968
0.480968	263.052	44.3925	20.5487
0.443367	262.526	44.3078	20.6047
0.405872	262.048	44.2303	20.6556
0.356151	261.559	44.1505	20.7083
0.31699	261.074	44.0716	20.7603
0.255212	260.555	43.9891	20.8165
0.202906	260.082	43.916	20.8676
0.143398	259.61	43.8478	20.9189
0.0794667	259.138	43.78	20.9698
0.0129657	258.671	43.712	21.0207
-0.0518982	258.188	43.6397	21.0733
-0.132776	257.699	43.5643	21.1268
-0.192725	257.241	43.4909	21.1771
-0.253678	256.746	43.4098	21.2304
-0.305825	256.281	43.3328	21.2806
-0.353382	255.778	43.2493	21.335
-0.408058	255.303	43.1698	21.3867
-0.43959	254.803	43.0856	21.4406
-0.469687	254.32	43.0065	21.4927
-0.500883	253.805	42.9227	21.5483
-0.52012	253.331	42.845	21.5992
-0.536824	252.822	42.7629	21.654
-0.548102	252.347	42.6864	21.7049
-0.558509	251.867	42.6087	21.7567
-0.560255	251.383	42.5294	21.8087
-0.557282	250.914	42.452	21.859
-0.548375	250.394	42.3656	21.9148
-0.531854	249.871	42.2796	21.9705
-0.510991	249.404	42.2038	22.0207
-0.486653	248.912	42.1255	22.0737
-0.44676	248.405	42.0455	22.1292
-0.41748	247.894	41.9652	22.1853
-0.371053	247.441	41.8948	22.2356
-0.308659	246.944	41.8199	22.291
-0.24599	246.493	41.7545	22.342
-0.175174	246.047	41.6929	22.3927
-0.0930064	245.598	41.6319	22.4443
-9.30317e-005	245.164	41.574	22.4948
0.112707	244.711	41.5106	22.5473
0.205448	244.268	41.4456	22.5982
0.29838	243.794	41.3724	22.6521
0.390317	243.344	41.2986	22.7032
0.483824	242.899	41.2223	22.7533
0.568578	242.437	41.1404	22.8047
0.646704	241.975	41.0574	22.8559
0.752335	241.501	40.9717	22.909
0.81233	241.025	40.8833	22.961
0.885145	240.519	40.7928	23.0159
0.932951	240.037	40.707	23.0675
0.968695	239.545	40.6201	23.1197
0.996091	239.069	40.5404	23.1701
1.01561	238.587	40.4618	23.2206
1.02978	238.054	40.3754	23.2762
1.03676	237.516	40.2874	23.3319
1.02574	236.981	40.2008	23.3874
1.00947	236.457	40.1158	23.4416
0.97249	235.923	40.0313	23.497
0.933092	235.41	39.9529	23.5503
0.880017	234.918	39.8812	23.6019
0.801048	234.384	39.806	23.6579
0.74104	233.892	39.7445	23.7104
0.669495	233.369	39.6771	23.7663
0.575231	232.868	39.6141	23.8204
0.48445	232.371	39.5464	23.8736
0.353805	231.884	39.4756	23.9262
0.259758	231.381	39.3988	23.978
0.175642	230.834	39.3097	24.0332
0.0835427	230.304	39.2198	24.0862
-0.0278949	229.777	39.1277	24.1382
-0.0960031	229.211	39.0248	24.1919
-0.171242	228.668	38.9273	24.2422
-0.231532	228.09	38.8255	24.2946
-0.284118	227.514	38.7265	24.3459
-0.338687	226.887	38.6203	24.4011
-0.371271	226.275	38.5203	24.4546
-0.396128	225.68	38.4235	24.5062
-0.417935	225.035	38.3177	24.5625
-0.42598	224.451	38.2227	24.6138
-0.419878	223.808	38.1198	24.6703
-0.404339	223.234	38.0295	24.7213
-0.379228	222.663	37.9414	24.7721
-0.343835	222.1	37.8573	24.8224
-0.284566	221.489	37.7694	24.8774
-0.227564	220.917	37.6908	24.9291
-0.168315	220.306	37.6122	24.985
-0.0949741	219.753	37.5425	25.0359
0.0126157	219.172	37.4686	25.0898
0.0923062	218.623	37.4005	25.1412
0.197168	218.041	37.3198	25.1952
0.294265	217.504	37.2406	25.2456
0.404493	216.905	37.1428	25.3021
0.49626	216.314	37.0407	25.3567
0.609552	215.768	36.9432	25.4078
0.688259	215.23	36.8447	25.4578
0.74719	214.624	36.7305	25.5138
0.837465	214.043	36.6222	25.568
0.897003	213.465	36.5157	25.6205
0.935506	212.902	36.4094	25.6714
0.97006	212.328	36.3063	25.7227
0.994821	211.761	36.2064	25.7732
1.00706	211.191	36.1096	25.8238
1.00891	210.594	36.0131	25.8765
0.990487	210.02	35.9244	25.9272
0.964127	209.449	35.84	25.978
0.925832	208.884	35.7604	26.0285
0.875518	208.329	35.6865	26.0786
0.823689	207.73	35.6129	26.1332
0.726744	207.148	35.5418	26.1875
0.659906	206.583	35.4787	26.2408
0.572548	206.002	35.4081	26.296
0.468988	205.429	35.336	26.3515
0.373927	204.856	35.2499	26.4065
0.23927	204.313	35.1601	26.4604
0.137132	203.784	35.0661	26.5104
0.0649658	203.204	34.9586	26.564
-0.0321464	202.618	34.8512	26.6171
-0.132924	202.055	34.7459	26.669
-0.195425	201.471	34.6349	26.7216
-0.267488	200.898	34.5299	26.7726
-0.329813	200.325	34.4271	26.8233
-0.383261	199.735	34.3241	26.8754
-0.424215	199.155	34.2255	26.9264
-0.459146	198.523	34.1203	26.9821
-0.47786	197.921	34.0221	27.0351
-0.482915	197.312	33.9229	27.0886
-0.475734	196.713	33.8251	27.1415
-0.452367	196.123	33.733	27.194
-0.417984	195.531	33.6456	27.2465
-0.355142	194.894	33.5586	27.3033
-0.296383	194.317	33.4828	27.3553
-0.196721	193.705	33.4088	27.4119
-0.121244	193.126	33.3376	27.465
-0.0160532	192.529	33.267	27.5214
0.0753885	191.985	33.1971	27.573
0.179001	191.46	33.1251	27.6236
0.317988	190.895	33.0392	27.6791
0.411396	190.318	32.9377	27.7352
0.5134	189.78	32.8369	27.7866
0.640078	189.222	32.7287	27.8409
0.710909	188.653	32.6113	27.8949
0.819996	188.066	32.4952	27.95
0.887362	187.507	32.3841	28.0012
0.931189	186.944	32.2703	28.052
0.972621	186.341	32.1588	28.1057
1.0049	185.715	32.05	28.161
1.02223	185.087	31.944	28.2161
1.01906	184.499	31.8503	28.2679
1.00498	183.915	31.7601	28.3194
0.988945	183.325	31.6763	28.3715
0.958457	182.713	31.5901	28.426
0.888391	182.119	31.5107	28.48
0.838529	181.528	31.4413	28.5341
0.73181	180.944	31.3756	28.5885
0.63312	180.415	31.3205	28.6386
0.52253	179.88	31.2631	28.69
0.421946	179.328	31.2014	28.7439
0.304549	178.784	31.1254	28.7974
0.159057	178.23	31.037	28.8526
-0.0144616	177.66	30.9358	28.9083
-0.121674	177.11	30.8335	28.9602
-0.218553	176.53	30.7194	29.0151
-0.349628	175.961	30.6096	29.0689
-0.429382	175.405	30.5029	29.1201
-0.495364	174.79	30.387	29.1756
-0.565019	174.198	30.2829	29.2284
-0.607739	173.612	30.1842	29.2804
-0.64598	173	30.0829	29.3343
-0.673019	172.348	29.9782	29.3911
-0.685572	171.716	29.8803	29.446
-0.68288	171.075	29.7858	29.5024
-0.67016	170.492	29.7008	29.5535
-0.646424	169.894	29.616	29.6062
-0.595966	169.302	29.532	29.6589
-0.555661	168.702	29.4474	29.713
-0.485592	168.148	29.3669	29.7632
-0.403862	167.551	29.2799	29.8174
-0.283642	167.003	29.2141	29.8691
-0.173374	166.464	29.1557	29.921
-0.079355	165.913	29.0923	29.9747
0.0280993	165.396	29.0218	30.025
0.146082	164.846	28.9394	30.0775
0.283305	164.27	28.8471	30.1327
0.380877	163.703	28.7497	30.1856
0.479337	163.172	28.6532	30.2357
0.577524	162.62	28.548	30.2877
0.686718	162.061	28.4394	30.3397
0.748724	161.462	28.3224	30.3946
0.83856	160.882	28.2161	30.4479
0.899793	160.294	28.1107	30.5012
0.949575	159.673	28.0001	30.5562
0.99395	159.103	27.9018	30.6063
1.03175	158.476	27.7968	30.6612
1.05456	157.851	27.6934	30.7155
1.06534	157.213	27.5897	30.771
1.07067	156.573	27.4866	30.8266
1.05797	155.981	27.3931	30.8782
1.04095	155.368	27.2977	30.9317
1.02286	154.778	27.2081	30.9838
0.973781	154.16	27.1165	31.0386
0.924112	153.601	27.0392	31.0892
0.860137	153.028	26.9647	31.1411
0.778212	152.468	26.896	31.1925
0.693438	151.861	26.8251	31.2481
0.570392	151.297	26.7545	31.3015
0.476891	150.76	26.6877	31.3533
0.36961	150.192	26.6086	31.4077
0.232756	149.629	26.5249	31.4623
0.140257	149.099	26.4404	31.5135
0.0310414	148.549	26.3469	31.5664
-0.0970064	147.977	26.2489	31.6212
-0.190988	147.398	26.1477	31.6758
-0.278652	146.834	26.0502	31.7278
-0.384981	146.288	25.9554	31.7791
-0.454881	145.743	25.8588	31.8293
-0.511179	145.176	25.7598	31.8805
-0.558317	144.554	25.6535	31.936
-0.606097	143.97	25.5585	31.9877
-0.646402	143.37	25.4634	32.0403
-0.67153	142.799	25.373	32.0904
-0.691714	142.196	25.2776	32.1432
-0.700617	141.598	25.1837	32.1955
-0.692704	140.976	25.0854	32.2495
-0.679498	140.39	24.993	32.3007
-0.661591	139.779	24.896	32.3539
-0.626861	139.188	24.8034	32.4057
-0.578786	138.611	24.7137	32.457
-0.491629	138.008	24.6219	32.512
-0.42636	137.401	24.534	32.5671
-0.323608	136.815	24.4517	32.6215
-0.225593	136.258	24.3811	32.6736
-0.119125	135.676	24.3065	32.7281
0.0382245	135.105	24.2347	32.7827
0.165169	134.567	24.1663	32.8327
0.285666	134.008	24.0937	32.884
0.445715	133.376	23.9997	32.9401
0.558071	132.747	23.8999	32.9959
0.681026	132.175	23.804	33.0463
0.794315	131.587	23.7024	33.0973
0.892387	130.999	23.5972	33.1479
1.01184	130.351	23.4797	33.2036
1.10151	129.736	23.3696	33.2563
1.20791	129.106	23.2575	33.3105
1.27084	128.479	23.144	33.3638
1.32771	127.822	23.0281	33.4182
1.38467	127.168	22.914	33.4723
1.41302	126.484	22.7968	33.5281
1.43784	125.822	22.6879	33.5824
1.44736	125.178	22.5826	33.6349
1.44675	124.545	22.4816	33.6868
1.42675	123.909	22.3826	33.7389
1.39851	123.272	22.2857	33.7909
1.35918	122.661	22.1946	33.841
1.30962	122.052	22.1058	33.8914
1.25067	121.416	22.0187	33.944
1.17754	120.807	21.938	33.9952
1.09785	120.166	21.8555	34.049
0.973275	119.583	21.7839	34.0999
0.870627	118.967	21.7079	34.1532
0.783827	118.353	21.6325	34.2066
0.645713	117.751	21.5514	34.2602
0.53184	117.191	21.4708	34.3108
0.432146	116.599	21.3767	34.3634
0.325886	115.946	21.2661	34.4193
0.18252	115.359	21.1623	34.4708
0.086986	114.757	21.0534	34.5219
-0.00871003	114.139	20.9368	34.5738
-0.102687	113.524	20.8235	34.6252
-0.20596	112.872	20.7054	34.6791
-0.281536	112.261	20.5958	34.7293
-0.344737	111.64	20.4885	34.7798
-0.401848	111.01	20.3831	34.8308
-0.455419	110.331	20.2706	34.8854
-0.493007	109.692	20.1658	34.9371
-0.521053	109.074	20.0632	34.9874
-0.537361	108.447	19.9582	35.0381
-0.538802	107.767	19.8462	35.0931
-0.527683	107.108	19.7393	35.1467
-0.490299	106.443	19.6355	35.2012
-0.453401	105.786	19.5385	35.2553
-0.398904	105.181	19.4518	35.3053
-0.324195	104.533	19.3604	35.3596
-0.25725	103.885	19.274	35.4145
-0.14626	103.235	19.1871	35.4703
-0.0581489	102.578	19.1045	35.5265
0.0635802	101.941	19.024	35.5823
0.175656	101.38	18.9545	35.6324
0.281988	100.766	18.8778	35.6865
0.394029	100.181	18.797	35.7382
0.538512	99.587	18.7075	35.7915
0.648977	98.9607	18.607	35.8464
0.758767	98.3531	18.5042	35.8992
0.903106	97.7431	18.3956	35.9525
0.993718	97.1116	18.2771	36.0063
1.08041	96.4889	18.163	36.0589
1.17507	95.8354	18.0462	36.1137
1.23606	95.1657	17.9265	36.1687
1.29998	94.5211	17.814	36.2216
1.34127	93.8827	17.7043	36.2737
1.36868	93.2385	17.5944	36.3259
1.38236	92.596	17.4884	36.378
1.38749	91.9794	17.3872	36.4281
1.3735	91.2936	17.278	36.484
1.34943	90.6639	17.1805	36.5353
1.31397	90.0485	17.0874	36.5857
1.26775	89.4143	16.9923	36.638
1.21182	88.8023	16.9027	36.6891
1.11771	88.181	16.8152	36.7413
1.03201	87.5576	16.7314	36.7937
0.951644	86.9469	16.656	36.8455
0.846881	86.3614	16.583	36.8963
0.742504	85.7569	16.5086	36.9487
0.584904	85.1614	16.4349	37.0017
0.455771	84.6024	16.3629	37.0523
0.329695	84.0439	16.2835	37.1025
0.201887	83.4876	16.1974	37.1528
0.0879056	82.8596	16.0905	37.2079
-0.0747208	82.2312	15.9818	37.2628
-0.175606	81.5751	15.8642	37.3188
-0.286512	80.9879	15.7568	37.3691
-0.415726	80.3683	15.6431	37.4222
-0.500536	79.7365	15.5233	37.4754
-0.591976	79.1176	15.4094	37.5272
-0.664849	78.5144	15.3012	37.5775
-0.731863	77.8799	15.1902	37.6299
-0.79234	77.2454	15.0806	37.6818
-0.827149	76.56	14.9633	37.7376
-0.848874	75.9132	14.8598	37.79
-0.865034	75.2429	14.7534	37.8445
-0.865451	74.576	14.6504	37.8986
-0.851185	73.8915	14.5461	37.9546
-0.825554	73.2267	14.4461	38.0094
-0.784394	72.6184	14.3572	38.0598
-0.711212	71.998	14.2687	38.1117
-0.644993	71.3903	14.1845	38.1629
-0.577749	70.7375	14.0975	38.2187
-0.489477	70.152	14.0219	38.2693
-0.392395	69.5608	13.9471	38.3207
-0.25622	68.964	13.875	38.3749
-0.137913	68.384	13.8025	38.4278
-0.0183978	67.8098	13.7279	38.4807
0.125225	67.2098	13.6421	38.5357
0.276536	66.6009	13.5453	38.5904
0.383912	66.0188	13.4437	38.6421
0.486826	65.404	13.3266	38.6966
0.610835	64.7621	13.2022	38.752
0.695845	64.1483	13.0797	38.8038
0.762011	63.5359	12.9547	38.8556
0.819892	62.9111	12.8376	38.9077
0.872852	62.2651	12.721	38.9613
0.90424	61.6329	12.6095	39.0133
0.920249	61.0208	12.5036	39.0635
0.919999	60.411	12.4016	39.1136
0.9044	59.7864	12.2994	39.1648
0.875297	59.1645	12.2001	39.2159
0.831267	58.5296	12.1025	39.2681
0.773717	57.9222	12.014	39.3185
0.675292	57.2941	11.9282	39.3711
0.593898	56.6448	11.8508	39.4254
0.492786	56.0455	11.7809	39.4767
0.376925	55.45	11.7127	39.5288
0.204022	54.853	11.6406	39.5831
0.111715	54.2426	11.5635	39.6372
-0.0138619	53.6692	11.4786	39.6897
-0.169935	53.1163	11.3874	39.7416
-0.274141	52.5199	11.2756	39.7962
-0.386603	51.949	11.165	39.847
-0.492234	51.3381	11.0451	39.8999
-0.596974	50.7	10.9132	39.955
-0.676867	50.091	10.792	40.0061
-0.742115	49.4789	10.6741	40.0571
-0.804204	48.8276	10.5545	40.1107
-0.837511	48.204	10.4468	40.1616
-0.854549	47.5866	10.3447	40.2121
-0.857091	46.956	10.2459	40.2636
-0.843624	46.3426	10.1546	40.3139
-0.82636	45.6949	10.0674	40.3683
-0.75842	45.0311	9.985	40.4242
-0.699416	44.4115	9.91785	40.4771
-0.590911	43.765	9.84301	40.5327
-0.523348	43.1285	9.77512	40.5878
-0.395587	42.5072	9.70456	40.6428
-0.303979	41.93	9.63839	40.6941
-0.211775	41.3022	9.55532	40.7502
-0.0485689	40.7284	9.46696	40.8027
0.0680564	40.136	9.36171	40.8556
0.186397	39.5291	9.24777	40.9085
0.290427	38.9084	9.12626	40.9616
0.421329	38.2924	9.00155	41.0154
0.489143	37.6546	8.86631	41.069
0.569235	37.0475	8.74246	41.1201
0.642107	36.3838	8.61382	41.1741
0.684502	35.7237	8.48694	41.2273
0.709492	35.0864	8.37325	41.2785
0.722167	34.3839	8.25525	41.3344
0.711608	33.7538	8.15189	41.3847
0.690533	33.0788	8.04822	41.4388
0.648984	32.4337	7.95773	41.4912
0.568143	31.7778	7.87515	41.5451
0.5051	31.1364	7.80812	41.5982
0.407429	30.522	7.7425	41.6505
0.275031	29.9436	7.68472	41.7016
0.157373	29.391	7.62826	41.752
0.0407061	28.8525	7.56979	41.802
-0.0463943	28.2442	7.49166	41.8566
-0.155667	27.6924	7.40621	41.9078
-0.275644	27.1359	7.30859	41.9591
-0.375419	26.5472	7.19996	42.0113
-0.514332	25.9543	7.08732	42.0639
-0.590351	25.3499	6.96695	42.1161
-0.67398	24.7486	6.85025	42.1671
-0.750452	24.1245	6.73184	42.2192
-0.822418	23.4921	6.61472	42.2715
-0.864808	22.8291	6.49477	42.3262
-0.893742	22.1645	6.38295	42.3808
-0.912811	21.4912	6.2709	42.4361
-0.915028	20.8828	6.17333	42.4862
-0.900646	20.2681	6.07729	42.537
-0.871293	19.6189	5.98232	42.5909
-0.81086	18.9922	5.89507	42.6434
-0.739014	18.3927	5.81849	42.6949
-0.668994	17.7949	5.75569	42.7465
-0.567782	17.2253	5.69735	42.7967
-0.459752	16.6498	5.64041	42.8478
-0.340299	16.0625	5.5796	42.9002
-0.224094	15.5132	5.51912	42.9507
-0.0482073	14.93	5.44563	43.0057
0.0604119	14.3777	5.36334	43.0569
0.17493	13.7899	5.26096	43.1107
0.333453	13.2035	5.15031	43.1652
0.42561	12.584	5.02352	43.2204
0.567994	11.9898	4.9026	43.2732
0.671106	11.3848	4.77742	43.3244
0.747599	10.7795	4.65235	43.3746
0.812147	10.1391	4.51834	43.427
0.872742	9.46252	4.38882	43.482
0.926363	8.82704	4.27185	43.533
0.954293	8.19511	4.16076	43.5833
0.96773	7.52682	4.0468	43.6369
0.963799	6.89448	3.94513	43.6881
0.943349	6.25715	3.84891	43.7396
0.897099	5.59444	3.75504	43.7934
0.850762	4.945	3.67642	43.8465
0.77577	4.32493	3.60833	43.8985
0.64958	3.67599	3.5417	43.9535
0.557421	3.02886	3.48604	44.0089
0.450218	2.44994	3.43074	44.0594
0.315984	1.82797	3.36175	44.1147
0.224359	1.21218	3.28275	44.1698
0.0762032	0.600377	3.18708	44.2259
-0.0313192	0.00194199	3.07815	44.2797
-0.185808	-0.589762	2.96694	44.3333
-0.280127	-1.18553	2.85208	44.3849
-0.377433	-1.77901	2.7371	44.4361
-0.447292	-2.38913	2.61636	44.4879
-0.523731	-2.98647	2.50252	44.5382
-0.581048	-3.59189	2.39027	44.5882
-0.626719	-4.22685	2.27778	44.6401
-0.661389	-4.86965	2.16874	44.6923
-0.68433	-5.48748	2.06675	44.7428
-0.696073	-6.15246	1.95833	44.7975
-0.690423	-6.80406	1.85536	44.8507
-0.669776	-7.42093	1.76319	44.9016
-0.619599	-8.07229	1.67079	44.9562
-0.569674	-8.70284	1.59235	45.0098
-0.471756	-9.33454	1.51554	45.0642
-0.378852	-9.92297	1.44813	45.1152
-0.287837	-10.5067	1.38506	45.1659
-0.187124	-11.12	1.32298	45.2203
-0.0347802	-11.7238	1.25047	45.2752
0.102632	-12.2677	1.17711	45.3252
0.20965	-12.8703	1.08181	45.3785
0.386772	-13.4717	0.974866	45.4343
0.503354	-14.0847	0.8566	45.4896
0.614058	-14.6782	0.741152	45.5419
0.761683	-15.2722	0.624159	45.5957
0.847519	-15.8868	0.497554	45.6493
0.937125	-16.4899	0.379377	45.7019
1.03502	-17.1239	0.258475	45.7556
1.11053	-17.7511	0.139409	45.8084
1.17142	-18.392	0.0258791	45.8617
1.22704	-19.0309	-0.0826989	45.9142
1.25331	-19.6495	-0.184608	45.9642
1.26754	-20.2711	-0.284802	46.0144
1.27782	-20.9241	-0.390213	46.0674
1.27314	-21.5731	-0.496275	46.12
1.25044	-22.2353	-0.604514	46.1738
1.21984	-22.9032	-0.713415	46.2281
1.16913	-23.517	-0.810451	46.2785
1.07389	-24.1813	-0.907506	46.334
0.977889	-24.8008	-0.985867	46.3857
0.859863	-25.397	-1.05276	46.4366
0.737677	-25.9967	-1.11185	46.4891
0.605271	-26.5795	-1.17489	46.5408
0.415334	-27.1582	-1.23918	46.5945
0.295519	-27.7694	-1.3145	46.65
0.139541	-28.311	-1.39579	46.7009
-0.0524658	-28.8618	-1.49125	46.7547
-0.174532	-29.4384	-1.60716	46.8092
-0.319414	-29.9841	-1.71963	46.8598
-0.439065	-30.5549	-1.83805	46.9116
-0.586141	-31.1658	-1.96011	46.9671
-0.662297	-31.79	-2.08398	47.0214
-0.751037	-32.4248	-2.1999	47.0755
-0.799236	-33.0717	-2.31683	47.1297
-0.849794	-33.7402	-2.43019	47.1847
-0.880355	-34.3949	-2.53651	47.2383
-0.900046	-35.0101	-2.6337	47.2887
-0.902915	-35.6294	-2.72882	47.3394
-0.883802	-36.2961	-2.82473	47.3941
-0.856242	-36.9342	-2.91202	47.4471
-0.831055	-37.6016	-2.9975	47.5027
-0.758118	-38.2403	-3.07783	47.5573
-0.696167	-38.8375	-3.14408	47.6093
-0.614453	-39.4455	-3.21676	47.6624
-0.47726	-40.0233	-3.28217	47.7149
-0.352686	-40.5897	-3.34675	47.7659
-0.236955	-41.203	-3.41685	47.8209
-0.0809702	-41.7731	-3.48714	47.8731
0.050565	-42.3885	-3.56629	47.9282
0.192274	-43.0061	-3.65384	47.9833
0.355753	-43.6113	-3.74503	48.0365
0.493595	-44.2174	-3.84252	48.0902
0.672098	-44.806	-3.93918	48.1434
0.783436	-45.4431	-4.0476	48.1984
0.910993	-46.0549	-4.15175	48.2519
1.03461	-46.6346	-4.25147	48.3031
1.17077	-47.2175	-4.35245	48.3543
1.26827	-47.8249	-4.45739	48.4066
1.36358	-48.4253	-4.56277	48.4588
1.44508	-49.054	-4.6713	48.5127
1.54069	-49.6709	-4.77881	48.5653
1.59056	-50.3206	-4.89471	48.6194
1.65004	-50.9641	-5.00412	48.6725
1.69285	-51.6331	-5.11101	48.727
1.72436	-52.2667	-5.20503	48.7782
1.72998	-52.8985	-5.29622	48.8296
1.7571	-53.5149	-5.38586	48.8803
1.75748	-54.1312	-5.48139	48.931
1.74598	-54.8109	-5.59328	48.9869
1.72395	-55.4322	-5.69754	49.0378
1.69023	-56.0856	-5.80467	49.0917
1.63205	-56.7611	-5.90859	49.1475
1.5812	-57.3705	-5.99536	49.1985
1.52529	-58.021	-6.08728	49.2525
1.44647	-58.6318	-6.174	49.3041
1.38546	-59.2431	-6.26292	49.3557
1.30295	-59.8363	-6.34999	49.406
1.2203	-60.4366	-6.43915	49.457
1.13825	-61.0646	-6.52939	49.5098
1.01288	-61.691	-6.61854	49.5638
0.897495	-62.3169	-6.70697	49.6176
0.788917	-62.9362	-6.79279	49.671
0.652749	-63.5122	-6.8756	49.7215
0.525039	-64.0906	-6.96224	49.7719
0.369359	-64.7038	-7.05943	49.8263
0.251554	-65.3282	-7.16315	49.8811
0.0865459	-65.9308	-7.26624	49.9349
-0.0244787	-66.5408	-7.37362	49.987
-0.127172	-67.1293	-7.47795	50.0375
-0.216291	-67.7682	-7.59324	50.0917
-0.302298	-68.3939	-7.70567	50.144
-0.405472	-69.0337	-7.82125	50.1979
-0.461082	-69.686	-7.93857	50.2517
-0.51276	-70.3122	-8.04516	50.3035
-0.555752	-70.9599	-8.15149	50.3564
-0.578928	-71.6307	-8.25852	50.4112
-0.589467	-72.2756	-8.35979	50.464
-0.587339	-72.9341	-8.46165	50.5179
-0.581286	-73.5928	-8.56188	50.5719
-0.560319	-74.2368	-8.658	50.6247
-0.509498	-74.8775	-8.75071	50.6784
-0.472209	-75.4919	-8.83283	50.7303
-0.40998	-76.0872	-8.9091	50.7806
-0.297861	-76.7057	-8.98682	50.8346
-0.199473	-77.3067	-9.05936	50.8871
-0.107713	-77.8898	-9.12423	50.9388
0.00206464	-78.4787	-9.19945	50.9911
0.118402	-79.0559	-9.27949	51.042
0.250105	-79.6632	-9.37183	51.0956
0.36549	-80.2449	-9.46743	51.1469
0.459475	-80.8677	-9.57713	51.2008
0.58475	-81.4833	-9.68769	51.2547
0.653679	-82.1206	-9.80778	51.3092
0.728983	-82.7384	-9.92461	51.3618
0.811397	-83.3385	-10.0399	51.4126
0.881533	-83.9816	-10.1594	51.4663
0.916427	-84.6012	-10.2729	51.5174
0.935724	-85.2678	-10.3931	51.5725
0.950115	-85.9342	-10.5062	51.6278
0.944268	-86.5468	-10.607	51.6783
0.927575	-87.1619	-10.7047	51.7289
0.888202	-87.7773	-10.7968	51.7796
0.836206	-88.4118	-10.8869	51.8318
0.749511	-89.0671	-10.9749	51.8861
0.665675	-89.7096	-11.0524	51.9402
0.578122	-90.3111	-11.1228	51.9917
0.482659	-90.9051	-11.192	52.0428
0.335425	-91.5295	-11.266	52.0982
0.253765	-92.1572	-11.3433	52.1532
0.123936	-92.7359	-11.4273	52.2052
0.0245325	-93.3325	-11.5279	52.2598
-0.127742	-93.9305	-11.6362	52.3149
-0.234149	-94.512	-11.7447	52.3663
-0.300355	-95.1409	-11.8667	52.4207
-0.409938	-95.7627	-11.9868	52.4744
-0.482981	-96.3782	-12.1083	52.526
-0.540312	-97.0441	-12.2393	52.5815
-0.589082	-97.669	-12.356	52.6325
-0.630935	-98.3362	-12.4754	52.687
-0.647046	-98.9541	-12.5828	52.7371
-0.653364	-99.618	-12.6948	52.7916
-0.642441	-100.254	-12.7952	52.8438
-0.59969	-100.887	-12.8871	52.8959
-0.553425	-101.527	-12.9669	52.9492
-0.485971	-102.163	-13.0431	53.0027
-0.380017	-102.792	-13.1147	53.0569
-0.293356	-103.386	-13.1796	53.1088
-0.20441	-103.981	-13.2388	53.1607
-0.102624	-104.563	-13.3019	53.2135
0.00559907	-105.13	-13.3648	53.264
0.162694	-105.717	-13.441	53.3192
0.2608	-106.296	-13.5271	53.3725
0.41381	-106.87	-13.6264	53.4246
0.522558	-107.479	-13.739	53.4789
0.613819	-108.068	-13.8602	53.5311
0.70235	-108.654	-13.9803	53.5821
0.797499	-109.248	-14.1028	53.6337
0.907989	-109.86	-14.2252	53.6861
0.973268	-110.496	-14.3494	53.7391
1.01568	-111.125	-14.4743	53.7908
1.06323	-111.802	-14.5985	53.8458
1.08056	-112.459	-14.716	53.8992
1.0855	-113.12	-14.8303	53.9527
1.07508	-113.75	-14.9308	54.0042
1.03972	-114.423	-15.0298	54.0593
0.996487	-115.06	-15.1108	54.1114
0.910689	-115.721	-15.1895	54.1669
0.831727	-116.365	-15.2533	54.2216
0.699492	-116.995	-15.3199	54.2766
0.594773	-117.593	-15.3831	54.3287
0.514372	-118.223	-15.4489	54.3832
0.371103	-118.82	-15.5212	54.4383
0.27749	-119.418	-15.6035	54.4925
0.171647	-120.008	-15.6983	54.5457
0.0628242	-120.587	-15.8009	54.5962
-0.0769645	-121.162	-15.9072	54.6468
-0.175409	-121.772	-16.0228	54.6996
-0.276617	-122.428	-16.153	54.7556
-0.38947	-123.053	-16.2746	54.809
-0.462265	-123.657	-16.3959	54.8599
-0.529295	-124.306	-16.5164	54.9138
-0.592046	-124.974	-16.637	54.9689
-0.629489	-125.654	-16.7595	55.0247
-0.662734	-126.315	-16.8742	55.0789
-0.674749	-126.936	-16.9811	55.1298
-0.674267	-127.596	-17.0933	55.1842
-0.654234	-128.221	-17.1934	55.2356
-0.606852	-128.88	-17.2909	55.2904
-0.53637	-129.533	-17.3823	55.3451
-0.450804	-130.139	-17.4609	55.3965
-0.363937	-130.762	-17.5316	55.4505
-0.258459	-131.353	-17.599	55.5024
-0.143805	-131.936	-17.6651	55.5544
0.0237603	-132.489	-17.7294	55.6064
0.139516	-133.067	-17.8019	55.6578
0.254041	-133.625	-17.8801	55.7103
0.395802	-134.176	-17.9671	55.7631
0.532724	-134.718	-18.06	55.8143
0.708234	-135.261	-18.157	55.8678
0.80821	-135.831	-18.2611	55.9196
0.900683	-136.412	-18.3736	55.9722
1.00898	-137.004	-18.4871	56.0258
1.12513	-137.606	-18.6025	56.0791
1.161	-138.239	-18.7289	56.1327
1.20606	-138.849	-18.8462	56.1839
1.2417	-139.468	-18.9591	56.2355
1.26136	-140.092	-19.065	56.2871
1.26259	-140.733	-19.166	56.3398
1.26209	-141.378	-19.2584	56.393
1.2223	-142.007	-19.3427	56.4456
1.2003	-142.67	-19.4241	56.5007
1.16404	-143.309	-19.5039	56.5546
1.08823	-143.92	-19.5788	56.6074
1.02698	-144.511	-19.652	56.6591
0.971381	-145.112	-19.7239	56.712
0.901415	-145.707	-19.8017	56.7645
0.768339	-146.262	-19.8755	56.8157
0.671039	-146.82	-19.9505	56.866
0.54819	-147.408	-20.0323	56.9188
0.424839	-148.037	-20.1197	56.974
0.258585	-148.649	-20.2116	57.0267
0.121305	-149.246	-20.3061	57.0781
-0.0116555	-149.867	-20.4075	57.1307
-0.131578	-150.483	-20.5098	57.1824
-0.250857	-151.137	-20.6203	57.2369
-0.383162	-151.803	-20.7377	57.2925
-0.469982	-152.435	-20.8484	57.3449
-0.578645	-153.122	-20.9707	57.4015
-0.634099	-153.753	-21.0816	57.4532
-0.705694	-154.417	-21.1964	57.5079
-0.74527	-155.096	-21.3155	57.5635
-0.793017	-155.785	-21.4337	57.6195
-0.819507	-156.468	-21.5503	57.6747
-0.842139	-157.138	-21.6613	57.7289
-0.852579	-157.829	-21.7743	57.785
-0.848696	-158.517	-21.886	57.8409
-0.832546	-159.135	-21.9874	57.8914
-0.806695	-159.787	-22.0928	57.9451
-0.752572	-160.456	-22.1966	58.0006
-0.693832	-161.109	-22.2873	58.0554
-0.597745	-161.736	-22.37	58.1087
-0.507056	-162.35	-22.445	58.1614
-0.414539	-162.954	-22.522	58.2132
-0.267493	-163.566	-22.6018	58.2674
-0.164011	-164.182	-22.6788	58.3214
-0.0496125	-164.772	-22.7554	58.3744
0.106611	-165.359	-22.8359	58.4278
0.227094	-165.915	-22.9184	58.4796
0.333694	-166.513	-23.0147	58.5331
0.498625	-167.089	-23.1151	58.5869
0.599841	-167.686	-23.224	58.6401
0.699523	-168.248	-23.3322	58.6902
0.78841	-168.819	-23.4448	58.7402
0.875935	-169.403	-23.5644	58.7916
0.952278	-169.999	-23.6805	58.8429
1.01195	-170.605	-23.7943	58.8941
1.07316	-171.236	-23.9066	58.947
1.10188	-171.877	-24.0167	58.9999
1.11692	-172.51	-24.1233	59.052
1.11801	-173.165	-24.2294	59.1057
1.0909	-173.816	-24.3291	59.1592
1.0535	-174.469	-24.4215	59.2132
0.993347	-175.102	-24.5076	59.2659
0.90264	-175.722	-24.588	59.3185
0.813629	-176.345	-24.6574	59.3718
0.707423	-176.934	-24.7198	59.4233
0.58264	-177.503	-24.7785	59.4744
0.449773	-178.045	-24.8342	59.5249
0.273815	-178.596	-24.8979	59.5794
0.152394	-179.134	-24.9696	59.6308
0.0396782	-179.677	-25.0522	59.6813
-0.0930396	-180.281	-25.1571	59.7354
-0.207011	-180.867	-25.2635	59.7871
-0.359295	-181.47	-25.3752	59.8405
-0.450528	-182.131	-25.5019	59.8966
-0.578663	-182.729	-25.6158	59.9484
-0.655488	-183.372	-25.7393	60.0023
-0.718521	-184.034	-25.8587	60.0569
-0.793267	-184.649	-25.9665	60.1077
-0.835265	-185.31	-26.0771	60.1619
-0.868509	-185.965	-26.1826	60.2154
-0.893709	-186.599	-26.2847	60.267
-0.900775	-187.267	-26.393	60.3218
-0.897384	-187.923	-26.4971	60.3757
-0.867888	-188.599	-26.6005	60.4317
-0.830883	-189.228	-26.6973	60.4838
-0.78206	-189.848	-26.79	60.5355
-0.699883	-190.492	-26.8841	60.59
-0.611184	-191.144	-26.9733	60.6461
-0.479759	-191.771	-27.0539	60.7
-0.371565	-192.37	-27.1218	60.7535
-0.208963	-192.955	-27.1903	60.8073
-0.0601964	-193.538	-27.2608	60.8614
0.0596573	-194.104	-27.3336	60.9141
0.190839	-194.66	-27.416	60.9652
0.327409	-195.208	-27.5019	61.0171
0.484926	-195.756	-27.5947	61.0688
0.605137	-196.316	-27.6944	61.1193
0.711243	-196.906	-27.8106	61.1724
0.812268	-197.482	-27.9249	61.2226
0.919358	-198.087	-28.0429	61.2749
1.02872	-198.716	-28.1611	61.3286
1.10245	-199.368	-28.2826	61.3831
1.15344	-199.995	-28.3918	61.435
1.19893	-200.613	-28.4951	61.4859
1.23329	-201.224	-28.595	61.5365
1.25705	-201.872	-28.7017	61.5894
1.26338	-202.492	-28.8031	61.6404
1.25638	-203.149	-28.9081	61.6942
1.22404	-203.8	-29.0099	61.7478
1.18958	-204.466	-29.1125	61.8026
1.13856	-205.107	-29.2102	61.856
1.04952	-205.733	-29.3011	61.9089
0.963814	-206.351	-29.3841	61.9617
0.874198	-206.97	-29.456	62.0149
0.758892	-207.566	-29.523	62.0672
0.602554	-208.125	-29.5821	62.1185
0.468929	-208.677	-29.6398	62.1694
0.331102	-209.216	-29.7003	62.2203
0.18901	-209.755	-29.7715	62.272
0.0741346	-210.316	-29.857	62.3242
-0.111179	-210.868	-29.9519	62.3776
-0.248502	-211.484	-30.069	62.4335
-0.364717	-212.092	-30.1851	62.4869
-0.473192	-212.748	-30.3131	62.543
-0.560873	-213.371	-30.4308	62.596
-0.67887	-213.971	-30.5437	62.6478
-0.729418	-214.639	-30.6699	62.7035
-0.787341	-215.273	-30.7848	62.7561
-0.840156	-215.932	-30.9008	62.8104
-0.863066	-216.582	-31.0115	62.8635
-0.880685	-217.201	-31.1121	62.9138
-0.887334	-217.829	-31.2128	62.965
-0.873997	-218.502	-31.3177	63.0201
-0.858308	-219.159	-31.4162	63.0745
-0.821082	-219.778	-31.5065	63.1256
-0.7606	-220.411	-31.5959	63.1787
-0.681374	-221.038	-31.6801	63.2323
-0.606918	-221.675	-31.7561	63.2874
-0.479536	-222.28	-31.8269	63.3403
-0.374948	-222.897	-31.8926	63.3952
-0.19984	-223.479	-31.9599	63.4499
-0.0785773	-224.059	-32.0297	63.5041
0.0586738	-224.599	-32.1073	63.5546
0.236659	-225.187	-32.2038	63.6105
0.360935	-225.759	-32.3103	63.6646
0.498365	-226.313	-32.4166	63.7172
0.65643	-226.902	-32.5312	63.7719
0.748141	-227.498	-32.6538	63.8251
0.844411	-228.08	-32.7688	63.8756
0.94263	-228.685	-32.8867	63.928
1.00597	-229.318	-33.0064	63.9811
1.04984	-229.97	-33.1289	64.0351
1.08718	-230.612	-33.2416	64.088
1.1006	-231.238	-33.3469	64.1394
1.099	-231.86	-33.4469	64.1904
1.08833	-232.512	-33.5467	64.2438
1.05827	-233.129	-33.6369	64.2947
0.987741	-233.783	-33.7274	64.3491
0.920182	-234.392	-33.8056	64.4004
0.842184	-235.03	-33.877	64.4546
0.708459	-235.657	-33.9454	64.5095
0.601162	-236.274	-34.0041	64.564
0.47696	-236.856	-34.0644	64.6167
0.307714	-237.437	-34.1304	64.6711
0.169615	-237.973	-34.199	64.7212
0.0516046	-238.546	-34.2831	64.7745
-0.0851895	-239.097	-34.3772	64.8267
-0.230556	-239.63	-34.4774	64.8774
-0.402575	-240.165	-34.5813	64.9281
-0.523364	-240.756	-34.6952	64.981
-0.617227	-241.344	-34.8125	65.0331
-0.700151	-241.931	-34.9268	65.0838
-0.77319	-242.546	-35.0451	65.1354
-0.853039	-243.201	-35.1658	65.1897
-0.889735	-243.871	-35.2853	65.2443
-0.918911	-244.5	-35.3908	65.2953
-0.931673	-245.147	-35.4959	65.3479
-0.927182	-245.819	-35.6021	65.4023
-0.915663	-246.444	-35.6972	65.4533
-0.889413	-247.102	-35.7945	65.5074
-0.829371	-247.756	-35.8878	65.5623
-0.771358	-248.41	-35.9731	65.6178
-0.666424	-249.003	-36.0456	65.669
-0.564662	-249.591	-36.1141	65.72
-0.45233	-250.196	-36.1826	65.773
-0.336392	-250.765	-36.2411	65.8247
-0.189171	-251.385	-36.3164	65.8801
-0.0494649	-251.946	-36.3882	65.932
0.0782963	-252.54	-36.4807	65.9868
0.232024	-253.12	-36.5808	66.039
0.360884	-253.666	-36.6819	66.0897
0.468701	-254.259	-36.7993	66.1442
0.578282	-254.844	-36.9148	66.1972
0.716197	-255.429	-37.0306	66.2501
0.787197	-256.06	-37.1572	66.3041
0.852181	-256.707	-37.2815	66.3583
0.921358	-257.328	-37.4006	66.4101
0.96249	-257.943	-37.5148	66.4603
0.989045	-258.617	-37.6329	66.5149
0.999544	-259.294	-37.7428	66.5699
0.998794	-259.936	-37.8435	66.6222
0.988406	-260.588	-37.9424	66.6753
0.960425	-261.23	-38.0347	66.7282
0.891119	-261.841	-38.1146	66.7798
0.819471	-262.445	-38.1864	66.8311
0.736234	-263.027	-38.2468	66.8814
0.632971	-263.642	-38.3011	66.9351
0.479869	-264.238	-38.3599	66.9889
0.349677	-264.792	-38.4165	67.04
0.208319	-265.34	-38.4789	67.0904
0.0958998	-265.93	-38.5587	67.1442
-0.0550483	-266.482	-38.6478	67.1954
-0.175621	-267.065	-38.7522	67.2484
-0.343499	-267.635	-38.8602	67.3011
-0.453835	-268.203	-38.9691	67.3512
-0.55098	-268.82	-39.0898	67.4054
-0.642198	-269.405	-39.2031	67.4566
-0.733215	-270.036	-39.3246	67.5111
-0.788473	-270.634	-39.4394	67.5615
-0.846397	-271.259	-39.554	67.614
-0.882912	-271.876	-39.6645	67.6652
-0.9128	-272.493	-39.7698	67.716
-0.930484	-273.124	-39.8775	67.7679
-0.931838	-273.752	-39.9828	67.8198
-0.924598	-274.392	-40.0861	67.8719
-0.907666	-275.037	-40.1837	67.925
-0.870421	-275.641	-40.2697	67.9753
-0.809302	-276.266	-40.3516	68.0278
-0.708127	-276.859	-40.4214	68.0786
-0.609382	-277.489	-40.4936	68.1335
-0.519633	-278.112	-40.5582	68.1882
-0.36553	-278.696	-40.6235	68.2418
-0.239753	-279.245	-40.6879	68.2923
-0.107712	-279.799	-40.7599	68.3438
0.00224423	-280.388	-40.8484	68.3983
0.127266	-280.943	-40.9423	68.4497
0.266813	-281.504	-41.044	68.5015
0.336943	-282.132	-41.1616	68.5565
0.453105	-282.696	-41.27	68.6076
0.584364	-283.323	-41.3927	68.6634
0.640156	-283.954	-41.5248	68.7174
0.72906	-284.594	-41.6533	68.7721
0.785823	-285.206	-41.7751	68.824
0.825227	-285.832	-41.8975	68.876
0.852462	-286.486	-42.0138	68.9295
0.869403	-287.153	-42.127	68.9838
0.874736	-287.791	-42.2324	69.0359
0.868807	-288.44	-42.3333	69.0891
0.839093	-289.091	-42.4302	69.1422
0.800158	-289.754	-42.5213	69.1969
0.726	-290.38	-42.6043	69.2495
0.656864	-290.998	-42.6792	69.3018
0.563297	-291.637	-42.7441	69.3564
0.451524	-292.222	-42.804	69.4081
0.290234	-292.779	-42.8606	69.4597
0.15308	-293.34	-42.921	69.5118
0.027388	-293.876	-42.9856	69.5626
-0.120944	-294.403	-43.0609	69.6128
-0.223364	-294.961	-43.1552	69.6654
-0.362558	-295.494	-43.2545	69.7167
-0.490877	-296.075	-43.364	69.7706
-0.630461	-296.621	-43.4687	69.8214
-0.723506	-297.239	-43.5876	69.8764
-0.822345	-297.828	-43.6984	69.929
-0.937088	-298.416	-43.8101	69.9805
-1.00236	-299.041	-43.927	70.0335
-1.05803	-299.662	-44.0431	70.0854
-1.10206	-300.323	-44.156	70.1401
-1.12054	-300.98	-44.2658	70.1944
-1.12704	-301.609	-44.3679	70.2459
-1.12014	-302.219	-44.4644	70.2961
-1.09667	-302.841	-44.5586	70.3473
-1.05996	-303.444	-44.6476	70.3976
-0.984157	-304.072	-44.7391	70.4508
-0.915615	-304.677	-44.8233	70.5023
-0.825746	-305.286	-44.8997	70.5552
-0.73158	-305.863	-44.9659	70.6059
-0.580945	-306.48	-45.0336	70.6611
-0.46656	-307.065	-45.0967	70.7133
-0.364169	-307.635	-45.1551	70.7652
-0.210432	-308.211	-45.2262	70.8205
-0.0527239	-308.775	-45.3038	70.8752
0.0853729	-309.326	-45.3936	70.927
0.195292	-309.899	-45.4968	70.9787
0.352901	-310.46	-45.6058	71.0308
0.451406	-311.052	-45.7217	71.0839
0.533745	-311.653	-45.8432	71.1365
0.634384	-312.268	-45.9603	71.1897
0.745773	-312.904	-46.0793	71.2437
0.807625	-313.569	-46.2041	71.2992
0.872493	-314.185	-46.3123	71.3501
0.934727	-314.801	-46.4136	71.4008
0.974513	-315.476	-46.518	71.4558
1.01106	-316.12	-46.6143	71.5083
1.03923	-316.75	-46.7074	71.5599
1.05254	-317.407	-46.8049	71.6136
1.06247	-318.061	-46.9019	71.6673
1.05955	-318.702	-46.9992	71.72
1.0508	-319.313	-47.0919	71.77
1.03003	-319.952	-47.1912	71.8224
1.00877	-320.565	-47.2875	71.8728
0.975967	-321.185	-47.3834	71.9247
0.936161	-321.837	-47.485	71.9787
0.86748	-322.465	-47.5812	72.0315
0.791405	-323.066	-47.6688	72.0825
0.698308	-323.645	-47.7464	72.1326
0.59507	-324.217	-47.8141	72.1829
0.484933	-324.79	-47.8761	72.2341
0.383877	-325.388	-47.9344	72.2876
0.2656	-325.949	-47.9956	72.339
0.137195	-326.474	-48.0603	72.3891
-0.0323669	-327.037	-48.1416	72.4428
-0.157104	-327.618	-48.2401	72.4966
-0.263211	-328.223	-48.35	72.5493
-0.425924	-328.806	-48.4604	72.6026
-0.543854	-329.382	-48.5718	72.6541
-0.646345	-329.965	-48.6837	72.7046
-0.723734	-330.566	-48.8009	72.7562
-0.803908	-331.154	-48.91	72.8063
-0.875968	-331.752	-49.018	72.8567
-0.936508	-332.353	-49.1227	72.9068
-0.9877	-332.963	-49.2251	72.9573
-1.02477	-333.581	-49.3262	73.0082
-1.04916	-334.191	-49.4241	73.0583
-1.06182	-334.838	-49.5274	73.1114
-1.05919	-335.46	-49.6251	73.1623
-1.04207	-336.099	-49.7249	73.2149
-1.01493	-336.711	-49.8197	73.2661
-0.975015	-337.325	-49.9139	73.3173
-0.920925	-337.944	-50.0073	73.3692
-0.844378	-338.543	-50.0949	73.4196
-0.733179	-339.165	-50.1814	73.473
-0.631273	-339.783	-50.2571	73.5264
-0.494878	-340.412	-50.3346	73.5813
-0.375771	-341.025	-50.4089	73.6343
-0.259394	-341.642	-50.4813	73.6886
-0.130127	-342.194	-50.55	73.7387
0.0388252	-342.788	-50.6314	73.792
0.199105	-343.369	-50.7174	73.845
0.313556	-343.981	-50.8188	73.8995
0.451282	-344.544	-50.9178	73.9509
0.592897	-345.123	-51.0206	74.0025
0.677239	-345.744	-51.1337	74.0561
0.760293	-346.367	-51.2453	74.1103
0.889992	-346.987	-51.359	74.1655
0.953233	-347.597	-51.4769	74.2182
1.04857	-348.21	-51.5931	74.271
1.09723	-348.849	-51.7127	74.3243
1.13675	-349.487	-51.8326	74.3772
1.17611	-350.102	-51.9398	74.4277
1.20011	-350.751	-52.0471	74.481
1.21208	-351.418	-52.1528	74.5356
1.21888	-352.052	-52.2489	74.5876
1.19271	-352.711	-52.3456	74.6419
1.16337	-353.347	-52.4368	74.6947
1.12816	-353.945	-52.521	74.7454
1.06745	-354.525	-52.6019	74.7957
0.993813	-355.102	-52.6813	74.8461
0.933449	-355.7	-52.7601	74.8981
0.835683	-356.282	-52.8368	74.9496
0.70263	-356.873	-52.911	75.0024
0.585364	-357.438	-52.9778	75.0533
0.45868	-358.041	-53.045	75.1075
0.314211	-358.623	-53.1171	75.1608
0.120004	-359.198	-53.1967	75.2149
0.000442296	-359.808	-53.2909	75.2696
-0.147211	-360.371	-53.3869	75.3199
-0.286431	-360.943	-53.4876	75.3707
-0.435294	-361.525	-53.5917	75.4227
-0.548561	-362.1	-53.6947	75.4735
-0.646992	-362.716	-53.8074	75.5278
-0.736901	-363.324	-53.9162	75.5801
-0.848982	-363.969	-54.0301	75.6359
-0.907069	-364.572	-54.1387	75.6868
-0.967923	-365.175	-54.2437	75.7373
-1.01555	-365.806	-54.35	75.7893
-1.05936	-366.448	-54.4558	75.8421
-1.08259	-367.074	-54.5563	75.8933
-1.09604	-367.747	-54.6627	75.9483
-1.09411	-368.374	-54.7611	76
-1.07995	-369.007	-54.8574	76.0518
-1.04317	-369.654	-54.9554	76.1057
-1.0014	-370.271	-55.044	76.1571
-0.945969	-370.922	-55.1353	76.2113
-0.849995	-371.572	-55.2238	76.2663
-0.774031	-372.175	-55.2979	76.3177
-0.644757	-372.803	-55.3772	76.3728
-0.542517	-373.421	-55.4512	76.4269
-0.435669	-374.004	-55.5247	76.4787
-0.283459	-374.598	-55.6043	76.533
-0.179703	-375.204	-55.6921	76.588
-0.0390703	-375.784	-55.7846	76.6412
0.0751008	-376.373	-55.8853	76.6927
0.209285	-376.934	-55.9866	76.7431
0.3107	-377.538	-56.0995	76.7971
0.411374	-378.142	-56.2121	76.8501
0.52566	-378.774	-56.3308	76.905
0.588269	-379.41	-56.4527	76.9592
0.677808	-380.03	-56.5659	77.0119
0.7386	-380.683	-56.6805	77.0663
0.786478	-381.298	-56.787	77.1169
0.823691	-381.923	-56.8938	77.1682
0.843465	-382.56	-56.9982	77.2207
0.847475	-383.2	-57.1018	77.2736
0.839896	-383.855	-57.2051	77.3273
0.818979	-384.503	-57.3039	77.3805
0.776325	-385.114	-57.3939	77.4312
0.72514	-385.721	-57.479	77.4818
0.637407	-386.333	-57.56	77.5335
0.555491	-386.942	-57.6362	77.5853
0.472404	-387.549	-57.7045	77.6377
0.366081	-388.117	-57.7712	77.6883
0.25738	-388.679	-57.8402	77.7383
0.148997	-389.252	-57.9162	77.7905
0.0090525	-389.845	-58.003	77.8446
-0.106514	-390.399	-58.0891	77.8947
-0.210105	-390.998	-58.1929	77.948
-0.317609	-391.568	-58.2933	77.9984
-0.41995	-392.169	-58.4014	78.0511
-0.5282	-392.729	-58.5063	78.1012
-0.644172	-393.349	-58.6224	78.1552
-0.720369	-393.952	-58.736	78.2064
-0.78074	-394.565	-58.8505	78.2576
-0.842587	-395.189	-58.9601	78.3092
-0.897261	-395.836	-59.0708	78.3627
-0.926167	-396.488	-59.1791	78.416
-0.941862	-397.139	-59.286	78.4694
-0.941299	-397.766	-59.3838	78.521
-0.923735	-398.376	-59.4742	78.5713
-0.88996	-399.002	-59.5652	78.6232
-0.837239	-399.619	-59.6528	78.6749
-0.788682	-400.244	-59.738	78.7281
-0.72124	-400.867	-59.8218	78.7816
-0.610328	-401.466	-59.8994	78.8354
-0.523609	-402.072	-59.9717	78.8895
-0.371382	-402.675	-60.0466	78.9443
-0.253536	-403.261	-60.1201	78.9973
-0.151936	-403.836	-60.1933	79.0484
-0.0135028	-404.411	-60.2747	79.1003
0.129139	-404.979	-60.3598	79.1507
0.293805	-405.56	-60.4536	79.2031
0.404594	-406.186	-60.5618	79.2584
0.519637	-406.813	-60.6753	79.3125
0.659632	-407.439	-60.7927	79.3667
0.74851	-408.05	-60.9136	79.42
0.83209	-408.644	-61.027	79.4714
0.929743	-409.26	-61.1426	79.5247
0.971221	-409.899	-61.2643	79.5785
1.01339	-410.534	-61.379	79.6316
1.05743	-411.159	-61.49	79.6838
1.07575	-411.819	-61.6072	79.7384
1.08291	-412.43	-61.711	79.7885
1.07411	-413.04	-61.8088	79.8388
1.05009	-413.668	-61.904	79.8908
0.997364	-414.301	-61.9974	79.9438
0.933977	-414.927	-62.0881	79.9964
0.854938	-415.524	-62.1704	80.0476
0.762115	-416.104	-62.2436	80.0978
0.672305	-416.7	-62.3074	80.1496
0.56125	-417.282	-62.37	80.2013
0.418476	-417.835	-62.4281	80.2528
0.292245	-418.37	-62.4882	80.3033
0.144104	-418.944	-62.559	80.3587
0.0316453	-419.507	-62.6429	80.4111
-0.0935381	-420.057	-62.7336	80.4612
-0.258794	-420.629	-62.8331	80.5148
-0.361204	-421.205	-62.936	80.5662
-0.481062	-421.785	-63.0447	80.6184
-0.600771	-422.421	-63.1627	80.6733
-0.695341	-423.009	-63.2744	80.7239
-0.775032	-423.656	-63.3957	80.7786
-0.851025	-424.304	-63.5103	80.8329
-0.925785	-424.927	-63.6172	80.8844
-0.979304	-425.594	-63.7295	80.9392
-1.02056	-426.209	-63.8307	80.9896
-1.05132	-426.818	-63.9307	81.0397
-1.06862	-427.447	-64.0328	81.0913
-1.06496	-428.079	-64.1324	81.1432
-1.0502	-428.698	-64.2273	81.1945
-1.01612	-429.298	-64.3165	81.2448
-0.974862	-429.895	-64.4027	81.2951
-0.910688	-430.489	-64.4854	81.3457
-0.848637	-431.113	-64.5657	81.3994
-0.766085	-431.725	-64.6418	81.4529
-0.63692	-432.317	-64.711	81.5065
-0.535346	-432.918	-64.7768	81.5607
-0.397109	-433.514	-64.8496	81.6153
-0.300358	-434.097	-64.923	81.6688
-0.196692	-434.649	-65.0046	81.7191
-0.0677435	-435.2	-65.0916	81.7696
0.0563649	-435.814	-65.1927	81.8234
0.193383	-436.391	-65.2912	81.8745
0.29191	-437.029	-65.4045	81.9301
0.382878	-437.664	-65.5171	81.9843
0.484588	-438.276	-65.627	82.0364
0.560494	-438.9	-65.7391	82.0898
0.619554	-439.526	-65.8453	82.1424
0.680696	-440.151	-65.948	82.1945
0.714817	-440.824	-66.056	82.2497
0.739479	-441.496	-66.16	82.3047
0.746919	-442.157	-66.2605	82.3585
0.747983	-442.776	-66.3505	82.4088
