x	y	z	t
0.399658	450.159	73.5173	0.0519843
0.400231	449.635	73.4354	0.108202
0.400518	449.113	73.3542	0.164054
0.399303	448.629	73.2788	0.215624
0.394173	448.12	73.2	0.270111
0.393621	447.606	73.1207	0.325293
0.38675	447.073	73.0391	0.382574
0.38077	446.558	72.9605	0.437956
0.371481	446.05	72.8825	0.492604
0.363831	445.552	72.805	0.545909
0.353414	445.056	72.7272	0.59913
0.345561	444.564	72.6495	0.651903
0.338649	444.073	72.571	0.704904
0.328434	443.569	72.4906	0.759049
0.321186	443.091	72.4144	0.810649
0.313036	442.611	72.3383	0.862419
0.308715	442.102	72.2579	0.917526
0.295687	441.615	72.1817	0.970117
0.286347	441.078	72.0971	1.02774
0.270862	440.594	72.0194	1.0801
0.256978	440.109	71.941	1.13237
0.2424	439.595	71.8572	1.18787
0.228597	439.077	71.7739	1.24378
0.220015	438.582	71.6945	1.29723
0.213156	438.097	71.6162	1.34956
0.212465	437.608	71.5375	1.40219
0.213498	437.141	71.4617	1.45263
0.218055	436.657	71.3843	1.50487
0.229785	436.138	71.3032	1.56043
0.23615	435.651	71.2286	1.61301
0.251163	435.183	71.1568	1.66408
0.269876	434.682	71.0808	1.71813
0.300231	434.197	71.0077	1.77052
0.324715	433.681	70.9298	1.82624
0.360378	433.184	70.8542	1.87977
0.395998	432.699	70.781	1.93233
0.42961	432.221	70.7099	1.98412
0.466304	431.706	70.6327	2.03976
0.507832	431.213	70.5583	2.09317
0.5436	430.752	70.4873	2.14357
0.57857	430.282	70.4145	2.19435
0.608086	429.816	70.3417	2.24458
0.63498	429.346	70.268	2.29522
0.660821	428.875	70.1938	2.34598
0.685465	428.394	70.1182	2.39779
0.707386	427.924	70.0445	2.44839
0.7325	427.434	69.9672	2.50096
0.748608	426.96	69.8929	2.55178
0.762423	426.483	69.8185	2.60273
0.772092	426.007	69.7431	2.65366
0.781985	425.516	69.6648	2.70609
0.795502	424.984	69.58	2.76301
0.803285	424.463	69.4956	2.81905
0.815415	423.985	69.4181	2.87006
0.822129	423.511	69.3411	2.92063
0.825553	422.969	69.253	2.97853
0.833797	422.478	69.1736	3.03131
0.834543	421.99	69.0938	3.0839
0.83588	421.486	69.0121	3.13817
0.837976	420.98	68.93	3.19283
0.835088	420.464	68.8451	3.24814
0.832173	419.948	68.7601	3.30332
0.826577	419.438	68.6768	3.35803
0.817967	418.923	68.5939	3.41319
0.806347	418.397	68.5115	3.46976
0.793074	417.929	68.4396	3.52005
0.771086	417.395	68.3582	3.57738
0.738559	416.897	68.2814	3.6314
0.710122	416.378	68.2016	3.6878
0.667886	415.866	68.1238	3.74316
0.632579	415.378	68.0502	3.79621
0.592625	414.895	67.9773	3.84893
0.534294	414.411	67.9044	3.90189
0.490052	413.933	67.833	3.95383
0.435473	413.423	67.756	4.00889
0.377878	412.922	67.6803	4.06297
0.324696	412.448	67.6087	4.11443
0.274984	411.976	67.536	4.16559
0.20552	411.465	67.4568	4.22056
0.153835	410.989	67.3815	4.27187
0.100805	410.444	67.2955	4.32996
0.0273915	409.961	67.2196	4.38266
-0.0208185	409.466	67.1414	4.43593
-0.0782094	408.977	67.0637	4.4889
-0.134539	408.5	66.9868	4.54002
-0.199314	408.001	66.9051	4.594
-0.249163	407.518	66.8253	4.64627
-0.300901	407.032	66.7443	4.69876
-0.365295	406.564	66.6661	4.74955
-0.409948	406.099	66.5892	4.79984
-0.456474	405.601	66.5078	4.85355
-0.485426	405.109	66.426	4.90652
-0.518278	404.622	66.3436	4.95909
-0.541762	404.152	66.2637	5.00974
-0.570156	403.637	66.177	5.0648
-0.590503	403.152	66.0963	5.11708
-0.610073	402.64	66.0118	5.17172
-0.618895	402.149	65.9312	5.22441
-0.626111	401.662	65.8526	5.27664
-0.627543	401.176	65.7745	5.32918
-0.623397	400.69	65.6971	5.38138
-0.615093	400.205	65.6198	5.43371
-0.60317	399.741	65.5464	5.48398
-0.588458	399.277	65.4753	5.53474
-0.575687	398.813	65.4084	5.58517
-0.542398	398.29	65.3334	5.64261
-0.513248	397.825	65.2667	5.69359
-0.486003	397.35	65.201	5.7458
-0.452853	396.892	65.1386	5.79631
-0.414407	396.435	65.0752	5.84642
-0.371033	395.953	65.0065	5.89923
-0.325446	395.477	64.9396	5.951
-0.261541	394.992	64.8719	6.00385
-0.215246	394.528	64.8073	6.05436
-0.160773	394.006	64.7305	6.11083
-0.0989396	393.495	64.6552	6.16617
-0.0528344	393.012	64.5821	6.21797
0.00136457	392.503	64.5036	6.27231
0.035794	391.979	64.4214	6.32871
0.074899	391.455	64.3371	6.38499
0.108783	390.967	64.2571	6.43758
0.13514	390.478	64.1752	6.49018
0.164391	389.946	64.0861	6.54705
0.190381	389.427	64.0006	6.60283
0.203512	388.918	63.9159	6.65728
0.226921	388.394	63.8294	6.71367
0.235767	387.888	63.7459	6.76767
0.245306	387.396	63.6672	6.82012
0.25361	386.918	63.5917	6.8711
0.255969	386.395	63.5096	6.92734
0.255958	385.883	63.4315	6.98239
0.252173	385.403	63.3617	7.03394
0.251377	384.906	63.291	7.0874
0.239076	384.396	63.2164	7.14223
0.236736	383.913	63.1461	7.19456
0.229504	383.424	63.0733	7.24738
0.219982	382.957	63.0031	7.29819
0.199623	382.465	62.9272	7.35153
0.193618	381.96	62.8477	7.40624
0.182705	381.488	62.7731	7.45751
0.173769	381.005	62.6954	7.50979
0.160601	380.513	62.6148	7.56266
0.153766	380.017	62.534	7.61573
0.146818	379.505	62.4522	7.67042
0.13663	379.013	62.3732	7.72346
0.131732	378.526	62.2951	7.77559
0.128717	378.019	62.2144	7.82964
0.13243	377.495	62.1297	7.88541
0.138684	377.001	62.0495	7.93796
0.147413	376.52	61.9726	7.98911
0.158242	376.036	61.8979	8.0407
0.171889	375.516	61.8188	8.0967
0.182635	375.042	61.7441	8.14737
0.196829	374.527	61.6622	8.2022
0.205919	374.05	61.588	8.25313
0.215691	373.583	61.5177	8.30343
0.221173	373.059	61.4423	8.35916
0.235653	372.582	61.3746	8.41058
0.258749	372.071	61.3025	8.46514
0.275838	371.578	61.2308	8.51769
0.301679	371.109	61.1625	8.56822
0.33072	370.631	61.092	8.61973
0.370874	370.116	61.014	8.67474
0.397352	369.62	60.9376	8.72762
0.429043	369.146	60.8631	8.77854
0.467889	368.63	60.7827	8.83416
0.498687	368.113	60.7012	8.89026
0.538431	367.602	60.6197	8.94571
0.569556	367.136	60.5454	8.99612
0.599676	366.663	60.4704	9.04731
0.635347	366.148	60.3889	9.10318
0.664661	365.625	60.3067	9.15992
0.698053	365.141	60.2309	9.21225
0.725648	364.67	60.157	9.26312
0.752414	364.188	60.0805	9.31518
0.776434	363.72	60.0053	9.36596
0.801943	363.195	59.9201	9.42217
0.825343	362.673	59.8329	9.47826
0.844866	362.204	59.7542	9.52852
0.865618	361.697	59.6684	9.58306
0.87555	361.207	59.5841	9.63593
0.884408	360.72	59.5017	9.68862
0.890018	360.223	59.4187	9.7424
0.888928	359.732	59.337	9.79569
0.88515	359.244	59.2575	9.84852
0.872118	358.731	59.1751	9.90376
0.864749	358.242	59.0998	9.95675
0.850623	357.724	59.0218	10.0125
0.835591	357.213	58.9442	10.0681
0.804143	356.703	58.8643	10.1233
0.778978	356.187	58.7827	10.1794
0.732746	355.693	58.7044	10.2332
0.694959	355.204	58.6284	10.2865
0.633712	354.681	58.5485	10.3436
0.581128	354.223	58.48	10.3936
0.523774	353.753	58.4109	10.4453
0.460342	353.283	58.3432	10.4972
0.404457	352.821	58.2757	10.5479
0.347244	352.36	58.208	10.5986
0.285045	351.87	58.136	10.6518
0.214002	351.375	58.0645	10.7056
0.148429	350.902	57.994	10.7572
0.0901308	350.428	57.9218	10.8088
0.0333139	349.95	57.848	10.8604
-0.0192233	349.477	57.7741	10.9113
-0.084774	348.967	57.694	10.9661
-0.140169	348.486	57.6182	11.0181
-0.20701	347.984	57.5373	11.0722
-0.255639	347.503	57.4581	11.1243
-0.30031	346.979	57.3699	11.1803
-0.360809	346.49	57.2881	11.2329
-0.404723	346.014	57.2085	11.2844
-0.440028	345.548	57.1302	11.3346
-0.475021	345.078	57.0511	11.3852
-0.502719	344.61	56.9721	11.4354
-0.529594	344.125	56.8898	11.4873
-0.557262	343.635	56.8078	11.5396
-0.58309	343.108	56.7199	11.5961
-0.601097	342.577	56.6333	11.6528
-0.609809	342.068	56.5505	11.7071
-0.614902	341.562	56.469	11.7609
-0.612013	341.053	56.3869	11.8152
-0.602969	340.565	56.3089	11.8675
-0.586127	340.045	56.227	11.9233
-0.570411	339.548	56.1496	11.9768
-0.549465	339.052	56.0741	12.0302
-0.520277	338.589	56.0067	12.0807
-0.488409	338.124	55.9401	12.1316
-0.448243	337.62	55.868	12.1871
-0.392025	337.107	55.7938	12.2437
-0.343023	336.655	55.7307	12.2939
-0.297342	336.179	55.6636	12.3464
-0.240772	335.719	55.5966	12.3973
-0.168962	335.222	55.5241	12.4525
-0.105158	334.756	55.4583	12.5043
-0.0413534	334.305	55.3945	12.5547
0.018938	333.839	55.3279	12.6063
0.09174	333.359	55.2556	12.6595
0.151323	332.894	55.1819	12.7113
0.202573	332.434	55.107	12.762
0.259376	331.971	55.0288	12.8132
0.309101	331.502	54.9482	12.8644
0.365074	330.987	54.8588	12.9202
0.417299	330.494	54.7735	12.9737
0.451879	329.998	54.6853	13.027
0.482689	329.506	54.6005	13.0798
0.508367	329.007	54.516	13.1336
0.53166	328.502	54.4294	13.1876
0.54763	327.985	54.3432	13.2432
0.558978	327.496	54.2618	13.2957
0.556539	326.986	54.177	13.3505
0.548967	326.52	54.102	13.4006
0.536167	326.052	54.0296	13.4509
0.520879	325.575	53.9581	13.5021
0.49347	325.07	53.8825	13.5563
0.474094	324.566	53.8081	13.6105
0.433197	324.051	53.7335	13.6661
0.408278	323.538	53.663	13.7219
0.367301	323.034	53.5954	13.7769
0.33187	322.548	53.5292	13.8301
0.288486	322.067	53.461	13.8831
0.222944	321.601	53.3943	13.9346
0.172433	321.137	53.3269	13.986
0.122499	320.643	53.2577	14.0406
0.0652825	320.181	53.1913	14.0922
-0.00582236	319.72	53.1231	14.1437
-0.0698178	319.241	53.0496	14.1965
-0.127741	318.777	52.9786	14.2479
-0.184154	318.275	52.901	14.3028
-0.256998	317.791	52.823	14.3559
-0.301019	317.295	52.7396	14.4098
-0.344834	316.82	52.6581	14.4614
-0.395273	316.319	52.5716	14.5158
-0.425405	315.829	52.4848	14.5686
-0.456867	315.366	52.4037	14.6188
-0.49041	314.897	52.3224	14.6694
-0.521211	314.432	52.242	14.7197
-0.554923	313.907	52.1517	14.7765
-0.571907	313.426	52.0667	14.828
-0.583825	312.945	51.9834	14.8793
-0.590246	312.467	51.8998	14.9308
-0.592354	311.947	51.8104	14.9865
-0.587609	311.438	51.7232	15.0408
-0.576208	310.904	51.6339	15.0979
-0.556158	310.381	51.5508	15.1536
-0.535909	309.914	51.4815	15.204
-0.513312	309.452	51.415	15.2541
-0.483317	308.985	51.3472	15.3052
-0.451565	308.472	51.2756	15.3609
-0.413782	308.011	51.2155	15.4118
-0.372199	307.559	51.1574	15.4618
-0.323416	307.107	51.0975	15.5121
-0.274533	306.654	51.0378	15.5623
-0.20796	306.162	50.9756	15.6174
-0.142449	305.71	50.9155	15.668
-0.0730315	305.231	50.8497	15.7211
0.00115016	304.77	50.7847	15.7727
0.0802632	304.32	50.7196	15.823
0.140817	303.861	50.6499	15.8743
0.194493	303.379	50.5738	15.9274
0.248486	302.897	50.496	15.9802
0.300522	302.418	50.4175	16.0332
0.37097	301.963	50.3408	16.0834
0.415373	301.5	50.2605	16.1342
0.453597	301.011	50.175	16.1873
0.487055	300.524	50.0862	16.2402
0.53752	300.006	49.9939	16.2967
0.561133	299.513	49.9035	16.35
0.592278	299.025	49.8168	16.403
0.623065	298.543	49.7316	16.455
0.637597	298.035	49.6424	16.5094
0.65147	297.511	49.5539	16.5655
0.654644	297.007	49.4695	16.6195
0.655254	296.536	49.3927	16.6706
0.646231	296.02	49.3103	16.726
0.635693	295.502	49.2313	16.7818
0.617563	295.031	49.1628	16.8328
0.589711	294.523	49.0912	16.8881
0.560491	294.026	49.0207	16.9423
0.517886	293.514	48.952	16.9982
0.488048	293.01	48.8844	17.0534
0.436264	292.5	48.8172	17.1098
0.394766	292.03	48.7533	17.1624
0.324151	291.565	48.6896	17.2149
0.284561	291.077	48.6219	17.269
0.224944	290.626	48.5589	17.3197
0.163141	290.152	48.4909	17.3731
0.0891363	289.678	48.4203	17.426
0.0231408	289.215	48.3488	17.4776
-0.031361	288.724	48.2692	17.5314
-0.105791	288.236	48.1881	17.5848
-0.1707	287.755	48.107	17.6376
-0.219796	287.283	48.0248	17.6888
-0.268687	286.786	47.9392	17.7426
-0.321895	286.304	47.8558	17.795
-0.355093	285.815	47.7693	17.8479
-0.38489	285.306	47.6819	17.9028
-0.42329	284.818	47.5983	17.9555
-0.441369	284.346	47.5188	18.0061
-0.456376	283.879	47.4405	18.0562
-0.463872	283.351	47.3506	18.1126
-0.468485	282.836	47.2629	18.1681
-0.467634	282.361	47.1842	18.219
-0.462611	281.874	47.1044	18.2709
-0.451119	281.401	47.0285	18.3211
-0.433996	280.921	46.9532	18.3723
-0.405071	280.422	46.8763	18.4255
-0.376763	279.952	46.8056	18.4766
-0.351491	279.467	46.7363	18.5291
-0.317418	278.989	46.6701	18.5811
-0.282172	278.525	46.6096	18.6319
-0.239009	278.043	46.5471	18.6847
-0.178065	277.549	46.486	18.7391
-0.12685	277.085	46.4283	18.7906
-0.0660875	276.635	46.372	18.8411
-0.0031279	276.171	46.3115	18.8933
0.0720734	275.71	46.2485	18.9452
0.118749	275.231	46.1781	18.9993
0.174425	274.752	46.103	19.0521
0.243632	274.28	46.0258	19.1042
0.278398	273.767	45.9379	19.1601
0.343991	273.252	45.8476	19.2163
0.371711	272.763	45.7571	19.2689
0.411564	272.275	45.6672	19.3215
0.449759	271.788	45.5773	19.3738
0.48759	271.318	45.4909	19.4244
0.509136	270.853	45.4061	19.4746
0.524975	270.357	45.3186	19.5277
0.536781	269.884	45.2362	19.5787
0.544032	269.419	45.1597	19.6294
0.548774	268.908	45.079	19.685
0.546621	268.406	45.0008	19.7397
0.541821	267.917	44.9242	19.7926
0.531845	267.432	44.8495	19.845
0.516549	266.936	44.7759	19.8989
0.495939	266.429	44.7006	19.9539
0.459552	265.95	44.6309	20.0064
0.436522	265.435	44.5592	20.0625
0.396792	264.925	44.4904	20.1187
0.34644	264.417	44.4212	20.1747
0.276433	263.942	44.3577	20.2274
0.226854	263.473	44.2984	20.2802
0.18018	262.994	44.2341	20.3335
0.115146	262.522	44.1688	20.3859
0.0387525	262.061	44.1008	20.4373
-0.0127002	261.578	44.0256	20.4911
-0.104249	261.088	43.9474	20.5458
-0.162649	260.613	43.8693	20.5983
-0.214243	260.141	43.7867	20.6502
-0.271115	259.656	43.7016	20.7029
-0.346336	259.15	43.6121	20.7579
-0.401087	258.673	43.5234	20.8099
-0.452431	258.203	43.4367	20.8608
-0.498357	257.686	43.3437	20.9161
-0.541034	257.184	43.2526	20.9699
-0.578422	256.713	43.1699	21.0199
-0.608867	256.215	43.0846	21.0731
-0.636088	255.716	43.0011	21.1262
-0.650512	255.227	42.9206	21.1783
-0.6563	254.716	42.8367	21.2323
-0.658954	254.213	42.7554	21.2857
-0.652708	253.736	42.6792	21.3368
-0.640144	253.261	42.6051	21.3876
-0.624163	252.728	42.5254	21.4442
-0.601344	252.257	42.4572	21.4947
-0.557322	251.787	42.3902	21.5455
-0.518262	251.295	42.3205	21.5988
-0.485213	250.83	42.2594	21.6493
-0.42816	250.323	42.1918	21.7051
-0.383181	249.827	42.1297	21.7595
-0.323123	249.372	42.0723	21.8103
-0.267777	248.882	42.0094	21.8643
-0.178704	248.422	41.9491	21.9162
-0.105213	247.979	41.8891	21.9663
-0.0423149	247.511	41.8237	22.0182
0.0217966	247.005	41.7518	22.0741
0.111343	246.527	41.6802	22.1278
0.184688	246.069	41.6091	22.179
0.246926	245.612	41.5335	22.2301
0.310395	245.163	41.457	22.2801
0.38685	244.67	41.3719	22.3349
0.44776	244.205	41.2894	22.3863
0.501681	243.727	41.2033	22.4389
0.550832	243.264	41.1168	22.4896
0.59798	242.757	41.0262	22.545
0.645816	242.28	40.9419	22.5969
0.674427	241.804	40.8599	22.6483
0.698023	241.311	40.776	22.7016
0.713457	240.843	40.6994	22.7523
0.722496	240.374	40.6241	22.8031
0.725071	239.845	40.5398	22.8601
0.719743	239.363	40.4648	22.9118
0.708723	238.882	40.3933	22.9635
0.685905	238.371	40.3211	23.0188
0.677615	237.861	40.2521	23.0741
0.651422	237.345	40.1806	23.1305
0.627707	236.853	40.1094	23.1844
0.58377	236.352	40.0366	23.2403
0.546702	235.87	39.9649	23.2933
0.489999	235.386	39.892	23.3467
0.445434	234.903	39.8203	23.4002
0.393638	234.442	39.7514	23.451
0.331611	233.938	39.676	23.5068
0.248474	233.477	39.6074	23.5583
0.178339	233.022	39.5402	23.609
0.094334	232.54	39.4689	23.6629
-0.00557029	232.046	39.3946	23.7179
-0.0790276	231.546	39.3204	23.772
-0.158394	231.081	39.248	23.8232
-0.260504	230.568	39.1651	23.8795
-0.338142	230.11	39.0899	23.9306
-0.410117	229.64	39.0117	23.9823
-0.48148	229.173	38.9329	24.0338
-0.566344	228.682	38.8483	24.0875
-0.628844	228.157	38.7542	24.1441
-0.680637	227.682	38.6669	24.1958
-0.755514	227.206	38.578	24.2475
-0.802133	226.691	38.4802	24.3025
-0.861919	226.182	38.3886	24.3573
-0.902913	225.658	38.2956	24.4136
-0.940161	225.162	38.211	24.467
-0.963572	224.674	38.1294	24.5195
-0.97868	224.179	38.0477	24.5728
-0.991203	223.689	37.9686	24.6259
-0.999769	223.221	37.8935	24.6769
-0.999125	222.757	37.8193	24.7276
-0.992732	222.288	37.7448	24.7785
-0.981062	221.819	37.6698	24.8296
-0.966225	221.35	37.5949	24.8806
-0.947075	220.881	37.5215	24.9316
-0.921958	220.403	37.4494	24.9835
-0.889734	219.942	37.3824	25.0345
-0.845338	219.479	37.316	25.0856
-0.789065	218.998	37.2455	25.1386
-0.743658	218.531	37.1783	25.1901
-0.689223	218.035	37.1071	25.2445
-0.632782	217.58	37.0432	25.2952
-0.568761	217.123	36.9801	25.3463
-0.466443	216.674	36.9188	25.3976
-0.402848	216.19	36.8548	25.4518
-0.309814	215.749	36.7954	25.5029
-0.223974	215.3	36.7338	25.5541
-0.131869	214.863	36.6723	25.605
-0.0480159	214.424	36.6085	25.6554
0.0305082	213.983	36.5413	25.7057
0.11424	213.546	36.4708	25.7558
0.212334	213.062	36.3899	25.8109
0.278993	212.599	36.3106	25.8625
0.357585	212.102	36.223	25.9178
0.417327	211.617	36.1343	25.9708
0.472018	211.136	36.0487	26.0229
0.531157	210.634	35.9607	26.0769
0.586268	210.143	35.8757	26.1297
0.624406	209.669	35.7946	26.1805
0.656357	209.199	35.7172	26.2309
0.678376	208.718	35.6393	26.2825
0.695376	208.238	35.561	26.3342
0.708125	207.724	35.477	26.3896
0.706375	207.211	35.3934	26.4449
0.697485	206.694	35.3103	26.5007
0.684736	206.188	35.2314	26.5555
0.663477	205.672	35.1533	26.6113
0.635652	205.212	35.0841	26.6616
0.59502	204.7	35.0075	26.7176
0.559017	204.217	34.9384	26.7701
0.523786	203.684	34.8653	26.8278
0.463004	203.222	34.8005	26.8785
0.409556	202.745	34.7331	26.9306
0.355901	202.282	34.6707	26.9814
0.290778	201.79	34.6012	27.0359
0.206669	201.296	34.5328	27.0908
0.135272	200.838	34.4691	27.1414
0.0581212	200.357	34.4006	27.1944
-0.0194602	199.894	34.3324	27.2452
-0.12228	199.4	34.2572	27.3002
-0.196916	198.924	34.1837	27.353
-0.286873	198.468	34.1128	27.4047
-0.386766	197.98	34.0343	27.4591
-0.465195	197.489	33.9511	27.5131
-0.552735	196.99	33.8658	27.5678
-0.618222	196.505	33.7828	27.6207
-0.684454	195.984	33.6935	27.6771
-0.749852	195.478	33.6065	27.7318
-0.809588	194.966	33.5203	27.7871
-0.872828	194.451	33.4327	27.843
-0.915966	193.96	33.3492	27.8964
-0.96121	193.448	33.2605	27.9514
-0.990607	192.952	33.1753	28.0046
-1.017	192.467	33.0927	28.0566
-1.04213	191.991	33.0126	28.1073
-1.05554	191.502	32.9314	28.1594
-1.06478	191.027	32.8537	28.2103
-1.06796	190.531	32.7729	28.2632
-1.06441	190.052	32.6958	28.3144
-1.05216	189.559	32.6167	28.3674
-1.02817	189.088	32.5424	28.4179
-0.999426	188.616	32.4703	28.4689
-0.970154	188.132	32.4006	28.5213
-0.928384	187.645	32.3314	28.5742
-0.884416	187.157	32.2635	28.6274
-0.833296	186.695	32.2018	28.6784
-0.757855	186.25	32.1439	28.7287
-0.694375	185.777	32.0827	28.7811
-0.628969	185.305	32.0265	28.8342
-0.556125	184.86	31.9722	28.8844
-0.47326	184.42	31.9183	28.9349
-0.390455	183.978	31.863	28.9854
-0.303873	183.54	31.8063	29.0354
-0.193781	183.057	31.7387	29.0908
-0.12211	182.601	31.6721	29.1421
-0.0605478	182.122	31.5967	29.1946
0.00245378	181.662	31.5197	29.2454
0.0603671	181.188	31.4354	29.2972
0.148142	180.726	31.3491	29.3484
0.204691	180.211	31.2502	29.4046
0.275189	179.691	31.1547	29.461
0.321677	179.215	31.0662	29.5129
0.363298	178.754	30.9852	29.5633
0.40233	178.279	30.905	29.6147
0.43834	177.779	30.8258	29.6685
0.468625	177.31	30.7548	29.7193
0.491484	176.847	30.6847	29.7694
0.510069	176.343	30.6101	29.8243
0.529727	175.829	30.5341	29.8803
0.541953	175.332	30.4638	29.9345
0.550429	174.864	30.3983	29.9854
0.556327	174.405	30.334	30.0357
0.559123	173.896	30.2613	30.0915
0.559261	173.391	30.1866	30.1468
0.556337	172.915	30.1146	30.1987
0.550637	172.397	30.0361	30.255
0.537005	171.88	29.9575	30.311
0.523852	171.414	29.8877	30.3612
0.508708	170.914	29.8151	30.4153
0.48724	170.405	29.7406	30.4708
0.477166	169.883	29.665	30.5274
0.454167	169.365	29.5893	30.5835
0.431814	168.884	29.5172	30.6356
0.400784	168.39	29.4409	30.689
0.376954	167.92	29.3661	30.74
0.352717	167.427	29.2844	30.7932
0.324012	166.923	29.1995	30.8476
0.289818	166.413	29.1113	30.9021
0.262529	165.933	29.0297	30.9538
0.225136	165.414	28.9434	31.0094
0.20384	164.907	28.8588	31.0637
0.179993	164.383	28.7734	31.1197
0.169855	163.903	28.6959	31.1712
0.164523	163.41	28.6155	31.2239
0.156363	162.913	28.5349	31.2773
0.149844	162.411	28.4528	31.3303
0.151723	161.905	28.3701	31.3841
0.153153	161.412	28.292	31.4367
0.157376	160.932	28.2166	31.4879
0.169087	160.438	28.1389	31.5405
0.18085	159.915	28.0578	31.5965
0.203454	159.399	27.979	31.6516
0.215996	158.914	27.9076	31.7036
0.23956	158.446	27.8396	31.7541
0.265707	157.981	27.7734	31.8049
0.302537	157.475	27.7014	31.8598
0.330233	157.003	27.6348	31.9113
0.355069	156.511	27.565	31.9649
0.385305	156.039	27.496	32.0165
0.421565	155.563	27.4249	32.0686
0.470088	155.088	27.3515	32.1206
0.501573	154.572	27.2668	32.1764
0.534557	154.108	27.1868	32.2265
0.566821	153.644	27.104	32.2765
0.599314	153.176	27.0179	32.3268
0.633329	152.663	26.9237	32.382
0.658281	152.199	26.8383	32.4321
0.676906	151.724	26.751	32.4834
0.691147	151.24	26.6658	32.5357
0.703422	150.736	26.5787	32.5911
0.706135	150.22	26.4887	32.6475
0.702603	149.74	26.407	32.6998
0.691271	149.273	26.3303	32.7509
0.682161	148.781	26.2532	32.8045
0.662271	148.323	26.1838	32.8548
0.623704	147.818	26.1106	32.9106
0.593794	147.356	26.0463	32.9621
0.564584	146.894	25.9839	33.0139
0.534465	146.444	25.9201	33.0639
0.493065	146	25.857	33.1141
0.447852	145.521	25.7873	33.1681
0.380042	145.041	25.7189	33.2229
0.318151	144.558	25.6483	33.2771
0.239468	144.055	25.5741	33.3334
0.166983	143.587	25.5046	33.3851
0.0770411	143.096	25.4315	33.4397
0.00405926	142.583	25.3558	33.4963
-0.0744303	142.117	25.2844	33.5475
-0.159008	141.617	25.2049	33.6025
-0.233827	141.141	25.1288	33.6546
-0.302689	140.67	25.0528	33.7059
-0.378749	140.186	24.9735	33.7586
-0.432106	139.665	24.8872	33.8142
-0.486149	139.145	24.8007	33.8699
-0.523983	138.635	24.7143	33.9245
-0.558682	138.147	24.632	33.977
-0.584221	137.653	24.5481	34.0296
-0.608296	137.157	24.4638	34.0823
-0.61749	136.67	24.3789	34.1337
-0.626016	136.164	24.2933	34.1871
-0.62847	135.669	24.2108	34.2396
-0.621585	135.172	24.1298	34.2925
-0.608951	134.658	24.0471	34.347
-0.582231	134.139	23.9651	34.4025
-0.559227	133.601	23.8838	34.46
-0.525935	133.097	23.8106	34.5142
-0.49247	132.602	23.7381	34.5675
-0.435768	132.11	23.6667	34.6208
-0.387329	131.636	23.6005	34.6719
-0.336308	131.116	23.5315	34.7285
-0.25175	130.634	23.4668	34.7822
-0.196233	130.169	23.4055	34.8336
-0.128693	129.705	23.3415	34.885
-0.0542341	129.256	23.279	34.9355
0.0206677	128.782	23.2118	34.9882
0.11873	128.287	23.1399	35.0436
0.196137	127.845	23.0739	35.0936
0.278532	127.395	23.0056	35.1445
0.345771	126.911	22.9292	35.198
0.409017	126.455	22.8551	35.2484
0.489137	125.977	22.775	35.3013
0.539819	125.502	22.6907	35.3533
0.600343	125.038	22.6078	35.4044
0.665468	124.562	22.5218	35.4568
0.739381	124.071	22.4333	35.5107
0.793211	123.598	22.3477	35.5625
0.837469	123.095	22.256	35.6177
0.885763	122.59	22.1673	35.673
0.907856	122.078	22.0781	35.7285
0.926891	121.561	21.9902	35.7844
0.934198	121.095	21.9121	35.8348
0.935739	120.571	21.8268	35.8913
0.928431	120.092	21.7507	35.9428
0.919729	119.591	21.6733	35.9971
0.893685	119.103	21.6012	36.0499
0.869267	118.593	21.5287	36.1057
0.83252	118.1	21.457	36.1595
0.784862	117.64	21.3905	36.2102
0.757814	117.14	21.3189	36.2652
0.715319	116.681	21.2522	36.3161
0.649869	116.215	21.1841	36.3684
0.571191	115.723	21.1145	36.4239
0.467599	115.233	21.0444	36.4799
0.389542	114.748	20.9779	36.535
0.293709	114.271	20.911	36.5894
0.21724	113.79	20.8434	36.644
0.114175	113.343	20.7787	36.695
0.0256296	112.883	20.71	36.7467
-0.0685266	112.425	20.6394	36.7983
-0.190352	111.943	20.561	36.8533
-0.276946	111.498	20.4856	36.9036
-0.353554	111.038	20.4049	36.9548
-0.432794	110.567	20.3223	37.0069
-0.501336	110.108	20.2406	37.0573
-0.583305	109.598	20.1498	37.1139
-0.642417	109.099	20.0635	37.1688
-0.697216	108.615	19.9795	37.2218
-0.745822	108.116	19.8929	37.2759
-0.779436	107.64	19.8131	37.3274
-0.805619	107.157	19.7328	37.3796
-0.83368	106.676	19.6528	37.4314
-0.847996	106.2	19.575	37.4825
-0.853994	105.698	19.4943	37.5365
-0.856211	105.201	19.4147	37.5898
-0.847822	104.705	19.3338	37.6436
-0.827106	104.227	19.2569	37.6949
-0.798006	103.716	19.1765	37.7498
-0.772138	103.206	19.0976	37.8047
-0.733532	102.678	19.0172	37.8618
-0.688792	102.184	18.9462	37.9155
-0.633188	101.704	18.8783	37.9684
-0.561277	101.22	18.81	38.022
-0.491874	100.723	18.7425	38.0775
-0.411124	100.234	18.6771	38.1321
-0.343967	99.7666	18.6182	38.1847
-0.271212	99.3001	18.5566	38.2373
-0.179485	98.8526	18.4977	38.2885
-0.0732804	98.3686	18.4328	38.3444
0.0247893	97.9153	18.367	38.3965
0.0962465	97.4612	18.2956	38.4477
0.197401	96.9671	18.2134	38.5038
0.258806	96.5177	18.1328	38.5541
0.325162	96.0204	18.044	38.6088
0.414778	95.5129	17.9495	38.6655
0.482875	95.0171	17.858	38.7198
0.559851	94.5572	17.7714	38.7705
0.611667	94.0825	17.6822	38.822
0.652826	93.6091	17.5939	38.8734
0.691999	93.1146	17.5017	38.9265
0.720913	92.6413	17.417	38.9774
0.749297	92.1281	17.3274	39.0331
0.759815	91.6194	17.2392	39.0877
0.764799	91.1005	17.1534	39.1433
0.757462	90.5835	17.0694	39.1988
0.737471	90.0609	16.9888	39.2548
0.714374	89.5898	16.9226	39.3055
0.685359	89.0797	16.8544	39.361
0.657976	88.6177	16.7944	39.4116
0.606966	88.1504	16.7338	39.4628
0.555035	87.6896	16.6762	39.5138
0.512016	87.2108	16.6194	39.5666
0.444357	86.7094	16.5553	39.6226
0.39982	86.2051	16.4929	39.6786
0.344002	85.7477	16.4347	39.7294
0.265758	85.262	16.37	39.7835
0.202879	84.8017	16.3066	39.8344
0.146196	84.301	16.2352	39.8898
0.0668142	83.7964	16.16	39.9458
-0.0117084	83.2997	16.0817	40.0009
-0.0818578	82.7942	15.9984	40.0564
-0.154107	82.3183	15.9183	40.1088
-0.218844	81.8594	15.8405	40.1589
-0.299448	81.3661	15.7573	40.2133
-0.372797	80.8987	15.6772	40.2646
-0.427938	80.4318	15.5954	40.3154
-0.482942	79.9703	15.5155	40.3662
-0.536021	79.4938	15.4327	40.4181
-0.587473	79.0392	15.3519	40.4682
-0.651488	78.5338	15.2622	40.5239
-0.695319	78.0764	15.1788	40.574
-0.733508	77.6107	15.0936	40.6247
-0.754549	77.1029	14.9986	40.6799
-0.787873	76.6008	14.9079	40.7342
-0.7934	76.1283	14.8209	40.7852
-0.799433	75.6504	14.7357	40.8368
-0.80351	75.162	14.6495	40.8893
-0.803366	74.6601	14.5631	40.9431
-0.79386	74.1618	14.4767	40.9971
-0.781132	73.6791	14.3931	41.049
-0.756073	73.1814	14.3044	41.1024
-0.731877	72.6718	14.216	41.1568
-0.687251	72.1559	14.1358	41.2126
-0.658189	71.6322	14.0591	41.269
-0.607759	71.1475	13.9911	41.3217
-0.569205	70.653	13.9279	41.3757
-0.51996	70.1502	13.8636	41.4305
-0.447338	69.6512	13.8038	41.4856
-0.378356	69.1742	13.743	41.5387
-0.319834	68.695	13.6785	41.5914
-0.239406	68.2277	13.6122	41.6435
-0.171578	67.7724	13.5439	41.6938
-0.1031	67.3122	13.4714	41.7446
-0.0416016	66.8139	13.3899	41.7991
0.0349403	66.3141	13.3087	41.8547
0.0897887	65.8586	13.2347	41.9051
0.138816	65.3868	13.157	41.9573
0.188924	64.9354	13.0821	42.0075
0.255199	64.4363	12.9988	42.0628
0.293282	63.9646	12.9192	42.1147
0.327154	63.5006	12.8403	42.1657
0.361199	63.0346	12.7619	42.2169
0.398755	62.5479	12.6816	42.27
0.429426	62.0628	12.6025	42.3225
0.450115	61.6011	12.5277	42.3726
0.461472	61.0748	12.4427	42.4297
0.476569	60.5743	12.363	42.484
0.481558	60.0758	12.283	42.5379
0.483011	59.5437	12.1982	42.5952
0.474195	59.07	12.1243	42.6459
0.459258	58.5651	12.0481	42.7004
0.432376	58.0603	11.9743	42.7549
0.408633	57.5544	11.9039	42.8092
0.366956	57.0475	11.8329	42.8644
0.33721	56.5539	11.7653	42.9175
0.29593	56.0899	11.7013	42.968
0.244698	55.5816	11.6302	43.0234
0.201998	55.1143	11.5648	43.0743
0.151829	54.6172	11.4954	43.1288
0.112719	54.1566	11.4285	43.1793
0.0504332	53.6467	11.3514	43.2355
0.00368442	53.1494	11.2741	43.2901
-0.0678005	52.6462	11.1936	43.346
-0.125275	52.1679	11.1169	43.3988
-0.178528	51.7118	11.0442	43.4489
-0.233354	51.2479	10.9692	43.4998
-0.29679	50.7547	10.8888	43.554
-0.33394	50.2474	10.8041	43.6095
-0.376867	49.7648	10.7235	43.6619
-0.41774	49.2581	10.6354	43.7172
-0.451104	48.7721	10.5499	43.7698
-0.492888	48.2572	10.4571	43.826
-0.519509	47.7615	10.3694	43.88
-0.535094	47.2928	10.2868	43.9311
-0.548605	46.8296	10.205	43.9813
-0.556773	46.3644	10.1236	44.0314
-0.559519	45.8621	10.0363	44.0855
-0.552247	45.3928	9.95447	44.1357
-0.541946	44.9077	9.86944	44.1873
-0.525554	44.4327	9.79122	44.2383
-0.500965	43.9457	9.71374	44.2907
-0.462249	43.4294	9.63446	44.3469
-0.429255	42.9687	9.56515	44.3975
-0.394815	42.4861	9.49507	44.4503
-0.330731	41.9785	9.42633	44.5065
-0.268183	41.4827	9.36176	44.5617
-0.206742	41.0205	9.30526	44.6131
-0.137043	40.5417	9.25042	44.6672
-0.0631761	40.0767	9.19182	44.7206
0.030238	39.5841	9.1254	44.7766
0.100644	39.1263	9.05773	44.8275
0.16754	38.6447	8.9826	44.881
0.258083	38.1692	8.90336	44.934
0.325938	37.7105	8.82099	44.9849
0.39016	37.2449	8.73372	45.0358
0.450787	36.7811	8.64344	45.0864
0.512879	36.2947	8.55389	45.1392
0.558995	35.8068	8.46544	45.1921
0.602314	35.2979	8.37436	45.2474
0.626115	34.8217	8.29319	45.2992
0.642131	34.3302	8.21274	45.3523
0.645551	33.8432	8.13534	45.4055
0.639995	33.361	8.05908	45.458
0.628485	32.897	7.98631	45.5087
0.612723	32.4299	7.91497	45.5595
0.591167	31.9528	7.84464	45.6114
0.548922	31.4695	7.77632	45.6644
0.510675	31.0156	7.71569	45.7146
0.461603	30.5636	7.65888	45.7653
0.427118	30.071	7.60147	45.8204
0.349914	29.5997	7.54531	45.8744
0.306525	29.1187	7.49154	45.929
0.250029	28.6646	7.43705	45.9804
0.171932	28.1877	7.37689	46.0351
0.110343	27.7088	7.31271	46.0896
0.00798596	27.2145	7.23839	46.1462
-0.0673659	26.7347	7.15972	46.1996
-0.158247	26.2412	7.07333	46.2552
-0.222654	25.7436	6.98018	46.3098
-0.292277	25.2913	6.89512	46.3601
-0.370154	24.7837	6.80019	46.4163
-0.422284	24.3191	6.7098	46.467
-0.465365	23.8443	6.62234	46.5186
-0.527443	23.3294	6.52932	46.5745
-0.557944	22.81	6.43581	46.63
-0.591616	22.3093	6.34991	46.6837
-0.61403	21.8011	6.26486	46.7379
-0.625754	21.2705	6.17893	46.7945
-0.631418	20.7569	6.09735	46.8494
-0.617521	20.2379	6.01738	46.9049
-0.607855	19.7314	5.94414	46.9593
-0.584079	19.2563	5.87921	47.0106
-0.562097	18.7956	5.81994	47.0609
-0.531138	18.3181	5.76137	47.1135
-0.460457	17.8589	5.70891	47.165
-0.417984	17.3576	5.65628	47.2208
-0.338163	16.8597	5.60478	47.2775
-0.278588	16.4066	5.55296	47.3287
-0.221789	15.9515	5.4968	47.3797
-0.145617	15.4719	5.4326	47.4337
-0.0820378	14.9878	5.36232	47.488
-0.0223353	14.4882	5.2809	47.5432
0.045759	13.9813	5.19104	47.5986
0.105842	13.5043	5.10294	47.6509
0.176852	12.9989	5.00837	47.7058
0.230957	12.4916	4.91011	47.7601
0.28366	12.0177	4.82175	47.8111
0.338529	11.5084	4.7302	47.8661
0.384519	10.9893	4.63735	47.9216
0.427314	10.4486	4.54252	47.9794
0.455153	9.97903	4.46142	48.0299
0.474613	9.50213	4.38057	48.0819
0.491839	9.00808	4.29896	48.1356
0.494746	8.54287	4.22409	48.1862
0.490353	8.08122	4.15063	48.2364
0.4782	7.61175	4.07795	48.2875
0.465829	7.14003	4.00575	48.339
0.448812	6.68162	3.93574	48.3893
0.4197	6.16045	3.85714	48.4462
0.409445	5.68583	3.79139	48.4978
0.381114	5.19302	3.72757	48.5513
0.349944	4.73301	3.67136	48.6022
0.313533	4.27806	3.61517	48.6525
0.26359	3.7639	3.55216	48.7087
0.224125	3.2849	3.49141	48.7613
0.166321	2.82903	3.4324	48.8115
0.102314	2.31301	3.36087	48.8676
0.0450338	1.82337	3.29104	48.9208
-0.0121502	1.33757	3.2188	48.9736
-0.0836749	0.812628	3.13974	49.0304
-0.140075	0.328587	3.06411	49.0828
-0.210058	-0.148246	2.98781	49.1345
-0.268449	-0.613298	2.91408	49.1849
-0.328647	-1.08062	2.84007	49.2356
-0.377309	-1.58879	2.75873	49.2903
-0.432061	-2.0534	2.68398	49.3408
-0.474202	-2.52035	2.60865	49.3913
-0.527452	-3.03618	2.52591	49.4472
-0.559198	-3.54259	2.44209	49.5019
-0.601124	-4.02555	2.36048	49.5536
-0.627377	-4.49498	2.27885	49.6041
-0.647474	-4.99139	2.19129	49.6573
-0.660074	-5.51517	2.09461	49.7136
-0.677287	-6.026	1.99757	49.7687
-0.686702	-6.50167	1.90828	49.8196
-0.695807	-6.98718	1.8182	49.8715
-0.696632	-7.51322	1.72088	49.9278
-0.692379	-8.01393	1.63167	49.9816
-0.681863	-8.52066	1.54292	50.0361
-0.670662	-9.01864	1.45625	50.0897
-0.641323	-9.53835	1.37094	50.1458
-0.616866	-10.0588	1.29073	50.2023
-0.569102	-10.562	1.21509	50.2577
-0.532804	-11.0519	1.14297	50.3119
-0.484222	-11.5097	1.07694	50.3626
-0.417791	-12.0061	1.00994	50.4183
-0.358902	-12.4778	0.948104	50.4709
-0.295549	-12.9307	0.888922	50.5217
-0.196591	-13.4228	0.82524	50.578
-0.118324	-13.9164	0.75865	50.6338
-0.00949972	-14.3648	0.697692	50.6853
0.0604655	-14.8216	0.632557	50.7369
0.123548	-15.3232	0.560072	50.7932
0.217648	-15.8017	0.489505	50.8478
0.28329	-16.2727	0.41774	50.9012
0.355642	-16.7397	0.343445	50.9537
0.411628	-17.2311	0.261366	51.0081
0.469319	-17.7257	0.177448	51.0625
0.532348	-18.2221	0.0929189	51.117
0.58411	-18.6991	0.00961637	51.1693
0.636616	-19.204	-0.0758287	51.2235
0.6899	-19.723	-0.162415	51.2791
0.733544	-20.2533	-0.248037	51.3358
0.764411	-20.7582	-0.330633	51.3902
0.796854	-21.2666	-0.414753	51.4447
0.819549	-21.7633	-0.498069	51.4984
0.834157	-22.2848	-0.586754	51.5543
0.841433	-22.795	-0.674175	51.6092
0.841573	-23.2738	-0.754893	51.6608
0.838406	-23.7367	-0.83173	51.7111
0.825076	-24.2497	-0.915536	51.7674
0.819321	-24.7342	-0.994473	51.8196
0.802064	-25.2043	-1.06689	51.8704
0.773967	-25.6921	-1.1396	51.9235
0.731591	-26.1653	-1.20808	51.9756
0.691202	-26.6332	-1.27552	52.0276
0.652914	-27.1051	-1.34304	52.0797
0.601176	-27.5791	-1.41151	52.1323
0.541524	-28.0361	-1.47714	52.1829
0.47007	-28.5159	-1.54712	52.2364
0.409827	-28.99	-1.61499	52.2894
0.33175	-29.463	-1.68323	52.3424
0.261889	-29.9183	-1.74903	52.3927
0.185546	-30.3882	-1.8174	52.445
0.0852891	-30.8433	-1.88296	52.4961
-0.000643283	-31.3071	-1.94975	52.5479
-0.084393	-31.769	-2.01459	52.5992
-0.164781	-32.258	-2.08796	52.6538
-0.242241	-32.7112	-2.15683	52.7039
-0.333749	-33.1926	-2.23052	52.7574
-0.39681	-33.6888	-2.31082	52.8123
-0.470392	-34.1806	-2.39327	52.8665
-0.518055	-34.6599	-2.47754	52.9187
-0.560543	-35.1577	-2.56572	52.973
-0.601831	-35.6539	-2.65656	53.0264
-0.641471	-36.1712	-2.75502	53.0821
-0.679263	-36.6852	-2.84984	53.1377
-0.696725	-37.2146	-2.95061	53.1943
-0.718144	-37.6975	-3.04043	53.2457
-0.727465	-38.217	-3.13688	53.3014
-0.729627	-38.7161	-3.22503	53.3552
-0.721922	-39.2334	-3.31451	53.4107
-0.706196	-39.7309	-3.39643	53.4644
-0.682627	-40.2493	-3.47796	53.5203
-0.65412	-40.7605	-3.55569	53.5759
-0.607841	-41.2625	-3.6303	53.6315
-0.54847	-41.7469	-3.69963	53.6856
-0.481508	-42.1859	-3.75759	53.7357
-0.421201	-42.624	-3.81363	53.7857
-0.352732	-43.0639	-3.86922	53.8362
-0.287401	-43.5292	-3.92296	53.8894
-0.200225	-44.0098	-3.98067	53.9453
-0.1018	-44.4883	-4.03486	54.0014
0.0141166	-44.964	-4.09527	54.0574
0.0936611	-45.4183	-4.15576	54.11
0.203524	-45.892	-4.22599	54.1651
0.277379	-46.3631	-4.30023	54.2194
0.34539	-46.8396	-4.3779	54.2737
0.446093	-47.3075	-4.45641	54.3279
0.497118	-47.7702	-4.53873	54.3803
0.569126	-48.2712	-4.62871	54.4363
0.620009	-48.7647	-4.71954	54.491
0.67036	-49.2542	-4.80691	54.5452
0.720386	-49.7466	-4.89676	54.599
0.753512	-50.2094	-4.98222	54.649
0.781067	-50.7105	-5.07402	54.7028
0.805042	-51.2178	-5.16286	54.7571
0.821255	-51.7318	-5.2507	54.8121
0.830336	-52.2147	-5.33007	54.8643
0.825127	-52.7101	-5.40895	54.918
0.820457	-53.2168	-5.48577	54.9725
0.802718	-53.7102	-5.5576	55.0258
0.770255	-54.1882	-5.62402	55.0779
0.732536	-54.6507	-5.68621	55.1287
0.688351	-55.1026	-5.74505	55.1789
0.642918	-55.5613	-5.80041	55.2297
0.586346	-56.021	-5.85709	55.2806
0.527112	-56.5009	-5.9168	55.3337
0.459033	-56.9598	-5.97458	55.3848
0.385195	-57.4285	-6.03638	55.4369
0.306784	-57.907	-6.09865	55.4899
0.235211	-58.3986	-6.16768	55.5441
0.164733	-58.8611	-6.23414	55.5946
0.0663278	-59.3443	-6.3062	55.6487
-0.00160889	-59.8207	-6.37874	55.7012
-0.0705893	-60.2992	-6.45305	55.754
-0.168013	-60.778	-6.5293	55.8069
-0.237868	-61.2552	-6.6084	55.8597
-0.302933	-61.7274	-6.68812	55.912
-0.367573	-62.1774	-6.76552	55.9624
-0.430847	-62.6249	-6.84501	56.0127
-0.508791	-63.1266	-6.93382	56.0691
-0.562299	-63.5894	-7.01953	56.1205
-0.621128	-64.0619	-7.10526	56.1725
-0.694416	-64.5782	-7.19839	56.2293
-0.736074	-65.0755	-7.28949	56.2836
-0.771734	-65.5569	-7.37448	56.3354
-0.805293	-66.0246	-7.45713	56.3855
-0.837662	-66.5174	-7.54279	56.4378
-0.853085	-66.9921	-7.62314	56.4881
-0.860767	-67.4623	-7.70071	56.5382
-0.86484	-67.9943	-7.78741	56.595
-0.858569	-68.4603	-7.86119	56.6451
-0.841712	-68.9223	-7.93115	56.6951
-0.813632	-69.4228	-8.00307	56.7498
-0.780169	-69.9156	-8.07488	56.804
-0.71639	-70.4086	-8.14607	56.859
-0.664137	-70.893	-8.21138	56.9136
-0.587766	-71.3841	-8.27723	56.9691
-0.530789	-71.8492	-8.33609	57.0213
-0.456293	-72.3342	-8.39995	57.0765
-0.370135	-72.8083	-8.45927	57.131
-0.292116	-73.2697	-8.5205	57.1831
-0.178534	-73.7652	-8.58952	57.2398
-0.11149	-74.2665	-8.65937	57.2952
-0.0141631	-74.7571	-8.73002	57.3508
0.0664078	-75.2131	-8.79873	57.4022
0.16401	-75.6948	-8.87276	57.4568
0.241113	-76.1945	-8.95192	57.5123
0.30362	-76.6474	-9.02469	57.5625
0.386911	-77.1339	-9.10404	57.6173
0.452269	-77.6061	-9.18392	57.6707
0.507021	-78.0835	-9.26366	57.7241
0.581774	-78.572	-9.34698	57.779
0.629845	-79.0718	-9.43498	57.834
0.69649	-79.5768	-9.52284	57.8899
0.731596	-80.0727	-9.61101	57.9444
0.780037	-80.5697	-9.69834	57.9984
0.811639	-81.0394	-9.78164	58.0491
0.833778	-81.5532	-9.87275	58.1042
0.8577	-82.0813	-9.9654	58.1607
0.872792	-82.5811	-10.0506	58.2142
0.876615	-83.0754	-10.1329	58.2669
0.873969	-83.5788	-10.2145	58.3206
0.865254	-84.1039	-10.2957	58.3767
0.838131	-84.595	-10.3672	58.4301
0.813161	-85.063	-10.4286	58.4806
0.781493	-85.5257	-10.4901	58.531
0.748672	-85.9964	-10.5535	58.582
0.703693	-86.4716	-10.6178	58.6339
0.648393	-86.9368	-10.6811	58.6853
0.573795	-87.4043	-10.7463	58.7375
0.520616	-87.8573	-10.8105	58.788
0.460536	-88.3428	-10.8768	58.8424
0.388266	-88.8225	-10.9429	58.8969
0.294792	-89.294	-11.0072	58.9514
0.200596	-89.7323	-11.0689	59.002
0.119534	-90.1882	-11.1352	59.0545
-0.00093165	-90.6433	-11.2026	59.1079
-0.0991969	-91.1224	-11.276	59.1632
-0.188906	-91.5824	-11.3513	59.215
-0.319002	-92.0499	-11.4305	59.2695
-0.400139	-92.5203	-11.5152	59.3227
-0.490982	-92.9695	-11.5968	59.3736
-0.596921	-93.4625	-11.687	59.4299
-0.681314	-93.9538	-11.7808	59.4855
-0.756102	-94.4078	-11.8662	59.5359
-0.827482	-94.8635	-11.9505	59.5863
-0.904614	-95.3196	-12.0339	59.6368
-0.953365	-95.7799	-12.1187	59.6869
-0.994802	-96.2586	-12.2051	59.739
-1.02753	-96.7767	-12.2961	59.7953
-1.05698	-97.2503	-12.3779	59.8463
-1.08271	-97.7224	-12.4598	59.8972
-1.09104	-98.2339	-12.5487	59.9523
-1.09383	-98.7032	-12.629	60.003
-1.08618	-99.2113	-12.7145	60.058
-1.06389	-99.6843	-12.7934	60.1092
-1.03074	-100.174	-12.8754	60.1629
-0.980271	-100.663	-12.9565	60.2165
-0.930836	-101.156	-13.0323	60.2708
-0.87827	-101.667	-13.1046	60.3268
-0.819204	-102.163	-13.1653	60.382
-0.75298	-102.61	-13.2168	60.4323
-0.68369	-103.086	-13.2704	60.4865
-0.5808	-103.554	-13.3227	60.541
-0.513048	-104.026	-13.3738	60.5945
-0.39916	-104.492	-13.4305	60.6494
-0.326522	-104.953	-13.4844	60.702
-0.231056	-105.377	-13.5362	60.752
-0.153065	-105.849	-13.5975	60.8065
-0.0410372	-106.32	-13.6603	60.8621
0.0547862	-106.786	-13.7268	60.9156
0.17786	-107.217	-13.7905	60.9669
0.255216	-107.689	-13.8632	61.0219
0.345614	-108.157	-13.9388	61.0768
0.442229	-108.623	-14.019	61.1315
0.52374	-109.075	-14.1002	61.1843
0.61808	-109.54	-14.1846	61.2378
0.686169	-110.026	-14.2761	61.2927
0.785011	-110.509	-14.366	61.3474
0.847666	-110.981	-14.4544	61.4001
0.91222	-111.483	-14.5492	61.4552
0.977435	-111.998	-14.641	61.5113
1.02738	-112.516	-14.7344	61.5671
1.0752	-113.017	-14.8218	61.6212
1.09952	-113.529	-14.9095	61.676
1.12113	-114.032	-14.9922	61.73
1.13214	-114.52	-15.0708	61.7827
1.13193	-115.002	-15.1456	61.8346
1.12202	-115.483	-15.2171	61.8866
1.09788	-116.011	-15.2933	61.944
1.06377	-116.523	-15.3655	61.9998
1.02943	-116.992	-15.4297	62.0511
0.995677	-117.46	-15.4928	62.1025
0.950174	-117.929	-15.5582	62.1544
0.897827	-118.397	-15.6228	62.2059
0.826377	-118.897	-15.6912	62.262
0.76106	-119.382	-15.7594	62.3162
0.662208	-119.854	-15.8246	62.3697
0.605645	-120.34	-15.8901	62.424
0.488125	-120.817	-15.9561	62.4791
0.399681	-121.272	-16.0181	62.5312
0.319616	-121.708	-16.0736	62.5817
0.222911	-122.204	-16.1414	62.6384
0.114153	-122.685	-16.2084	62.6937
0.0320657	-123.127	-16.2758	62.7444
-0.0897415	-123.609	-16.3545	62.7996
-0.1738	-124.054	-16.4325	62.8505
-0.250762	-124.535	-16.524	62.9048
-0.38169	-125.022	-16.6162	62.9612
-0.483379	-125.468	-16.7026	63.0117
-0.561697	-125.963	-16.8001	63.067
-0.662476	-126.445	-16.8919	63.1215
-0.734088	-126.914	-16.9837	63.1726
-0.801974	-127.424	-17.0762	63.2278
-0.870244	-127.897	-17.1616	63.2787
-0.918129	-128.374	-17.2445	63.3296
-0.955377	-128.878	-17.3297	63.384
-0.983355	-129.347	-17.4068	63.4341
-1.00494	-129.861	-17.4896	63.4891
-1.01225	-130.336	-17.5651	63.5398
-1.00559	-130.839	-17.645	63.5938
-0.99096	-131.333	-17.7219	63.647
-0.962629	-131.823	-17.7958	63.6998
-0.928924	-132.325	-17.8687	63.754
-0.877651	-132.835	-17.9413	63.8092
-0.838829	-133.341	-18.0095	63.8643
-0.776752	-133.83	-18.0743	63.9183
-0.713404	-134.317	-18.1368	63.9721
-0.658578	-134.777	-18.1894	64.0231
-0.568172	-135.265	-18.2485	64.0786
-0.494216	-135.736	-18.305	64.1315
-0.419915	-136.215	-18.3596	64.1861
-0.308108	-136.688	-18.4176	64.241
-0.230889	-137.171	-18.4766	64.2965
-0.120993	-137.639	-18.5391	64.3502
-0.0421311	-138.108	-18.6034	64.4045
0.0640182	-138.551	-18.6688	64.4563
0.190218	-139.006	-18.739	64.5103
0.274609	-139.455	-18.8112	64.5635
0.369766	-139.901	-18.8852	64.616
0.478982	-140.359	-18.9641	64.6698
0.562547	-140.832	-19.0499	64.7245
0.662521	-141.303	-19.1357	64.7792
0.75729	-141.764	-19.2218	64.8322
0.839538	-142.248	-19.3159	64.8868
0.933536	-142.733	-19.4068	64.9411
0.996009	-143.251	-19.5053	64.9978
1.06481	-143.751	-19.5969	65.0525
1.10568	-144.246	-19.6872	65.1062
1.14861	-144.743	-19.7718	65.1601
1.16643	-145.227	-19.8523	65.2128
1.17666	-145.727	-19.9326	65.2669
1.17399	-146.203	-20.007	65.3187
1.15937	-146.666	-20.077	65.369
1.13604	-147.176	-20.1511	65.4244
1.10268	-147.647	-20.2167	65.4758
1.06899	-148.114	-20.2811	65.5268
1.02515	-148.626	-20.3515	65.583
0.975664	-149.116	-20.4202	65.6367
0.909179	-149.622	-20.4892	65.693
0.854446	-150.109	-20.5564	65.7467
0.798368	-150.567	-20.6193	65.7982
0.715862	-151.06	-20.6866	65.8535
0.632153	-151.529	-20.7525	65.9073
0.529676	-151.989	-20.8175	65.9601
0.451593	-152.448	-20.8821	66.013
0.37309	-152.932	-20.9522	66.0682
0.259633	-153.39	-21.0194	66.1223
0.183283	-153.825	-21.0826	66.1734
0.0851872	-154.271	-21.1513	66.2258
-0.0154013	-154.715	-21.2222	66.2783
-0.116976	-155.15	-21.2947	66.33
-0.23138	-155.588	-21.3738	66.3832
-0.336052	-156.02	-21.4537	66.4343
-0.448453	-156.458	-21.5379	66.4858
-0.581828	-156.919	-21.627	66.5401
-0.665105	-157.416	-21.727	66.5957
-0.750595	-157.885	-21.8195	66.6475
-0.835166	-158.337	-21.9088	66.6978
-0.925585	-158.81	-21.9979	66.7492
-0.995451	-159.33	-22.0893	66.8052
-1.05909	-159.837	-22.1729	66.86
-1.0984	-160.304	-22.2484	66.9102
-1.12415	-160.816	-22.3314	66.9656
-1.14108	-161.322	-22.411	67.0204
-1.13966	-161.81	-22.4872	67.0734
-1.13007	-162.304	-22.5625	67.1266
-1.11125	-162.786	-22.6377	67.1793
-1.08187	-163.289	-22.7154	67.234
-1.04761	-163.777	-22.7894	67.287
-1.00459	-164.236	-22.8564	67.3371
-0.945102	-164.726	-22.9259	67.391
-0.901835	-165.233	-22.9949	67.4465
-0.835339	-165.719	-23.0595	67.5009
-0.784336	-166.22	-23.1233	67.5569
-0.697633	-166.716	-23.1882	67.613
-0.619521	-167.192	-23.2486	67.668
-0.507033	-167.645	-23.3066	67.7215
-0.425158	-168.131	-23.3643	67.7781
-0.297094	-168.57	-23.417	67.8306
-0.197632	-169.023	-23.47	67.8852
-0.0690445	-169.468	-23.5273	67.9394
0.0214184	-169.939	-23.5914	67.9955
0.137017	-170.371	-23.6588	68.0485
0.26432	-170.794	-23.7304	68.1008
0.375407	-171.236	-23.8149	68.1545
0.530416	-171.695	-23.906	68.2103
0.606594	-172.157	-24.0032	68.2635
0.696078	-172.614	-24.0934	68.3159
0.787572	-173.11	-24.1869	68.3718
0.840587	-173.593	-24.2774	68.4254
0.897432	-174.053	-24.3573	68.476
0.937675	-174.539	-24.4388	68.5294
0.972037	-175.034	-24.5224	68.5835
0.992948	-175.527	-24.6032	68.6371
1.00668	-176.016	-24.6819	68.6902
1.01021	-176.512	-24.7582	68.7443
1.00155	-176.995	-24.8299	68.797
0.983709	-177.463	-24.8964	68.8483
0.946155	-177.927	-24.9613	68.8997
0.911523	-178.411	-25.0284	68.9534
0.872123	-178.873	-25.0885	69.0047
0.805495	-179.332	-25.1489	69.0564
0.736902	-179.783	-25.2081	69.1074
0.650502	-180.281	-25.2723	69.1642
0.578648	-180.744	-25.334	69.2166
0.467756	-181.207	-25.3957	69.2698
0.373071	-181.665	-25.457	69.3227
0.287248	-182.153	-25.5208	69.3783
0.19744	-182.596	-25.5797	69.4297
0.0532161	-183.029	-25.6397	69.4818
-0.0478773	-183.495	-25.7087	69.5354
-0.192272	-183.985	-25.7853	69.5922
-0.290839	-184.437	-25.8613	69.6444
-0.397971	-184.873	-25.938	69.6951
-0.528149	-185.344	-26.0238	69.7503
-0.620025	-185.813	-26.1167	69.8042
-0.707206	-186.297	-26.2113	69.8593
-0.806532	-186.746	-26.3003	69.9103
-0.872267	-187.193	-26.3876	69.9603
-0.923129	-187.677	-26.4826	70.0146
-0.97896	-188.174	-26.5757	70.0695
-1.04242	-188.64	-26.6633	70.1203
-1.07751	-189.112	-26.7521	70.1709
-1.10848	-189.593	-26.8434	70.2222
-1.12791	-190.121	-26.9437	70.2783
-1.14025	-190.628	-27.0366	70.3324
-1.13626	-191.151	-27.1309	70.3879
-1.11534	-191.673	-27.2191	70.4435
-1.0817	-192.176	-27.3011	70.4975
-1.03194	-192.661	-27.3741	70.5502
-0.980186	-193.147	-27.4435	70.6032
-0.926395	-193.621	-27.5055	70.6553
-0.854903	-194.108	-27.5681	70.7101
-0.76228	-194.577	-27.6259	70.7633
-0.680081	-195.06	-27.6791	70.8179
-0.583491	-195.515	-27.729	70.8708
-0.498357	-195.987	-27.774	70.9257
-0.374344	-196.452	-27.822	70.981
-0.27712	-196.907	-27.867	71.0356
-0.174449	-197.339	-27.918	71.0871
-0.0436323	-197.79	-27.9792	71.1415
0.0209607	-198.276	-28.0547	71.1973
0.128854	-198.753	-28.1365	71.2531
0.195715	-199.217	-28.2249	71.3057
0.324532	-199.68	-28.3152	71.3611
0.382449	-200.149	-28.413	71.4149
0.459957	-200.606	-28.5066	71.4677
0.553822	-201.061	-28.5982	71.5212
0.618104	-201.517	-28.6879	71.5735
0.662203	-202.009	-28.782	71.6284
0.714534	-202.496	-28.8683	71.6822
0.750856	-202.976	-28.9535	71.735
0.778891	-203.451	-29.0337	71.7867
0.796342	-203.965	-29.116	71.8425
0.799206	-204.456	-29.1898	71.8954
0.786452	-204.97	-29.2643	71.951
0.772666	-205.475	-29.3309	72.0055
0.746336	-205.965	-29.3937	72.0591
0.692451	-206.456	-29.4551	72.1134
0.650801	-206.935	-29.5118	72.167
0.597317	-207.403	-29.5702	72.2197
0.508869	-207.851	-29.6249	72.2715
0.436263	-208.296	-29.6798	72.3228
0.368914	-208.766	-29.7367	72.3767
0.289839	-209.195	-29.7918	72.4271
0.203136	-209.633	-29.8508	72.4785
0.109526	-210.079	-29.9136	72.5307
-0.00100369	-210.537	-29.9819	72.5841
-0.0854004	-211.019	-30.0594	72.6389
-0.207708	-211.495	-30.1452	72.6923
-0.310421	-211.977	-30.2453	72.7457
-0.392247	-212.455	-30.3373	72.7986
-0.498567	-212.949	-30.4293	72.8537
-0.57557	-213.408	-30.5173	72.9052
-0.659402	-213.86	-30.5954	72.9563
-0.736648	-214.33	-30.6706	73.0092
-0.815909	-214.81	-30.7445	73.0631
-0.865475	-215.272	-30.8188	73.1149
-0.916566	-215.755	-30.9006	73.1694
-0.985538	-216.233	-30.9851	73.2232
-1.02154	-216.723	-31.0761	73.2778
-1.05365	-217.185	-31.1609	73.3285
-1.08716	-217.687	-31.2521	73.3837
-1.10671	-218.146	-31.3349	73.4339
-1.11606	-218.65	-31.4262	73.4887
-1.12503	-219.179	-31.5199	73.5456
-1.12525	-219.692	-31.6076	73.6011
-1.11451	-220.176	-31.6882	73.6536
-1.0974	-220.648	-31.767	73.705
-1.07004	-221.157	-31.851	73.7601
-1.03548	-221.66	-31.932	73.8148
-0.996792	-222.158	-32.0093	73.8691
-0.948084	-222.616	-32.0797	73.9193
-0.884681	-223.098	-32.1512	73.9726
-0.835753	-223.582	-32.217	74.0264
-0.772917	-224.062	-32.28	74.0801
-0.691072	-224.53	-32.3383	74.133
-0.626761	-225.017	-32.3942	74.1876
-0.554679	-225.492	-32.451	74.241
-0.453925	-225.968	-32.5106	74.2951
-0.378344	-226.431	-32.5682	74.3475
-0.301513	-226.878	-32.6269	74.3978
-0.202619	-227.351	-32.6924	74.4521
-0.114339	-227.796	-32.7584	74.5028
-0.051995	-228.287	-32.8358	74.5578
0.0588691	-228.763	-32.9144	74.6126
0.12757	-229.249	-32.9983	74.6675
0.223552	-229.742	-33.083	74.7234
0.285212	-230.215	-33.1682	74.7763
0.353547	-230.702	-33.2556	74.831
0.42279	-231.172	-33.3408	74.8836
0.466589	-231.64	-33.4282	74.9356
0.509156	-232.117	-33.5142	74.988
0.552913	-232.6	-33.5997	75.041
0.592222	-233.106	-33.6881	75.096
0.61129	-233.594	-33.7696	75.1489
0.627047	-234.061	-33.8463	75.2
0.635904	-234.555	-33.9264	75.2536
0.63285	-235.058	-34.0068	75.3079
0.613593	-235.583	-34.0878	75.3643
0.588938	-236.087	-34.162	75.4189
0.549406	-236.575	-34.232	75.4722
0.50821	-237.051	-34.2988	75.5245
0.46251	-237.567	-34.368	75.5814
0.400781	-238.041	-34.4307	75.634
0.345166	-238.514	-34.4893	75.6868
0.281738	-238.973	-34.548	75.7384
0.20855	-239.432	-34.6065	75.7902
0.115519	-239.875	-34.6631	75.8411
0.0459978	-240.329	-34.7229	75.8924
-0.0280046	-240.824	-34.7896	75.9479
-0.114355	-241.301	-34.8588	76.0015
-0.187799	-241.754	-34.9269	76.0526
-0.261312	-242.232	-35.0022	76.1062
-0.337894	-242.719	-35.0812	76.1602
-0.42926	-243.189	-35.1598	76.2132
-0.491926	-243.675	-35.244	76.2675
-0.570692	-244.128	-35.3225	76.3192
-0.646138	-244.572	-35.4008	76.3701
-0.742212	-245.022	-35.4819	76.422
-0.796343	-245.5	-35.5712	76.476
-0.886437	-245.949	-35.6555	76.5287
-0.961066	-246.432	-35.7462	76.5836
-1.01038	-246.916	-35.8423	76.638
-1.06276	-247.403	-35.9354	76.6921
-1.11439	-247.9	-36.0321	76.7471
-1.15214	-248.399	-36.1272	76.8015
-1.18235	-248.866	-36.2131	76.8518
-1.20919	-249.369	-36.3011	76.9059
-1.22302	-249.886	-36.3906	76.9616
-1.23057	-250.36	-36.4713	77.0126
-1.22093	-250.836	-36.5498	77.0636
-1.20542	-251.311	-36.6244	77.115
-1.18319	-251.825	-36.7009	77.1708
-1.12971	-252.329	-36.7689	77.2265
-1.0711	-252.822	-36.8334	77.2816
-0.994672	-253.305	-36.8905	77.3366
-0.93231	-253.773	-36.9474	77.3897
-0.82406	-254.24	-37.0032	77.4441
-0.751832	-254.702	-37.0541	77.4976
-0.668998	-255.156	-37.1071	77.5507
-0.548105	-255.616	-37.1609	77.6055
-0.471362	-256.093	-37.2153	77.6608
-0.359097	-256.545	-37.2714	77.7144
-0.267882	-256.99	-37.3274	77.7672
-0.172523	-257.459	-37.3947	77.822
-0.0627133	-257.933	-37.4683	77.8775
0.0384929	-258.404	-37.5475	77.9324
0.148513	-258.844	-37.6243	77.9833
0.237291	-259.311	-37.7101	78.0377
0.325064	-259.792	-37.7981	78.0928
0.413987	-260.269	-37.8871	78.1471
0.510209	-260.774	-37.9774	78.2037
0.584402	-261.249	-38.0626	78.2565
0.642301	-261.743	-38.1517	78.3104
0.699644	-262.215	-38.2324	78.3623
0.751455	-262.692	-38.3097	78.4141
0.786352	-263.181	-38.3863	78.4669
0.809822	-263.68	-38.4628	78.5206
0.831596	-264.191	-38.5397	78.5758
0.837462	-264.675	-38.6122	78.6278
0.836703	-265.164	-38.6871	78.6805
0.824211	-265.672	-38.7652	78.735
0.803036	-266.169	-38.8401	78.7886
0.76562	-266.684	-38.9181	78.844
0.735817	-267.169	-38.9895	78.8969
0.691855	-267.652	-39.0587	78.9498
0.628588	-268.139	-39.1261	79.0038
0.579046	-268.643	-39.193	79.0591
0.524521	-269.112	-39.2548	79.1116
0.446873	-269.575	-39.3161	79.1639
0.376848	-270.025	-39.3766	79.2156
0.31161	-270.473	-39.4352	79.267
0.226013	-270.91	-39.4929	79.3182
0.146495	-271.377	-39.556	79.3721
0.0246692	-271.845	-39.6182	79.4275
-0.0603679	-272.305	-39.6849	79.4808
-0.150131	-272.741	-39.7497	79.5314
-0.275353	-273.194	-39.819	79.5848
-0.365299	-273.646	-39.8923	79.6368
-0.437398	-274.145	-39.9778	79.6924
-0.53222	-274.618	-40.0619	79.7449
-0.609325	-275.087	-40.148	79.7968
-0.671	-275.55	-40.2386	79.8474
-0.729508	-276.046	-40.3331	79.9013
-0.794334	-276.533	-40.425	79.9538
-0.837928	-277.051	-40.5206	80.01
-0.879261	-277.51	-40.6029	80.06
-0.922422	-278.005	-40.6901	80.1139
-0.949205	-278.52	-40.7818	80.1695
-0.974971	-279.023	-40.8685	80.224
-0.982591	-279.541	-40.9579	80.2801
-0.988067	-280.012	-41.0376	80.3306
-0.984679	-280.527	-41.1237	80.3865
-0.96285	-281.003	-41.204	80.4375
-0.939116	-281.478	-41.2812	80.4889
-0.90942	-281.958	-41.3602	80.5405
-0.87372	-282.436	-41.4404	80.592
-0.829668	-282.948	-41.5262	80.6475
-0.791721	-283.429	-41.6025	80.6993
-0.741209	-283.893	-41.6725	80.7503
-0.66803	-284.389	-41.744	80.8054
-0.622462	-284.877	-41.8089	80.86
-0.528243	-285.341	-41.871	80.9137
-0.453191	-285.808	-41.9334	80.9674
-0.376736	-286.273	-41.9927	81.0207
-0.272266	-286.706	-42.0464	81.0711
-0.156121	-287.192	-42.1058	81.1277
-0.068214	-287.647	-42.164	81.1807
0.0551728	-288.087	-42.2221	81.2336
0.153677	-288.514	-42.282	81.2837
0.238524	-288.965	-42.3487	81.3366
0.311998	-289.411	-42.4176	81.3879
0.436098	-289.896	-42.4959	81.4449
0.498213	-290.369	-42.577	81.4988
0.592904	-290.848	-42.6604	81.5532
0.667486	-291.352	-42.7499	81.6093
0.73196	-291.833	-42.8316	81.663
0.802472	-292.304	-42.9111	81.7156
0.848732	-292.778	-42.993	81.768
0.888556	-293.256	-43.0727	81.8201
0.921484	-293.728	-43.149	81.8715
0.951272	-294.232	-43.2292	81.9261
0.963153	-294.725	-43.3086	81.9791
0.967404	-295.222	-43.3896	82.0327
0.957912	-295.698	-43.4671	82.0842
0.940313	-296.203	-43.5491	82.1388
0.912502	-296.701	-43.6287	82.1931
0.876593	-297.209	-43.707	82.2483
0.831716	-297.698	-43.7788	82.3022
0.756229	-298.166	-43.8452	82.355
0.695901	-298.647	-43.911	82.4092
0.591543	-299.129	-43.9769	82.4645
0.508224	-299.588	-44.0384	82.5175
0.423724	-300.038	-44.0967	82.5705
0.336094	-300.472	-44.1551	82.6221
0.202696	-300.902	-44.2125	82.6745
0.103355	-301.335	-44.2698	82.7267
-0.00446074	-301.751	-44.3256	82.7776
-0.106754	-302.168	-44.3841	82.8282
-0.213464	-302.619	-44.452	82.8822
-0.315238	-303.046	-44.5183	82.9337
-0.440974	-303.459	-44.5849	82.9846
-0.53403	-303.922	-44.6642	83.0388
-0.624573	-304.388	-44.7473	83.0924
-0.736754	-304.878	-44.8366	83.148
-0.817612	-305.346	-44.9275	83.2007
-0.889123	-305.839	-45.0203	83.2551
-0.979698	-306.303	-45.1081	83.3061
-1.04493	-306.801	-45.2021	83.3599
-1.10166	-307.265	-45.2857	83.41
-1.14857	-307.737	-45.37	83.4605
-1.19666	-308.247	-45.461	83.5154
-1.22802	-308.766	-45.5517	83.5709
-1.25412	-309.289	-45.6376	83.6271
-1.26414	-309.799	-45.7193	83.6815
-1.26817	-310.305	-45.8001	83.7358
-1.25884	-310.778	-45.8759	83.7862
-1.23835	-311.255	-45.9509	83.8374
-1.20775	-311.746	-46.0247	83.8896
-1.17042	-312.225	-46.0963	83.941
-1.12489	-312.709	-46.1675	83.9932
-1.07296	-313.226	-46.2402	84.0494
-1.01971	-313.717	-46.3088	84.1037
-0.960483	-314.171	-46.3714	84.1537
-0.896796	-314.634	-46.432	84.205
-0.804889	-315.093	-46.4881	84.2571
-0.737022	-315.581	-46.5435	84.3125
-0.637239	-316.046	-46.6002	84.3661
-0.555698	-316.517	-46.655	84.4202
-0.46595	-316.979	-46.711	84.474
-0.345884	-317.449	-46.7681	84.5303
-0.236477	-317.926	-46.8348	84.5855
-0.141448	-318.394	-46.904	84.64
-0.0514319	-318.855	-46.977	84.6934
0.0563498	-319.339	-47.0591	84.7491
0.134085	-319.802	-47.1404	84.8018
0.231697	-320.27	-47.225	84.8545
0.302233	-320.762	-47.3173	84.9096
0.364447	-321.249	-47.4069	84.9639
0.435188	-321.731	-47.4951	85.0179
0.477671	-322.195	-47.58	85.0683
0.510193	-322.697	-47.6713	85.1228
0.55481	-323.182	-47.7565	85.1757
0.575727	-323.667	-47.8417	85.228
0.589484	-324.141	-47.9264	85.2791
0.597201	-324.626	-48.0106	85.3314
0.596305	-325.123	-48.0955	85.385
0.584296	-325.631	-48.1821	85.4398
0.564455	-326.114	-48.2614	85.492
0.532998	-326.583	-48.3349	85.5433
0.492812	-327.046	-48.4038	85.5939
0.431385	-327.515	-48.47	85.646
0.380248	-327.965	-48.5301	85.6963
0.326546	-328.454	-48.5916	85.751
0.271549	-328.919	-48.649	85.8033
0.170833	-329.377	-48.7036	85.8566
0.113625	-329.881	-48.7617	85.9139
0.0176239	-330.34	-48.8168	85.9679
-0.0546208	-330.782	-48.868	86.0191
-0.133239	-331.24	-48.9294	86.0723
-0.248175	-331.675	-48.9916	86.1242
-0.324971	-332.123	-49.0598	86.1758
-0.408726	-332.58	-49.1346	86.2285
-0.474896	-333.049	-49.2167	86.2817
-0.575135	-333.512	-49.2995	86.3345
-0.659239	-333.967	-49.3826	86.3861
-0.734711	-334.44	-49.4722	86.4396
-0.800495	-334.926	-49.5614	86.4936
-0.878522	-335.405	-49.6502	86.5468
-0.939544	-335.894	-49.7427	86.6006
-0.997263	-336.374	-49.8297	86.6537
-1.0593	-336.838	-49.913	86.7049
-1.09944	-337.335	-49.9995	86.759
-1.13646	-337.813	-50.0828	86.8106
-1.16598	-338.273	-50.1624	86.8606
-1.18751	-338.774	-50.2478	86.9148
-1.19855	-339.279	-50.3327	86.9692
-1.2002	-339.782	-50.4148	87.0237
-1.19159	-340.257	-50.491	87.0747
-1.16885	-340.769	-50.5686	87.13
-1.14284	-341.274	-50.6416	87.1849
-1.09569	-341.779	-50.7116	87.2405
-1.05091	-342.25	-50.7777	87.2923
-1.00984	-342.706	-50.8404	87.3428
-0.953538	-343.16	-50.9024	87.3936
-0.8731	-343.629	-50.9655	87.4461
-0.798391	-344.072	-51.0227	87.4965
-0.725321	-344.554	-51.0814	87.5512
-0.646183	-345	-51.1359	87.602
-0.558827	-345.468	-51.1951	87.655
-0.446296	-345.908	-51.2505	87.7057
-0.356345	-346.398	-51.3111	87.7619
-0.247719	-346.87	-51.374	87.8166
-0.16067	-347.343	-51.4391	87.8714
-0.0767721	-347.792	-51.5073	87.9235
0.0230995	-348.281	-51.5871	87.9799
0.106722	-348.729	-51.6645	88.0321
0.18449	-349.19	-51.7475	88.0853
0.274727	-349.646	-51.8326	88.1379
0.323011	-350.114	-51.9241	88.1901
0.380037	-350.588	-52.0129	88.243
0.426988	-351.064	-52.1007	88.2951
0.484488	-351.553	-52.1873	88.3489
0.524409	-352.043	-52.2741	88.4026
0.564825	-352.547	-52.3599	88.4572
0.582292	-353.075	-52.4478	88.5139
0.596369	-353.564	-52.5257	88.5667
0.599682	-354.045	-52.6008	88.6192
0.594958	-354.514	-52.6714	88.6707
0.579221	-354.981	-52.7404	88.7217
0.555731	-355.443	-52.8064	88.7726
0.503671	-355.931	-52.8739	88.8263
0.461405	-356.423	-52.9385	88.881
0.414195	-356.883	-52.9986	88.9321
0.35729	-357.333	-53.0559	88.9828
0.285449	-357.797	-53.1144	89.0347
0.200799	-358.252	-53.1721	89.0868
0.139943	-358.733	-53.2328	89.1408
0.0655898	-359.205	-53.2962	89.1953
-0.00705176	-359.683	-53.3601	89.2505
-0.0793977	-360.153	-53.4246	89.3051
-0.17691	-360.596	-53.4868	89.3566
-0.235663	-361.091	-53.5593	89.4132
-0.332217	-361.541	-53.63	89.4658
-0.411122	-361.988	-53.7058	89.5176
-0.497514	-362.435	-53.7862	89.5694
-0.570271	-362.885	-53.8758	89.6205
-0.654439	-363.346	-53.9684	89.6724
-0.737933	-363.802	-54.0629	89.7235
-0.847185	-364.283	-54.1619	89.7769
-0.924126	-364.747	-54.2579	89.8279
-0.998285	-365.223	-54.354	89.8803
-1.06082	-365.705	-54.4508	89.9326
-1.10969	-366.181	-54.5393	89.9841
-1.15012	-366.659	-54.6235	90.0364
-1.17034	-367.135	-54.7043	90.0881
-1.17783	-367.65	-54.7894	90.1443
-1.17354	-368.121	-54.8641	90.1957
-1.15706	-368.604	-54.938	90.2482
-1.13097	-369.113	-55.0144	90.3042
-1.09169	-369.624	-55.0926	90.3597
-1.05364	-370.113	-55.1664	90.4128
-1.00851	-370.598	-55.2377	90.4658
-0.934147	-371.052	-55.3014	90.516
-0.870298	-371.547	-55.3678	90.5711
-0.801247	-371.994	-55.4272	90.6212
-0.738555	-372.485	-55.4923	90.6763
-0.648908	-372.972	-55.5537	90.7325
-0.573313	-373.425	-55.6107	90.7841
-0.457786	-373.905	-55.6706	90.8405
-0.373721	-374.36	-55.7227	90.8934
-0.288116	-374.805	-55.7797	90.9452
-0.201613	-375.234	-55.8376	90.9955
-0.101796	-375.699	-55.9051	91.0509
0.010716	-376.164	-55.9796	91.1056
0.116131	-376.606	-56.0554	91.1571
0.193395	-377.09	-56.1446	91.2128
0.286704	-377.56	-56.2319	91.2664
0.364243	-378.041	-56.3247	91.3209
0.427958	-378.515	-56.4129	91.3735
0.502316	-379.01	-56.5031	91.4282
0.557947	-379.468	-56.5844	91.4787
0.597175	-379.94	-56.6643	91.5306
0.62442	-380.405	-56.7381	91.5819
0.643071	-380.884	-56.812	91.6338
0.652503	-381.376	-56.8868	91.6875
0.648147	-381.893	-56.9647	91.7437
0.634503	-382.372	-57.0365	91.7957
0.608046	-382.86	-57.1086	91.849
0.572969	-383.35	-57.1797	91.9023
0.535527	-383.824	-57.2483	91.9535
0.471836	-384.313	-57.3182	92.0072
0.418198	-384.793	-57.3844	92.0601
0.363956	-385.255	-57.4435	92.1114
0.30078	-385.705	-57.5012	92.1623
0.23316	-386.156	-57.558	92.2138
0.154631	-386.609	-57.6138	92.2658
0.0520841	-387.062	-57.6691	92.3186
-0.042993	-387.502	-57.7228	92.3705
-0.111947	-387.965	-57.781	92.4236
-0.238564	-388.443	-57.8484	92.4794
-0.328243	-388.881	-57.9146	92.5306
-0.417489	-389.354	-57.9935	92.5851
-0.53317	-389.818	-58.0747	92.639
-0.618638	-390.28	-58.1624	92.6922
-0.696334	-390.735	-58.2492	92.7437
-0.809182	-391.211	-58.34	92.7978
-0.879163	-391.691	-58.4339	92.8512
-0.952873	-392.143	-58.5189	92.9018
-1.01999	-392.597	-58.6033	92.9526
-1.07736	-393.058	-58.6884	93.0033
-1.13226	-393.517	-58.7705	93.0535
-1.17841	-393.992	-58.8537	93.1052
-1.21406	-394.457	-58.933	93.1555
-1.24926	-394.932	-59.0122	93.2069
-1.26681	-395.409	-59.0906	93.2587
-1.27259	-395.879	-59.1674	93.3096
-1.27078	-396.379	-59.2462	93.3636
-1.26003	-396.853	-59.3199	93.4149
-1.23584	-397.334	-59.393	93.4675
-1.21021	-397.802	-59.4618	93.5186
-1.1774	-398.252	-59.5265	93.5687
-1.1331	-398.71	-59.5913	93.6198
-1.08192	-399.164	-59.6543	93.6707
-1.02988	-399.618	-59.715	93.7219
-0.938162	-400.108	-59.7816	93.778
-0.864139	-400.586	-59.8429	93.8332
-0.764266	-401.055	-59.904	93.8877
-0.686755	-401.536	-59.9627	93.9431
-0.592003	-401.98	-60.0175	93.995
-0.507194	-402.42	-60.0721	94.0453
-0.417663	-402.859	-60.1279	94.0953
-0.298715	-403.319	-60.1887	94.1487
-0.191619	-403.767	-60.2496	94.2003
-0.108633	-404.219	-60.3113	94.2515
-0.0283828	-404.662	-60.376	94.302
0.059041	-405.144	-60.4515	94.3562
0.16203	-405.629	-60.5329	94.4118
0.24579	-406.121	-60.6182	94.4674
0.350693	-406.576	-60.7007	94.5191
0.412126	-407.059	-60.7921	94.573
0.478656	-407.506	-60.8755	94.6232
0.5405	-407.981	-60.9632	94.6769
0.606251	-408.449	-61.0498	94.7299
0.640857	-408.912	-61.1348	94.7814
0.667112	-409.395	-61.2241	94.8349
0.697547	-409.887	-61.3113	94.889
0.698849	-410.392	-61.3998	94.9436
0.699981	-410.873	-61.4803	94.9959
0.690615	-411.364	-61.5592	95.0491
0.671273	-411.868	-61.6387	95.1036
0.645277	-412.337	-61.7102	95.1543
0.595818	-412.853	-61.7859	95.2102
0.557424	-413.338	-61.8529	95.2634
0.503672	-413.807	-61.9158	95.3156
0.425062	-414.293	-61.9775	95.3702
0.377448	-414.792	-62.0342	95.4259
0.264864	-415.244	-62.0846	95.4791
0.194298	-415.699	-62.1347	95.5319
0.116712	-416.134	-62.1777	95.5839
0.0275841	-416.554	-62.2253	95.6349
-0.0933927	-416.993	-62.2818	95.6885
-0.188694	-417.434	-62.3454	95.7413
-0.263487	-417.879	-62.4143	95.7938
-0.357229	-418.3	-62.4857	95.8446
-0.441804	-418.726	-62.5646	95.8947
-0.559869	-419.186	-62.6531	95.9483
-0.63581	-419.635	-62.7418	95.9996
-0.70554	-420.109	-62.8401	96.0529
-0.773224	-420.571	-62.9327	96.1051
-0.841354	-421.019	-63.0205	96.1557
-0.905147	-421.467	-63.1079	96.2067
-0.971366	-421.944	-63.1981	96.2597
-1.01422	-422.415	-63.2853	96.3118
-1.04824	-422.87	-63.3673	96.3622
-1.07303	-423.367	-63.4545	96.4171
-1.09564	-423.826	-63.5309	96.4673
-1.1048	-424.286	-63.6075	96.5175
-1.10685	-424.75	-63.6853	96.5679
-1.10123	-425.264	-63.7688	96.6239
-1.08182	-425.739	-63.8408	96.6757
-1.0529	-426.192	-63.9048	96.7259
-1.01029	-426.644	-63.9655	96.7762
-0.941223	-427.105	-64.0246	96.8284
-0.876353	-427.56	-64.0815	96.88
-0.819679	-428.02	-64.1384	96.9319
-0.744279	-428.458	-64.1891	96.9829
-0.662592	-428.9	-64.2428	97.034
-0.581541	-429.342	-64.2958	97.0852
-0.504937	-429.795	-64.3514	97.1374
-0.397974	-430.229	-64.4063	97.1885
-0.318655	-430.673	-64.465	97.2393
-0.233319	-431.117	-64.5271	97.2902
-0.15667	-431.597	-64.5971	97.3452
-0.050124	-432.062	-64.6678	97.3996
0.029109	-432.532	-64.744	97.454
0.106205	-432.974	-64.8191	97.5048
0.187667	-433.412	-64.896	97.5552
0.291112	-433.889	-64.9816	97.6107
0.352941	-434.377	-65.0737	97.6656
0.415756	-434.849	-65.1618	97.7181
0.467958	-435.313	-65.2489	97.7691
0.527566	-435.783	-65.3361	97.8211
0.56901	-436.249	-65.4209	97.872
0.596922	-436.76	-65.5129	97.928
0.624572	-437.231	-65.5927	97.9791
0.651474	-437.71	-65.6706	98.0309
0.662423	-438.179	-65.7439	98.0818
0.663579	-438.673	-65.8171	98.1356
0.660112	-439.155	-65.8871	98.1881
0.646024	-439.634	-65.9554	98.2403
0.631749	-440.13	-66.0238	98.294
0.598589	-440.628	-66.094	98.3483
0.58104	-441.097	-66.1584	98.3991
0.548076	-441.583	-66.2229	98.4528
0.514959	-442.068	-66.2892	98.5063
0.482035	-442.521	-66.3517	98.5563
0.428796	-443.031	-66.4232	98.6131
0.395099	-443.51	-66.4936	98.6657
0.351453	-443.974	-66.5645	98.7171
0.30655	-444.427	-66.6362	98.7676
0.252415	-444.929	-66.7181	98.8229
0.230869	-445.401	-66.7983	98.8743
0.174805	-445.907	-66.8839	98.9297
0.148861	-446.403	-66.9703	98.9838
0.123178	-446.899	-67.0554	99.0376
0.0878753	-447.391	-67.1385	99.0908
0.0699527	-447.888	-67.2218	99.1442
0.0515664	-448.358	-67.2988	99.1945
0.0394673	-448.839	-67.375	99.2463
0.0326881	-449.322	-67.4491	99.2981
0.0288131	-449.834	-67.5253	99.3527
0.0330177	-450.332	-67.5969	99.4058
0.0441724	-450.843	-67.6707	99.4604
0.0516408	-451.322	-67.739	99.5112
0.0530233	-451.823	-67.8098	99.5649
0.0684399	-452.322	-67.8823	99.6188
0.0710758	-452.855	-67.9618	99.6763
0.0815838	-453.362	-68.0414	99.7315
0.0763459	-453.852	-68.1232	99.7848
0.076672	-454.342	-68.208	99.8381
0.081234	-454.816	-68.2918	99.8894
0.0734452	-455.291	-68.376	99.9406
0.0613145	-455.782	-68.4636	99.9931
0.0491728	-456.262	-68.5534	100.044
0.0439385	-456.74	-68.6387	100.095
0.0410849	-457.216	-68.7206	100.147
0.0372593	-457.696	-68.8004	100.199
0.0374822	-458.193	-68.8799	100.253
0.0444541	-458.684	-68.9568	100.307
0.0442193	-459.146	-69.0254	100.357
0.0330127	-459.653	-69.0983	100.413
0.0268531	-460.148	-69.1669	100.468
0.00669412	-460.614	-69.2336	100.52
-0.00691709	-461.065	-69.2985	100.571
-0.0220761	-461.56	-69.3701	100.626
-0.0630075	-462.045	-69.4428	100.681
-0.0932932	-462.515	-69.513	100.734
-0.135041	-462.99	-69.5834	100.787
-0.197263	-463.465	-69.6527	100.84
-0.244583	-463.952	-69.722	100.895
-0.306545	-464.432	-69.7899	100.948
-0.383634	-464.892	-69.8543	101
-0.45115	-465.382	-69.9234	101.055
-0.512751	-465.873	-69.9955	101.11
-0.587966	-466.366	-70.0691	101.164
-0.6454	-466.882	-70.1476	101.22
-0.713682	-467.37	-70.2234	101.274
-0.763091	-467.872	-70.3023	101.328
-0.817288	-468.38	-70.3805	101.384
-0.856392	-468.872	-70.4542	101.438
-0.901812	-469.359	-70.5283	101.491
-0.936551	-469.854	-70.6052	101.545
-0.965904	-470.337	-70.6824	101.598
-1.00224	-470.828	-70.7625	101.651
-1.02617	-471.32	-70.846	101.705
-1.05643	-471.815	-70.9303	101.758
-1.09399	-472.324	-71.0182	101.812
-1.12502	-472.821	-71.1085	101.866
-1.15288	-473.318	-71.1976	101.919
-1.18086	-473.804	-71.2841	101.971
-1.19739	-474.303	-71.3712	102.024
-1.20793	-474.813	-71.4611	102.078
-1.21278	-475.283	-71.5422	102.129
-1.21019	-475.773	-71.6249	102.181
-1.19972	-476.291	-71.7091	102.237
-1.17475	-476.805	-71.7906	102.292
-1.15558	-477.309	-71.8701	102.347
-1.11828	-477.807	-71.9472	102.401
-1.08233	-478.316	-72.0237	102.456
-1.03722	-478.777	-72.0912	102.506
-0.963695	-479.295	-72.1671	102.563
-0.903874	-479.757	-72.2329	102.614
-0.847338	-480.251	-72.2975	102.668
-0.76983	-480.7	-72.3533	102.718
-0.67197	-481.19	-72.4145	102.774
-0.606295	-481.642	-72.4697	102.825
-0.528224	-482.101	-72.5331	102.876
-0.457934	-482.554	-72.6025	102.927
-0.399297	-483.026	-72.6821	102.979
-0.349052	-483.487	-72.766	103.029
-0.268474	-483.971	-72.8581	103.083
-0.232374	-484.449	-72.9543	103.135
-0.19649	-484.906	-73.0433	103.185
-0.165475	-485.374	-73.1321	103.235
-0.141884	-485.873	-73.2229	103.289
-0.115136	-486.379	-73.3126	103.344
-0.107253	-486.86	-73.3985	103.395
-0.101551	-487.38	-73.4871	103.451
-0.10041	-487.894	-73.5739	103.506
-0.12302	-488.419	-73.6569	103.563
-0.143621	-488.925	-73.7306	103.617
-0.174157	-489.409	-73.7962	103.67
-0.224714	-489.886	-73.8552	103.722
-0.260286	-490.34	-73.907	103.772
-0.302254	-490.793	-73.9566	103.823
-0.358437	-491.261	-74.0055	103.875
-0.421995	-491.741	-74.063	103.928
-0.488224	-492.192	-74.1197	103.978
-0.569604	-492.688	-74.1866	104.034
-0.632639	-493.173	-74.2545	104.089
-0.734953	-493.657	-74.3274	104.144
-0.805827	-494.126	-74.3993	104.197
-0.875046	-494.607	-74.474	104.251
-0.97331	-495.095	-74.5531	104.305
-1.05191	-495.59	-74.6361	104.361
-1.12306	-496.078	-74.7181	104.415
-1.18371	-496.56	-74.7975	104.468
-1.25042	-497.035	-74.8779	104.522
-1.29996	-497.523	-74.9629	104.576
-1.36075	-498.037	-75.0504	104.632
-1.40155	-498.518	-75.1332	104.685
-1.43116	-498.983	-75.2156	104.735
-1.45726	-499.456	-75.2974	104.786
