x	y	z	t
0.345172	450.133	73.3345	0.0512979
0.277727	449.625	73.2534	0.107318
0.216319	449.144	73.179	0.159904
0.160221	448.674	73.1077	0.211625
0.086555	448.192	73.0334	0.265043
0.0343111	447.708	72.9558	0.318659
-0.0327229	447.198	72.8731	0.374767
-0.0721542	446.714	72.7941	0.427479
-0.112183	446.226	72.7128	0.480738
-0.176824	445.738	72.6281	0.534316
-0.203078	445.253	72.5393	0.587251
-0.239262	444.786	72.4527	0.638075
-0.265731	444.307	72.3638	0.689752
-0.292475	443.801	72.2732	0.744171
-0.293633	443.312	72.1836	0.796489
-0.300218	442.831	72.0991	0.848088
-0.300401	442.315	72.0125	0.903186
-0.299393	441.823	71.933	0.956057
-0.297151	441.306	71.8492	1.0113
-0.281255	440.814	71.7731	1.06434
-0.275775	440.319	71.7035	1.11747
-0.262576	439.833	71.6384	1.16991
-0.218525	439.33	71.5731	1.22508
-0.197107	438.809	71.508	1.28147
-0.130551	438.348	71.4502	1.33288
-0.0769264	437.876	71.3892	1.38565
-0.0367731	437.417	71.3317	1.43694
0.0207945	436.961	71.2708	1.48822
0.0898834	436.492	71.2043	1.54128
0.166643	435.988	71.1265	1.59733
0.22197	435.53	71.0523	1.64806
0.278217	435.067	70.9757	1.69937
0.354187	434.579	70.8941	1.75361
0.413578	434.101	70.8118	1.80617
0.47341	433.579	70.7215	1.86271
0.543606	433.079	70.6369	1.91707
0.596236	432.6	70.5581	1.96905
0.649106	432.12	70.4796	2.02132
0.704238	431.624	70.4006	2.07483
0.749334	431.131	70.3225	2.12791
0.791044	430.663	70.2485	2.1785
0.825933	430.195	70.1744	2.22897
0.855149	429.73	70.1015	2.27924
0.880305	429.257	70.0274	2.33013
0.907019	428.738	69.9474	2.38558
0.924507	428.217	69.8665	2.44124
0.936222	427.746	69.7899	2.4915
0.943106	427.215	69.7019	2.54767
0.949968	426.669	69.6106	2.60561
0.944642	426.193	69.5305	2.65592
0.935086	425.721	69.4519	2.70705
0.934479	425.253	69.3753	2.75758
0.930801	424.737	69.2916	2.81338
0.921358	424.262	69.2143	2.86455
0.916071	423.781	69.1388	2.91625
0.920856	423.267	69.0599	2.97174
0.908145	422.761	68.9809	3.02673
0.906635	422.271	68.9041	3.07994
0.898574	421.786	68.8299	3.13288
0.881533	421.267	68.7525	3.18913
0.861269	420.763	68.6766	3.24387
0.823776	420.255	68.5992	3.29964
0.785413	419.768	68.5261	3.3529
0.731996	419.269	68.453	3.40751
0.67401	418.742	68.3717	3.46491
0.620017	418.216	68.2891	3.522
0.565879	417.753	68.2158	3.57214
0.504154	417.251	68.1343	3.6266
0.444908	416.757	68.0497	3.68006
0.385032	416.29	67.9721	3.73052
0.318721	415.776	67.8891	3.7862
0.277789	415.272	67.8096	3.84074
0.2252	414.783	67.7354	3.89385
0.185587	414.29	67.6616	3.9474
0.144227	413.825	67.5917	3.99806
0.10407	413.329	67.5155	4.05174
0.0479912	412.851	67.4418	4.10376
0.00819748	412.357	67.3651	4.15736
-0.0414561	411.853	67.2847	4.2118
-0.101767	411.364	67.2055	4.26503
-0.150476	410.884	67.1273	4.31717
-0.196172	410.367	67.0425	4.3732
-0.254689	409.871	66.9613	4.42705
-0.298261	409.389	66.8835	4.47966
-0.339942	408.902	66.8073	4.53271
-0.382076	408.437	66.7361	4.58288
-0.430882	407.954	66.6619	4.63531
-0.464617	407.477	66.5881	4.68705
-0.48891	407.01	66.5151	4.73772
-0.517803	406.537	66.44	4.78905
-0.541623	406.066	66.3646	4.84016
-0.561952	405.589	66.2878	4.89208
-0.581643	405.076	66.2034	4.94758
-0.586994	404.612	66.1255	4.9981
-0.588482	404.146	66.0457	5.04832
-0.590492	403.627	65.9578	5.1039
-0.578219	403.134	65.8736	5.15721
-0.558288	402.613	65.779	5.21311
-0.525012	402.127	65.6905	5.26539
-0.493848	401.66	65.6099	5.3165
-0.466188	401.176	65.5359	5.3694
-0.426308	400.694	65.4673	5.42285
-0.363307	400.237	65.4069	5.47505
-0.315088	399.785	65.3496	5.52687
-0.274635	399.349	65.2963	5.57768
-0.208959	398.874	65.2316	5.63335
-0.115314	398.41	65.1675	5.68911
-0.0373359	397.962	65.0987	5.74051
0.0310666	397.49	65.0207	5.79381
0.116374	397.006	64.9389	5.84774
0.182802	396.511	64.8555	5.90167
0.25826	396.039	64.7758	5.95258
0.342011	395.518	64.6906	6.00864
0.408927	395.03	64.6116	6.06114
0.466267	394.538	64.5297	6.11364
0.529167	394.017	64.4434	6.16922
0.576115	393.548	64.3685	6.21938
0.613683	393.071	64.292	6.27057
0.638853	392.595	64.2125	6.32152
0.659769	392.099	64.1287	6.37497
0.663182	391.597	64.04	6.4293
0.658202	391.108	63.9543	6.48207
0.633931	390.61	63.8686	6.5356
0.618481	390.087	63.7834	6.59174
0.575849	389.575	63.7061	6.64759
0.558205	389.104	63.64	6.69973
0.52584	388.622	63.5729	6.75283
0.480893	388.114	63.5062	6.80903
0.420671	387.61	63.4381	6.86511
0.370235	387.15	63.3733	6.91583
0.312553	386.695	63.3057	6.96589
0.261117	386.203	63.2309	7.01986
0.188135	385.715	63.1526	7.07381
0.114297	385.249	63.0761	7.12409
0.0216821	384.744	62.9916	7.17885
-0.055999	384.231	62.9071	7.23397
-0.148962	383.754	62.8293	7.28582
-0.226402	383.276	62.752	7.33785
-0.307733	382.805	62.6771	7.38888
-0.382371	382.32	62.6016	7.44124
-0.453318	381.834	62.5225	7.49374
-0.532692	381.349	62.4417	7.54582
-0.593024	380.855	62.3606	7.59871
-0.644129	380.366	62.2817	7.65135
-0.69804	379.871	62.2015	7.70479
-0.730919	379.377	62.1227	7.75796
-0.753369	378.898	62.0456	7.80986
-0.767841	378.421	61.9672	7.86135
-0.780304	377.922	61.8838	7.91498
-0.776624	377.43	61.8002	7.96799
-0.758632	376.96	61.7176	8.01859
-0.73964	376.494	61.635	8.06892
-0.715687	375.982	61.5442	8.12438
-0.682556	375.516	61.461	8.17504
-0.644376	375.032	61.3761	8.22755
-0.601941	374.549	61.2944	8.27969
-0.559341	374.077	61.2231	8.33138
-0.494013	373.586	61.1574	8.38669
-0.449931	373.111	61.1076	8.44012
-0.383001	372.667	61.0686	8.49149
-0.279606	372.201	61.0298	8.54622
-0.223352	371.746	60.9997	8.59918
-0.158759	371.315	60.9628	8.65014
-0.0906164	370.871	60.9167	8.70144
-0.014235	370.426	60.8571	8.75306
0.0756477	369.951	60.7846	8.8069
0.145222	369.492	60.7073	8.8586
0.224941	368.984	60.6183	8.9153
0.311477	368.477	60.526	8.97112
0.399877	367.98	60.4358	9.02647
0.457488	367.459	60.3402	9.0829
0.5129	366.994	60.2566	9.13295
0.560088	366.528	60.1752	9.18337
0.608301	366.019	60.0858	9.23846
0.638999	365.547	59.999	9.28905
0.663437	365.065	59.9116	9.34035
0.678259	364.54	59.8178	9.39645
0.680829	364.065	59.7332	9.44708
0.683139	363.542	59.6435	9.50316
0.659485	363.033	59.5643	9.5581
0.651261	362.51	59.4916	9.61464
0.623124	362.039	59.4317	9.66606
0.578344	361.533	59.3769	9.72184
0.534223	361.053	59.3274	9.77506
0.450963	360.575	59.2795	9.829
0.388364	360.116	59.237	9.88068
0.320493	359.638	59.18	9.93363
0.233331	359.159	59.1159	9.98671
0.17346	358.663	59.0423	10.0406
0.106097	358.175	58.9644	10.0931
0.0206844	357.655	58.8784	10.1489
-0.0513618	357.139	58.7911	10.2036
-0.119851	356.66	58.7091	10.2541
-0.202714	356.117	58.616	10.3115
-0.268077	355.62	58.5323	10.3649
-0.344442	355.117	58.4465	10.4189
-0.405409	354.633	58.364	10.4699
-0.461744	354.132	58.282	10.5238
-0.506463	353.657	58.2064	10.5749
-0.555118	353.173	58.1289	10.6269
-0.587522	352.708	58.0527	10.6771
-0.612974	352.223	57.9724	10.7293
-0.629848	351.732	57.8912	10.7819
-0.639814	351.238	57.8094	10.8351
-0.655848	350.773	57.7305	10.8853
-0.653715	350.307	57.6494	10.9358
-0.662663	349.817	57.5648	10.9889
-0.649021	349.347	57.4824	11.0395
-0.640907	348.843	57.395	11.0937
-0.625517	348.363	57.3106	11.1454
-0.611381	347.891	57.2293	11.1962
-0.58524	347.424	57.1542	11.2472
-0.5478	346.937	57.0806	11.3001
-0.517274	346.466	57.0103	11.3514
-0.48596	345.997	56.9432	11.4023
-0.444992	345.489	56.8736	11.4574
-0.417453	345.025	56.8128	11.5077
-0.38486	344.564	56.7542	11.5581
-0.359718	344.089	56.7014	11.6109
-0.332309	343.618	56.6459	11.6632
-0.297772	343.167	56.591	11.7142
-0.242682	342.682	56.5297	11.7693
-0.216415	342.192	56.468	11.8244
-0.172639	341.749	56.405	11.8744
-0.125902	341.296	56.3355	11.9252
-0.0608933	340.824	56.2593	11.9785
-0.0184723	340.357	56.18	12.0306
0.0276903	339.894	56.0999	12.0818
0.0930845	339.392	56.0125	12.1368
0.147465	338.912	55.929	12.1895
0.201136	338.456	55.8486	12.24
0.267102	337.946	55.7624	12.2963
0.315894	337.439	55.6776	12.352
0.367985	336.948	55.5976	12.4061
0.40639	336.474	55.5193	12.4577
0.441003	336.006	55.4411	12.5087
0.472616	335.536	55.3624	12.5596
0.495094	335.033	55.2779	12.6142
0.514952	334.552	55.1961	12.6661
0.524367	334.082	55.1145	12.7169
0.525218	333.587	55.0287	12.7698
0.520967	333.055	54.934	12.8265
0.502657	332.541	54.8426	12.8811
0.481359	332.021	54.7565	12.9366
0.445541	331.544	54.6838	12.9876
0.42481	331.028	54.6141	13.0434
0.371439	330.54	54.5526	13.0971
0.338407	330.055	54.4961	13.1506
0.288207	329.569	54.4352	13.2045
0.220319	329.116	54.3768	13.2554
0.171749	328.618	54.3082	13.3107
0.118529	328.115	54.232	13.3666
0.0381027	327.661	54.1609	13.4175
-0.0230227	327.186	54.0839	13.4698
-0.0873493	326.683	54.0006	13.5245
-0.170856	326.189	53.9196	13.5788
-0.239315	325.71	53.8413	13.6303
-0.312647	325.186	53.7563	13.6865
-0.394773	324.69	53.6768	13.74
-0.46168	324.167	53.5919	13.7963
-0.530787	323.638	53.5075	13.853
-0.581794	323.152	53.4308	13.9055
-0.636149	322.674	53.3552	13.9572
-0.675119	322.202	53.2806	14.0085
-0.712208	321.726	53.2038	14.0601
-0.74048	321.246	53.1248	14.112
-0.764698	320.759	53.0448	14.1646
-0.788467	320.282	52.9656	14.2162
-0.798531	319.816	52.8867	14.2667
-0.817526	319.346	52.8058	14.3177
-0.822603	318.862	52.7223	14.3699
-0.816411	318.377	52.6376	14.4223
-0.816742	317.895	52.5544	14.4746
-0.808482	317.418	52.4714	14.5262
-0.799326	316.944	52.3899	14.5772
-0.779192	316.462	52.308	14.6292
-0.756103	315.99	52.2283	14.6804
-0.728118	315.53	52.1501	14.7305
-0.704454	315.031	52.068	14.7853
-0.668782	314.573	52.0029	14.836
-0.616078	314.076	51.937	14.8916
-0.560442	313.62	51.8765	14.9423
-0.50407	313.159	51.8198	14.9939
-0.452302	312.707	51.7691	15.0452
-0.401367	312.27	51.7233	15.0953
-0.339381	311.784	51.6746	15.1516
-0.281421	311.313	51.6199	15.2057
-0.218201	310.864	51.562	15.2571
-0.131704	310.37	51.4903	15.3132
-0.072581	309.918	51.418	15.3641
-0.00371799	309.408	51.3313	15.4209
0.0574204	308.956	51.2521	15.4709
0.131433	308.437	51.1617	15.5275
0.205351	307.976	51.0803	15.5786
0.265767	307.469	50.9921	15.6341
0.318441	307.009	50.9137	15.6842
0.376513	306.522	50.8324	15.738
0.422697	306.012	50.7465	15.7934
0.46145	305.541	50.6672	15.8448
0.492807	305.065	50.5846	15.8965
0.521558	304.561	50.4942	15.9511
0.537859	304.094	50.4092	16.0014
0.547308	303.611	50.3217	16.0533
0.547242	303.14	50.2369	16.1042
0.538435	302.661	50.1542	16.1556
0.523487	302.186	50.0759	16.2068
0.490327	301.661	49.9957	16.2637
0.457034	301.195	49.9306	16.3141
0.424113	300.732	49.8734	16.3647
0.365648	300.244	49.8161	16.4189
0.321902	299.764	49.7614	16.4724
0.268889	299.296	49.7023	16.525
0.216972	298.824	49.639	16.5779
0.134122	298.369	49.5745	16.6295
0.0772628	297.874	49.4988	16.6848
-0.0116171	297.372	49.4184	16.7405
-0.0819089	296.907	49.3414	16.7918
-0.163316	296.426	49.2616	16.8445
-0.250906	295.914	49.1768	16.9
-0.316699	295.41	49.0903	16.9542
-0.381593	294.912	49.0052	17.0076
-0.456058	294.4	48.9157	17.063
-0.502964	293.911	48.8317	17.1156
-0.560506	293.396	48.7437	17.1712
-0.600847	292.925	48.6617	17.2218
-0.632324	292.429	48.5772	17.275
-0.670355	291.926	48.492	17.329
-0.693457	291.44	48.4092	17.381
-0.710606	290.973	48.3287	17.4312
-0.719821	290.485	48.2429	17.4838
-0.725329	290.011	48.1602	17.5353
-0.722057	289.522	48.0753	17.5877
-0.711789	289.047	47.9934	17.6389
-0.694289	288.56	47.9108	17.6914
-0.6688	288.071	47.8284	17.7439
-0.636743	287.578	47.7499	17.7969
-0.58798	287.101	47.6775	17.8488
-0.543378	286.634	47.6115	17.9003
-0.501559	286.164	47.5517	17.9522
-0.454483	285.685	47.4915	18.0053
-0.386052	285.19	47.4309	18.0606
-0.331489	284.745	47.3835	18.1117
-0.27691	284.304	47.3353	18.1622
-0.211194	283.875	47.2885	18.2126
-0.127501	283.406	47.233	18.2677
-0.0661605	282.941	47.1775	18.323
0.00860725	282.472	47.1135	18.3774
0.0784367	281.981	47.0404	18.4337
0.138091	281.538	46.9706	18.4838
0.213325	281.042	46.8885	18.5392
0.274357	280.546	46.8025	18.5933
0.334107	280.08	46.7227	18.644
0.390907	279.593	46.6392	18.6964
0.445347	279.119	46.5573	18.7479
0.497043	278.648	46.4778	18.7985
0.549975	278.178	46.3978	18.849
0.586566	277.673	46.3114	18.9028
0.616471	277.204	46.2337	18.953
0.6477	276.675	46.1466	19.0098
0.660807	276.159	46.0612	19.0647
0.668043	275.69	45.9829	19.1147
0.669328	275.214	45.902	19.1653
0.67004	274.699	45.8154	19.2206
0.65654	274.219	45.7337	19.2718
0.635313	273.706	45.6423	19.3272
0.611527	273.236	45.5563	19.3777
0.571379	272.75	45.4688	19.4285
0.54031	272.271	45.394	19.4788
0.515913	271.773	45.3296	19.5322
0.493148	271.315	45.2751	19.5825
0.454559	270.804	45.2117	19.6388
0.429999	270.335	45.1557	19.6901
0.406293	269.859	45.0997	19.7423
0.364434	269.393	45.0339	19.7934
0.324725	268.914	44.9607	19.8453
0.279031	268.43	44.8873	19.8978
0.209722	267.95	44.8112	19.9501
0.15585	267.468	44.7326	20.0022
0.0974503	266.967	44.6535	20.0558
0.0318968	266.436	44.5757	20.1126
-0.0174666	265.958	44.5063	20.1646
-0.0656778	265.46	44.4325	20.218
-0.124091	264.976	44.3598	20.2705
-0.166356	264.449	44.2802	20.3269
-0.20894	263.958	44.2059	20.3792
-0.258609	263.453	44.1284	20.4334
-0.297197	262.958	44.0513	20.4865
-0.333297	262.475	43.9744	20.538
-0.366051	262.009	43.8985	20.588
-0.405833	261.502	43.8148	20.6424
-0.430429	261.01	43.7319	20.6952
-0.450945	260.522	43.6508	20.7482
-0.468258	260.055	43.5721	20.7985
-0.490113	259.576	43.4907	20.8503
-0.490378	259.083	43.4053	20.9031
-0.491508	258.616	43.3263	20.9536
-0.491206	258.145	43.2466	21.0045
-0.492618	257.612	43.156	21.0615
-0.47926	257.139	43.0745	21.1123
-0.457478	256.627	42.9857	21.1675
-0.427755	256.152	42.9041	21.2185
-0.396975	255.675	42.8224	21.2702
-0.363944	255.188	42.7438	21.3226
-0.343622	254.672	42.666	21.3781
-0.280806	254.198	42.5973	21.4312
-0.241426	253.733	42.5348	21.4828
-0.19516	253.286	42.4787	21.5331
-0.140815	252.849	42.4284	21.5832
-0.0582145	252.376	42.3719	21.6385
-0.0197745	251.937	42.3166	21.6889
0.0561061	251.463	42.2502	21.7432
0.122082	250.971	42.1748	21.7988
0.210242	250.533	42.1028	21.8489
0.285031	250.072	42.0253	21.9005
0.344344	249.615	41.9465	21.951
0.405504	249.143	41.8653	22.0027
0.465908	248.67	41.7844	22.0546
0.527708	248.207	41.7065	22.1054
0.584143	247.744	41.6283	22.1556
0.640498	247.273	41.5479	22.2067
0.684834	246.771	41.4631	22.2607
0.731156	246.263	41.3775	22.316
0.764004	245.762	41.2948	22.3708
0.793856	245.245	41.2088	22.4268
0.806098	244.731	41.1251	22.4823
0.812944	244.264	41.0507	22.5327
0.8088	243.802	40.9787	22.583
0.814164	243.342	40.9084	22.6331
0.803196	242.841	40.8314	22.6879
0.778615	242.378	40.7618	22.7384
0.737141	241.915	40.6939	22.7892
0.699449	241.442	40.624	22.8414
0.658127	240.969	40.5527	22.8938
0.608281	240.514	40.4818	22.9443
0.542987	240.01	40.4014	22.9998
0.482785	239.545	40.3278	23.0511
0.421885	239.074	40.2533	23.103
0.356997	238.62	40.1816	23.1531
0.276141	238.111	40.1018	23.2096
0.198867	237.626	40.0286	23.2636
0.117024	237.164	39.9595	23.3152
0.0447654	236.691	39.8895	23.3668
-0.0410843	236.197	39.8164	23.4206
-0.110725	235.732	39.7481	23.4709
-0.182788	235.254	39.6779	23.5231
-0.251048	234.748	39.6026	23.5781
-0.326021	234.237	39.5244	23.6337
-0.38567	233.71	39.4423	23.6904
-0.461555	233.223	39.3642	23.7429
-0.51347	232.719	39.2799	23.7973
-0.579999	232.218	39.1947	23.8514
-0.634245	231.75	39.1138	23.9014
-0.683679	231.278	39.0327	23.9521
-0.721818	230.791	38.9482	24.0048
-0.770209	230.311	38.8672	24.0571
-0.807823	229.821	38.7863	24.1097
-0.850932	229.326	38.7048	24.1631
-0.873052	228.844	38.6234	24.2155
-0.889607	228.362	38.5427	24.2672
-0.904602	227.872	38.4592	24.3197
-0.905264	227.396	38.3784	24.3708
-0.899586	226.906	38.2949	24.4234
-0.886676	226.401	38.2127	24.4776
-0.858702	225.885	38.1309	24.5332
-0.836978	225.391	38.0591	24.5868
-0.803961	224.935	37.9993	24.6372
-0.771877	224.462	37.9404	24.6896
-0.710689	223.984	37.882	24.7435
-0.670403	223.52	37.8311	24.7962
-0.613914	223.08	37.7794	24.847
-0.556506	222.635	37.7245	24.8982
-0.477502	222.145	37.6609	24.9545
-0.407308	221.709	37.601	25.0046
-0.317396	221.215	37.5299	25.0607
-0.247273	220.736	37.4605	25.114
-0.173458	220.238	37.3848	25.1694
-0.0753652	219.734	37.3072	25.2252
0.00541215	219.248	37.2311	25.2781
0.0767484	218.781	37.1579	25.3289
0.170139	218.284	37.0794	25.3832
0.238233	217.806	37.0028	25.4347
0.303691	217.342	36.9278	25.4853
0.368241	216.871	36.8507	25.5362
0.439412	216.381	36.7689	25.5892
0.506502	215.898	36.6872	25.6412
0.552346	215.371	36.5974	25.6976
0.604355	214.853	36.5098	25.7536
0.6357	214.34	36.4222	25.8088
0.674004	213.829	36.3348	25.8644
0.693283	213.353	36.253	25.9158
0.711814	212.871	36.1691	25.9675
0.733893	212.358	36.0794	26.0233
0.729345	211.843	35.9865	26.0786
0.727296	211.344	35.8981	26.1319
0.714913	210.872	35.8159	26.1828
0.699526	210.389	35.7342	26.2343
0.678252	209.909	35.6559	26.2858
0.641491	209.389	35.5732	26.3417
0.608005	208.903	35.4991	26.3941
0.572277	208.432	35.4334	26.4457
0.51171	207.932	35.3646	26.5011
0.461918	207.442	35.3025	26.5559
0.368982	206.948	35.2392	26.6123
0.315304	206.479	35.1826	26.666
0.216281	206.007	35.1205	26.72
0.146163	205.555	35.0574	26.7708
0.0768078	205.042	34.9827	26.828
0.00831519	204.562	34.9109	26.8812
-0.0841362	204.056	34.8319	26.9368
-0.160599	203.585	34.756	26.9877
-0.255025	203.079	34.6735	27.0428
-0.32887	202.6	34.5924	27.0943
-0.401766	202.133	34.5125	27.1445
-0.466867	201.634	34.4261	27.1983
-0.541017	201.112	34.3343	27.2544
-0.596961	200.641	34.2464	27.3048
-0.652261	200.123	34.1537	27.361
-0.706631	199.643	34.068	27.4131
-0.740586	199.169	33.9816	27.4644
-0.76743	198.689	33.8964	27.5167
-0.787837	198.208	33.8105	27.5688
-0.807825	197.719	33.7243	27.622
-0.810924	197.23	33.6382	27.6753
-0.808862	196.755	33.5601	27.7272
-0.797685	196.273	33.4831	27.7801
-0.768329	195.774	33.4046	27.8346
-0.738937	195.278	33.3311	27.8891
-0.689735	194.773	33.2649	27.9451
-0.638121	194.301	33.2046	27.998
-0.579622	193.838	33.1467	28.0503
-0.491497	193.367	33.0926	28.1048
-0.413335	192.879	33.0342	28.1601
-0.316622	192.432	32.9813	28.2117
-0.225378	191.976	32.9252	28.2644
-0.152358	191.529	32.8706	28.3159
-0.0757835	191.08	32.811	28.3673
0.0135717	190.625	32.7477	28.4194
0.116627	190.159	32.6787	28.4723
0.192677	189.699	32.6082	28.5241
0.269	189.247	32.5373	28.5746
0.349102	188.801	32.4653	28.6246
0.409587	188.307	32.3823	28.6787
0.470303	187.844	32.3024	28.7297
0.546135	187.341	32.2141	28.7846
0.606206	186.88	32.1308	28.8348
0.654974	186.412	32.043	28.8861
0.707067	185.937	31.9553	28.9376
0.761231	185.444	31.8635	28.9905
0.793948	184.949	31.7723	29.0438
0.826438	184.435	31.6782	29.0991
0.85455	183.927	31.5887	29.1538
0.864603	183.407	31.498	29.2098
0.868203	182.942	31.4215	29.26
0.8627	182.47	31.3465	29.311
0.845561	181.999	31.2737	29.3618
0.820256	181.53	31.2015	29.4124
0.788858	181.062	31.1315	29.4626
0.751274	180.579	31.0628	29.5147
0.711482	180.065	30.9947	29.5706
0.652328	179.581	30.9297	29.623
0.602793	179.114	30.8675	29.6735
0.55479	178.585	30.7986	29.7306
0.490093	178.113	30.7357	29.7822
0.412846	177.634	30.6713	29.8344
0.356564	177.166	30.6101	29.8851
0.293534	176.663	30.5407	29.9402
0.207114	176.16	30.4695	29.9957
0.131285	175.671	30.3955	30.0494
0.0461628	175.187	30.3204	30.1029
-0.0143038	174.707	30.2458	30.1551
-0.0745369	174.251	30.1724	30.2051
-0.120667	173.75	30.089	30.2598
-0.186001	173.247	30.0061	30.3155
-0.232527	172.751	29.9251	30.3695
-0.301924	172.24	29.8405	30.4251
-0.349582	171.776	29.7608	30.4754
-0.394361	171.278	29.6764	30.5293
-0.440215	170.792	29.594	30.5821
-0.48328	170.282	29.506	30.6372
-0.517701	169.813	29.4238	30.6876
-0.552067	169.293	29.3319	30.7434
-0.572857	168.807	29.2447	30.7954
-0.581468	168.328	29.1574	30.8465
-0.584287	167.851	29.0754	30.8974
-0.58025	167.361	28.9932	30.9498
-0.55856	166.853	28.9104	31.0043
-0.536126	166.36	28.8351	31.0574
-0.499192	165.898	28.7716	31.1082
-0.430713	165.411	28.7079	31.1626
-0.393946	164.914	28.6465	31.2175
-0.307164	164.416	28.584	31.2734
-0.236024	163.913	28.5271	31.3305
-0.135447	163.452	28.4715	31.3836
-0.0733162	162.975	28.4122	31.4373
0.0469719	162.475	28.3422	31.494
0.137899	161.99	28.2708	31.5483
0.226504	161.528	28.1992	31.6002
0.337295	161.065	28.1251	31.6521
0.42875	160.61	28.0502	31.7028
0.514448	160.152	27.9726	31.7537
0.594205	159.678	27.8902	31.8062
0.670278	159.216	27.8112	31.8578
0.747904	158.75	27.7309	31.9098
0.821197	158.244	27.6405	31.9661
0.876173	157.779	27.557	32.0172
0.924015	157.319	27.4733	32.0679
0.974867	156.85	27.3871	32.1193
1.01826	156.365	27.2972	32.172
1.06025	155.843	27.1991	32.2287
1.08287	155.378	27.1139	32.279
1.09647	154.901	27.0306	32.3304
1.10433	154.428	26.9519	32.3815
1.10332	153.965	26.8773	32.4319
1.09167	153.466	26.8015	32.4864
1.07322	152.97	26.7287	32.5406
1.03332	152.459	26.6571	32.5968
0.995604	151.993	26.5917	32.6478
0.936281	151.503	26.5227	32.7025
0.886371	151.036	26.4571	32.7541
0.829213	150.535	26.3864	32.8102
0.765092	150.072	26.3188	32.8619
0.692554	149.623	26.2538	32.9126
0.580802	149.168	26.1866	32.9649
0.499832	148.72	26.1184	33.0162
0.421055	148.231	26.0442	33.0717
0.331955	147.793	25.9783	33.1219
0.22303	147.346	25.9091	33.1729
0.130133	146.851	25.8296	33.2284
0.0393909	146.402	25.7579	33.2785
-0.0361925	145.932	25.6835	33.3302
-0.128925	145.44	25.6066	33.3851
-0.20322	144.96	25.5303	33.4387
-0.298	144.475	25.4549	33.4929
-0.344192	144.018	25.384	33.543
-0.411722	143.504	25.3017	33.5988
-0.473263	143.01	25.2208	33.6525
-0.525669	142.493	25.134	33.7081
-0.568039	142.018	25.0534	33.7594
-0.599283	141.534	24.9698	33.8113
-0.621073	141.051	24.886	33.8627
-0.63006	140.543	24.7959	33.917
-0.629967	140.044	24.7084	33.9707
-0.615415	139.526	24.6147	34.0268
-0.593325	139.006	24.5222	34.0831
-0.543122	138.517	24.4313	34.1362
-0.475528	138.043	24.3348	34.1889
-0.417198	137.583	24.2542	34.2408
-0.37076	137.13	24.1846	34.2918
-0.333597	136.665	24.1157	34.3435
-0.294333	136.167	24.0509	34.3977
-0.266676	135.671	23.9905	34.4512
-0.222029	135.202	23.9406	34.5025
-0.166793	134.701	23.8951	34.557
-0.116951	134.2	23.8491	34.6109
-0.05348	133.691	23.804	34.6661
-0.0118027	133.195	23.7687	34.72
0.0397814	132.707	23.7226	34.7733
0.111448	132.205	23.6712	34.8281
0.175175	131.741	23.6158	34.8788
0.235021	131.268	23.5538	34.9299
0.310102	130.76	23.4815	34.9849
0.371315	130.278	23.4089	35.0369
0.432826	129.814	23.334	35.0874
0.509045	129.295	23.2466	35.1441
0.565992	128.806	23.159	35.1969
0.610344	128.329	23.069	35.2477
0.650844	127.841	22.98	35.2996
0.704895	127.325	22.887	35.3552
0.739032	126.826	22.7954	35.4085
0.773164	126.358	22.7102	35.4585
0.801198	125.861	22.62	35.5115
0.824888	125.379	22.5314	35.5632
0.845219	124.859	22.4342	35.619
0.855872	124.382	22.3461	35.6701
0.859566	123.902	22.2588	35.7216
0.855513	123.434	22.1752	35.772
0.845291	122.923	22.0859	35.8274
0.831444	122.422	22.0029	35.8817
0.806459	121.922	21.9246	35.9364
0.785464	121.419	21.8512	35.9917
0.748752	120.909	21.7848	36.0478
0.714362	120.445	21.7264	36.099
0.658256	119.955	21.6631	36.1535
0.608253	119.443	21.5973	36.2106
0.553593	118.968	21.5328	36.2629
0.480871	118.454	21.4607	36.3197
0.413018	117.978	21.3917	36.3717
0.337668	117.519	21.3243	36.4219
0.254457	117.009	21.2523	36.4781
0.193813	116.544	21.185	36.529
0.12254	116.036	21.108	36.5846
0.0661778	115.579	21.037	36.6351
0.0181927	115.079	20.9566	36.6906
-0.0527903	114.575	20.8728	36.747
-0.0960526	114.087	20.7894	36.8013
-0.148176	113.615	20.7082	36.854
-0.190722	113.133	20.6244	36.9068
-0.233521	112.679	20.5439	36.957
-0.257698	112.175	20.4531	37.0121
-0.290046	111.662	20.3611	37.0681
-0.319221	111.157	20.2707	37.1234
-0.335878	110.689	20.1848	37.174
-0.343556	110.222	20.0991	37.2246
-0.340014	109.694	20.0016	37.2813
-0.34264	109.192	19.9139	37.335
-0.327733	108.667	19.823	37.3908
-0.311039	108.19	19.7415	37.4416
-0.287514	107.697	19.6589	37.4943
-0.248357	107.202	19.5794	37.5476
-0.210544	106.73	19.5083	37.5988
-0.16972	106.242	19.4382	37.6515
-0.11747	105.783	19.3764	37.7019
-0.059637	105.27	19.3138	37.7581
-0.00775045	104.759	19.2535	37.814
0.0470973	104.305	19.2047	37.8649
0.121366	103.84	19.1538	37.917
0.171349	103.353	19.0998	37.9708
0.258518	102.857	19.0358	38.0266
0.320841	102.394	18.9728	38.0776
0.374302	101.922	18.9044	38.1302
0.429743	101.457	18.832	38.182
0.514686	100.958	18.7506	38.2376
0.561928	100.47	18.6678	38.2915
0.63166	99.9982	18.5865	38.3441
0.689752	99.5315	18.5038	38.3962
0.746651	99.0776	18.4219	38.4469
0.799792	98.6281	18.3403	38.4972
0.848876	98.1631	18.254	38.5489
0.90016	97.6606	18.1643	38.6046
0.933058	97.1851	18.078	38.6566
0.964387	96.7179	17.9915	38.7074
0.988312	96.2555	17.9048	38.7575
1.00902	95.7917	17.8174	38.8078
1.02583	95.3134	17.7327	38.8593
1.03406	94.8239	17.6491	38.9121
1.02996	94.3113	17.566	38.968
1.02347	93.7894	17.4877	39.0245
0.991667	93.3173	17.4238	39.0762
0.960491	92.8574	17.3689	39.1268
0.920144	92.3684	17.3183	39.1807
0.854219	91.8758	17.2652	39.2355
0.794098	91.3803	17.2157	39.2902
0.703472	90.8906	17.1596	39.3449
0.655385	90.4325	17.1041	39.3952
0.582737	89.9309	17.0413	39.4507
0.511441	89.4754	16.9806	39.5014
0.430519	88.9889	16.9101	39.5555
0.360448	88.5067	16.8356	39.6079
0.291647	87.9861	16.7508	39.6644
0.210815	87.4799	16.6657	39.7192
0.140989	87.0174	16.586	39.77
0.0468636	86.4979	16.4945	39.8271
-0.0108029	86.0228	16.4043	39.8787
-0.0700911	85.5445	16.3161	39.931
-0.117273	85.0732	16.2302	39.9824
-0.158275	84.609	16.1467	40.0329
-0.215135	84.1025	16.0572	40.0885
-0.237954	83.5996	15.9653	40.1437
-0.279868	83.1178	15.8782	40.1972
-0.301325	82.6099	15.7829	40.2527
-0.319747	82.1439	15.6963	40.3032
-0.339499	81.6333	15.6022	40.3584
-0.334925	81.1219	15.5064	40.4137
-0.328448	80.6499	15.4236	40.4648
-0.309802	80.1507	15.3397	40.5191
-0.286712	79.6572	15.2621	40.5721
-0.256513	79.1936	15.1949	40.6223
-0.214623	78.6774	15.1258	40.6785
-0.174189	78.1846	15.0686	40.7329
-0.125593	77.7205	15.0149	40.7843
-0.0623902	77.2287	14.9582	40.8386
-0.02669	76.7342	14.9057	40.8933
0.0229535	76.2388	14.8523	40.9489
0.0690703	75.7679	14.7978	41.0017
0.125575	75.3271	14.7477	41.0523
0.202511	74.8471	14.6892	41.1068
0.236149	74.34	14.6234	41.1629
0.282232	73.88	14.5556	41.2145
0.36633	73.4266	14.481	41.266
0.413068	72.9351	14.3902	41.3203
0.491221	72.4204	14.2933	41.3769
0.550489	71.9598	14.2031	41.4275
0.609274	71.4968	14.113	41.4783
0.670168	71.0133	14.0178	41.5317
0.724662	70.5442	13.9303	41.5837
0.794348	70.048	13.8397	41.6379
0.84153	69.5607	13.7504	41.6909
0.886425	69.0772	13.6652	41.7435
0.932537	68.5963	13.5812	41.7956
0.965051	68.1337	13.4997	41.8458
0.988366	67.6643	13.4172	41.8972
1.00117	67.1883	13.3341	41.9486
1.00419	66.7252	13.2536	41.999
0.996845	66.2534	13.1764	42.0505
0.978874	65.7852	13.1028	42.1012
0.950863	65.2997	13.0313	42.1538
0.908307	64.7811	12.9645	42.2103
0.871162	64.2952	12.9051	42.263
0.824445	63.8176	12.8498	42.315
0.755853	63.3123	12.7934	42.3708
0.701109	62.8501	12.7389	42.4213
0.635149	62.3623	12.6785	42.4746
0.55384	61.8869	12.618	42.5272
0.494766	61.4366	12.5596	42.5772
0.438185	60.9893	12.4971	42.6272
0.39842	60.5021	12.4233	42.6815
0.341112	60.011	12.3438	42.7358
0.286091	59.555	12.2667	42.7859
0.241309	59.0826	12.1841	42.8374
0.20929	58.5648	12.0901	42.8936
0.158375	58.071	11.9996	42.9475
0.122276	57.5909	11.9088	42.9993
0.0916909	57.0832	11.8107	43.0538
0.0554916	56.5768	11.7174	43.1075
0.032181	56.0458	11.6185	43.1639
0.00937507	55.5756	11.5363	43.2143
-0.00985882	55.0684	11.4515	43.2695
-0.0226084	54.5876	11.3736	43.3218
-0.0295262	54.0708	11.2885	43.3782
-0.0297371	53.5994	11.2087	43.4291
-0.0293522	53.1082	11.1272	43.4826
-0.017057	52.5937	11.0461	43.5389
-0.00352788	52.1188	10.9744	43.5913
0.0327558	51.6154	10.8997	43.6464
0.0722932	51.1551	10.8333	43.697
0.113142	50.6761	10.7657	43.7505
0.15974	50.1712	10.6942	43.806
0.219773	49.6573	10.6284	43.8628
0.276012	49.1937	10.5722	43.9138
0.326403	48.7279	10.5154	43.9652
0.392733	48.2313	10.4567	44.0207
0.468919	47.7329	10.393	44.0765
0.520513	47.2274	10.326	44.1329
0.58499	46.7735	10.2596	44.1836
0.662663	46.2883	10.1836	44.2384
0.713403	45.799	10.0994	44.2928
0.788794	45.3234	10.0149	44.346
0.839927	44.8631	9.93341	44.3966
0.888492	44.3786	9.84873	44.4496
0.930333	43.9032	9.76592	44.5013
0.981824	43.4065	9.68212	44.5553
1.04055	42.9278	9.59894	44.6077
1.0785	42.4385	9.51027	44.6608
1.11662	41.9357	9.42026	44.7151
1.15716	41.4504	9.33397	44.7672
1.18601	40.9374	9.24377	44.8219
1.21451	40.4207	9.15725	44.877
1.23729	39.9285	9.0757	44.9298
1.2577	39.4409	8.9944	44.982
1.27133	38.9454	8.91308	45.0351
1.27329	38.4686	8.83479	45.0865
1.27181	38.0031	8.75927	45.1369
1.26766	37.5361	8.6853	45.1879
1.25844	37.0596	8.61284	45.2399
1.24747	36.6007	8.54741	45.2904
1.21993	36.1486	8.48345	45.3405
1.18117	35.6913	8.41868	45.3912
1.11822	35.181	8.34426	45.4478
1.06544	34.708	8.27463	45.5
1.01199	34.2502	8.20638	45.5507
0.954839	33.776	8.13246	45.6028
0.887996	33.2867	8.05539	45.6563
0.808248	32.7798	7.97475	45.7125
0.723854	32.2691	7.89359	45.7687
0.654348	31.7937	7.81654	45.8205
0.582946	31.319	7.74041	45.8725
0.487541	30.8078	7.65915	45.9291
0.411119	30.3513	7.58684	45.9795
0.333693	29.8585	7.50938	46.0341
0.2518	29.3737	7.43427	46.0878
0.180351	28.871	7.35875	46.143
0.116022	28.3927	7.28761	46.1958
0.0418663	27.8974	7.21328	46.2506
-0.022074	27.4376	7.14038	46.3013
-0.0838031	26.9726	7.06568	46.3522
-0.167522	26.4757	6.98589	46.4073
-0.223281	25.9866	6.90578	46.4608
-0.278561	25.5133	6.82875	46.5123
-0.344788	25.0142	6.74721	46.5673
-0.397347	24.5082	6.66434	46.6232
-0.445956	24.0169	6.58352	46.6769
-0.502469	23.5566	6.5069	46.7275
-0.532459	23.0649	6.42427	46.7815
-0.569431	22.5615	6.34126	46.8363
-0.595743	22.0669	6.2598	46.8901
-0.611095	21.5576	6.17614	46.9452
-0.623513	21.0951	6.10182	46.9953
-0.633351	20.5861	6.02021	47.0505
-0.63512	20.0887	5.93935	47.1052
-0.635452	19.5909	5.85931	47.1593
-0.626584	19.1159	5.78344	47.2109
-0.612834	18.6063	5.70427	47.2661
-0.589253	18.132	5.63172	47.3178
-0.566667	17.6752	5.56292	47.3679
-0.539286	17.1808	5.48784	47.4226
-0.488265	16.6794	5.41214	47.478
-0.446651	16.2128	5.34415	47.5302
-0.393191	15.7314	5.27885	47.5848
-0.319695	15.2592	5.21337	47.6385
-0.270995	14.7893	5.14975	47.6918
-0.200158	14.3271	5.08484	47.7447
-0.128851	13.8714	5.0194	47.7972
-0.0553399	13.4207	4.9527	47.8484
0.034158	12.94	4.88062	47.9025
0.115367	12.4639	4.80879	47.956
0.220942	12.0096	4.7402	48.0077
0.298832	11.5178	4.66543	48.0622
0.379377	11.0385	4.59077	48.1156
0.476713	10.5329	4.51269	48.1719
0.555816	10.0282	4.43401	48.2281
0.643689	9.55797	4.3581	48.2807
0.711245	9.0828	4.28023	48.3333
0.798031	8.56576	4.19546	48.3901
0.855525	8.07571	4.11281	48.4436
0.907973	7.6009	4.03355	48.4952
0.957559	7.13217	3.95471	48.546
1.01103	6.61918	3.86841	48.6016
1.055	6.14228	3.78929	48.653
1.09776	5.66895	3.71147	48.704
1.13491	5.2006	3.63618	48.7544
1.16149	4.71559	3.55896	48.8065
1.17923	4.24939	3.48429	48.8566
1.19215	3.74577	3.40325	48.9104
1.19373	3.26385	3.32539	48.9621
1.18524	2.76369	3.24518	49.0158
1.15985	2.28307	3.1684	49.0674
1.12975	1.81971	3.09543	49.1177
1.08848	1.3459	3.02219	49.1691
1.04484	0.886365	2.95329	49.2192
1.00588	0.413149	2.88483	49.2709
0.965466	-0.0785615	2.81708	49.325
0.893124	-0.585775	2.74651	49.3815
0.832438	-1.07669	2.6745	49.4365
0.732393	-1.55566	2.60392	49.4909
0.655555	-2.04571	2.53415	49.5465
0.568493	-2.53564	2.46357	49.6021
0.491224	-3.02505	2.38985	49.6571
0.387387	-3.51565	2.31424	49.7126
0.308248	-3.99453	2.23765	49.7652
0.209701	-4.48464	2.15828	49.8198
0.141797	-4.98707	2.07748	49.8742
0.0385586	-5.4929	1.99555	49.9304
-0.0428002	-5.95409	1.91825	49.981
-0.109433	-6.46307	1.83029	50.0363
-0.191349	-6.97449	1.74139	50.0917
-0.250134	-7.44311	1.65912	50.1429
-0.305958	-7.9402	1.57103	50.1973
-0.353457	-8.44373	1.47875	50.252
-0.385034	-8.94047	1.39081	50.3056
-0.420634	-9.43946	1.30489	50.3596
-0.435863	-9.96058	1.21618	50.4158
-0.445914	-10.4694	1.1322	50.4709
-0.445349	-10.957	1.05241	50.5238
-0.431656	-11.4744	0.969769	50.5799
-0.410755	-11.9839	0.890906	50.6353
-0.382961	-12.4575	0.821451	50.6868
-0.338562	-12.9218	0.757085	50.7378
-0.30143	-13.412	0.692782	50.7932
-0.252465	-13.9009	0.624815	50.8481
-0.165633	-14.3554	0.561078	50.9002
-0.0995042	-14.8053	0.499628	50.9514
-0.031077	-15.2815	0.438334	51.0063
0.0430559	-15.7203	0.38215	51.0569
0.165855	-16.18	0.322042	51.1115
0.238588	-16.6279	0.265391	51.1638
0.33426	-17.0635	0.207791	51.2152
0.4372	-17.5246	0.142078	51.2688
0.51186	-18.003	0.0694559	51.323
0.592912	-18.4773	-0.00846612	51.3766
0.696613	-18.9495	-0.0879627	51.4292
0.755185	-19.4648	-0.175467	51.4852
0.840352	-19.9684	-0.261134	51.5401
0.906105	-20.4813	-0.349863	51.5957
0.983446	-20.978	-0.43485	51.6494
1.03917	-21.4646	-0.518458	51.7017
1.09324	-21.9706	-0.604977	51.7555
1.14779	-22.4777	-0.688471	51.8096
1.19098	-22.9837	-0.772481	51.8636
1.2269	-23.4523	-0.850932	51.9139
1.25432	-23.918	-0.928907	51.9639
1.27643	-24.4378	-1.01513	52.0203
1.28639	-24.9176	-1.09565	52.0719
1.28345	-25.399	-1.17996	52.1237
1.27759	-25.8769	-1.26396	52.175
1.26648	-26.3588	-1.3487	52.2267
1.25135	-26.8445	-1.43203	52.2788
1.22365	-27.3246	-1.51268	52.3306
1.20243	-27.8142	-1.59424	52.3833
1.17232	-28.3057	-1.67348	52.4363
1.13625	-28.7827	-1.74723	52.488
1.08193	-29.2521	-1.81724	52.5395
1.03934	-29.7123	-1.88542	52.59
0.991836	-30.1874	-1.95564	52.6421
0.936609	-30.6863	-2.02802	52.6979
0.852256	-31.1764	-2.09828	52.7534
0.784994	-31.664	-2.16918	52.8081
0.688515	-32.1547	-2.23996	52.8641
0.589602	-32.6477	-2.3131	52.9194
0.508647	-33.1489	-2.38689	52.9753
0.391625	-33.6377	-2.4613	53.0305
0.296319	-34.1238	-2.53731	53.0852
0.206822	-34.5899	-2.6108	53.1367
0.0942908	-35.0688	-2.68546	53.1904
0.010417	-35.5576	-2.76139	53.2442
-0.0620547	-36.019	-2.83233	53.2951
-0.149523	-36.5237	-2.91107	53.3514
-0.221871	-37.0151	-2.98847	53.4059
-0.280244	-37.4938	-3.06419	53.4585
-0.351398	-37.9738	-3.1406	53.5113
-0.398139	-38.4736	-3.22054	53.566
-0.457205	-38.9636	-3.29997	53.6199
-0.493771	-39.4558	-3.38162	53.6736
-0.532676	-39.9522	-3.46417	53.7275
-0.572528	-40.4619	-3.55101	53.7826
-0.603902	-40.9709	-3.63702	53.8369
-0.636746	-41.4839	-3.72272	53.8917
-0.652277	-41.9878	-3.80649	53.9454
-0.663012	-42.4736	-3.88627	53.9974
-0.662958	-42.985	-3.97065	54.0523
-0.652988	-43.4571	-4.04893	54.1032
-0.634716	-43.9223	-4.12273	54.1534
-0.610183	-44.4215	-4.19906	54.2081
-0.575861	-44.9339	-4.27447	54.2644
-0.538773	-45.3906	-4.34039	54.3149
-0.480664	-45.8723	-4.41021	54.3688
-0.417672	-46.3443	-4.47723	54.4227
-0.364967	-46.819	-4.54285	54.4769
-0.273973	-47.2663	-4.60441	54.5292
-0.210516	-47.7314	-4.66768	54.5828
-0.145405	-48.1919	-4.72787	54.6366
-0.0505457	-48.6718	-4.79284	54.693
0.0368099	-49.1495	-4.863	54.7487
0.14287	-49.6087	-4.9364	54.8026
0.222529	-50.0573	-5.01292	54.8538
0.296642	-50.5472	-5.09669	54.9084
0.382951	-51.0533	-5.18519	54.9642
0.469726	-51.5609	-5.27178	55.0198
0.52686	-52.0433	-5.35309	55.0722
0.585146	-52.5424	-5.43695	55.126
0.638153	-53.0649	-5.52307	55.1821
0.675674	-53.5727	-5.60665	55.2364
0.706033	-54.0477	-5.68269	55.2874
0.728055	-54.5732	-5.76542	55.344
0.7363	-55.0403	-5.83886	55.3943
0.733098	-55.5075	-5.91306	55.4447
0.719399	-55.9788	-5.98842	55.4954
0.698764	-56.4696	-6.0671	55.548
0.654913	-56.9597	-6.14664	55.6006
0.607612	-57.485	-6.23049	55.6571
0.537778	-57.9768	-6.30635	55.7103
0.485086	-58.4714	-6.37823	55.7636
0.430568	-58.982	-6.45009	55.8189
0.36213	-59.4589	-6.51456	55.8716
0.303201	-59.9221	-6.57615	55.923
0.242529	-60.4086	-6.64026	55.9766
0.186079	-60.8938	-6.70874	56.0301
0.076528	-61.3461	-6.77484	56.0819
-0.009082	-61.799	-6.84596	56.1331
-0.0697405	-62.2742	-6.92791	56.1855
-0.157844	-62.7567	-7.01344	56.24
-0.224325	-63.2562	-7.10526	56.2955
-0.275897	-63.7301	-7.19175	56.3471
-0.353382	-64.2288	-7.28106	56.4025
-0.397077	-64.732	-7.37086	56.4577
-0.460012	-65.2341	-7.45867	56.5129
-0.500681	-65.7431	-7.5498	56.5681
-0.542252	-66.2122	-7.63174	56.6189
-0.577229	-66.6901	-7.71467	56.6702
-0.598129	-67.2008	-7.80106	56.7251
-0.614002	-67.7159	-7.88227	56.7808
-0.61569	-68.1868	-7.95578	56.8316
-0.609857	-68.6656	-8.02873	56.8834
-0.600308	-69.161	-8.10174	56.9374
-0.568243	-69.6684	-8.17402	56.9931
-0.551192	-70.1474	-8.23475	57.0463
-0.507292	-70.6252	-8.29477	57.0998
-0.473283	-71.118	-8.35402	57.1554
-0.429876	-71.5681	-8.40837	57.206
-0.351008	-72.0494	-8.46661	57.2613
-0.305399	-72.5191	-8.52265	57.3154
-0.248137	-72.9885	-8.58489	57.3684
-0.175987	-73.4295	-8.6457	57.4187
-0.0843421	-73.8736	-8.7102	57.4698
0.0190058	-74.3224	-8.77898	57.521
0.102551	-74.7666	-8.84856	57.5712
0.181141	-75.2638	-8.92724	57.6266
0.285477	-75.761	-9.00646	57.6826
0.361175	-76.2458	-9.08511	57.7359
0.445622	-76.7379	-9.16604	57.7905
0.509827	-77.2237	-9.25115	57.8446
0.574806	-77.7059	-9.33763	57.8978
0.644546	-78.1908	-9.42554	57.9513
0.698278	-78.6821	-9.5157	58.0055
0.738336	-79.1727	-9.60223	58.06
0.784286	-79.6622	-9.68929	58.114
0.817039	-80.1383	-9.77749	58.1664
0.846294	-80.6501	-9.86903	58.2217
0.858953	-81.1591	-9.95832	58.2765
0.865665	-81.6423	-10.0386	58.3283
0.862721	-82.1152	-10.1157	58.3787
0.840778	-82.6204	-10.1955	58.4325
0.814614	-83.1008	-10.2668	58.4838
0.787003	-83.5975	-10.3313	58.5371
0.736102	-84.0959	-10.394	58.5912
0.687609	-84.5778	-10.4532	58.6441
0.636866	-85.0365	-10.5095	58.695
0.568226	-85.501	-10.5725	58.7467
0.484262	-85.9951	-10.6424	58.8023
0.420466	-86.4599	-10.709	58.8542
0.354056	-86.9228	-10.7757	58.9058
0.263497	-87.4003	-10.8477	58.9597
0.18712	-87.8517	-10.9177	59.0101
0.10678	-88.3068	-10.9893	59.0608
-0.000438631	-88.7668	-11.0638	59.1121
-0.0808339	-89.2467	-11.1426	59.1648
-0.162794	-89.7556	-11.226	59.2203
-0.248229	-90.2376	-11.3064	59.2737
-0.31782	-90.7057	-11.3865	59.3249
-0.385878	-91.2015	-11.4706	59.3786
-0.466074	-91.7137	-11.5583	59.4343
-0.522044	-92.1794	-11.6366	59.485
-0.585766	-92.696	-11.7211	59.5413
-0.639918	-93.2125	-11.8062	59.5973
-0.702199	-93.7132	-11.8883	59.6516
-0.756219	-94.1813	-11.9654	59.7024
-0.801393	-94.6898	-12.0489	59.7581
-0.83523	-95.1669	-12.1258	59.8096
-0.867099	-95.6693	-12.2073	59.8642
-0.878579	-96.1393	-12.2851	59.9149
-0.886363	-96.6501	-12.3695	59.9702
-0.885012	-97.1215	-12.4486	60.0213
-0.878016	-97.5914	-12.5276	60.0725
-0.867677	-98.1043	-12.6146	60.1284
-0.850241	-98.6196	-12.6998	60.1845
-0.833867	-99.1304	-12.7859	60.2406
-0.80616	-99.6379	-12.8667	60.2965
-0.766691	-100.119	-12.9355	60.3503
-0.738955	-100.604	-12.9967	60.4051
-0.696978	-101.084	-13.0582	60.4597
-0.62147	-101.556	-13.1177	60.5142
-0.576113	-102.036	-13.1772	60.5695
-0.514088	-102.472	-13.2335	60.6198
-0.419312	-102.929	-13.2948	60.673
-0.358558	-103.403	-13.3601	60.7268
-0.286083	-103.883	-13.4304	60.7799
-0.207549	-104.369	-13.5042	60.8342
-0.121647	-104.863	-13.5805	60.8883
-0.0387702	-105.326	-13.6522	60.9388
0.0419486	-105.793	-13.7241	60.9892
0.136901	-106.291	-13.7993	61.0436
0.220364	-106.779	-13.8721	61.096
0.293642	-107.269	-13.9469	61.1488
0.377246	-107.756	-14.0234	61.2018
0.46826	-108.25	-14.1056	61.2555
0.551782	-108.732	-14.1902	61.3082
0.631841	-109.219	-14.2763	61.3612
0.704541	-109.714	-14.3663	61.415
0.746651	-110.202	-14.4526	61.4681
0.793913	-110.696	-14.5394	61.5217
0.820823	-111.183	-14.6244	61.5745
0.83887	-111.699	-14.7155	61.6298
0.861604	-112.207	-14.8047	61.6845
0.870315	-112.727	-14.8979	61.7401
0.884924	-113.246	-14.9911	61.7957
0.888191	-113.738	-15.0761	61.8483
0.886487	-114.225	-15.1583	61.9009
0.879085	-114.733	-15.2429	61.9552
0.867732	-115.222	-15.3227	62.0077
0.850335	-115.684	-15.3964	62.0578
0.825704	-116.142	-15.4663	62.108
0.801278	-116.62	-15.5364	62.16
0.774357	-117.08	-15.6034	62.2104
0.739566	-117.582	-15.6746	62.2659
0.698438	-118.053	-15.7403	62.318
0.636047	-118.506	-15.8021	62.3691
0.550368	-119.007	-15.8746	62.4254
0.490176	-119.499	-15.9487	62.4796
0.389157	-119.989	-16.0243	62.5348
0.307406	-120.502	-16.1044	62.5913
0.212618	-120.978	-16.1796	62.6441
0.114994	-121.444	-16.2526	62.696
0.0267912	-121.914	-16.3254	62.7481
-0.0763509	-122.424	-16.4038	62.8038
-0.161744	-122.912	-16.4792	62.8573
-0.241059	-123.372	-16.5502	62.9076
-0.343789	-123.871	-16.6261	62.9629
-0.420107	-124.376	-16.7036	63.0181
-0.494132	-124.873	-16.7821	63.0725
-0.554298	-125.333	-16.8556	63.1227
-0.606048	-125.855	-16.9418	63.1795
-0.669758	-126.34	-17.0227	63.2328
-0.715312	-126.853	-17.1086	63.2889
-0.76645	-127.358	-17.193	63.3446
-0.79666	-127.816	-17.2703	63.3949
-0.820611	-128.282	-17.3467	63.4455
-0.832926	-128.778	-17.4262	63.4994
-0.83885	-129.291	-17.5052	63.5551
-0.84149	-129.803	-17.5813	63.6107
-0.834482	-130.308	-17.6547	63.6659
-0.818954	-130.794	-17.725	63.7191
-0.784215	-131.27	-17.7934	63.7716
-0.752226	-131.75	-17.8624	63.8245
-0.722721	-132.233	-17.93	63.8781
-0.657739	-132.715	-17.9987	63.9324
-0.610852	-133.204	-18.068	63.9874
-0.551662	-133.685	-18.138	64.0412
-0.469217	-134.15	-18.2068	64.0937
-0.40408	-134.612	-18.2759	64.1452
-0.335842	-135.099	-18.3496	64.1991
-0.257531	-135.58	-18.422	64.2516
-0.157732	-136.086	-18.4966	64.3073
-0.0781622	-136.588	-18.5702	64.3622
0.00334336	-137.089	-18.6431	64.4164
0.0878835	-137.606	-18.7217	64.4726
0.148485	-138.131	-18.8054	64.5292
0.221276	-138.62	-18.8863	64.5825
0.273747	-139.12	-18.9706	64.6364
0.31962	-139.594	-19.0502	64.6881
0.363069	-140.068	-19.1305	64.7396
0.416534	-140.574	-19.2179	64.7946
0.449523	-141.082	-19.3096	64.8494
0.481832	-141.575	-19.3964	64.9025
0.501747	-142.064	-19.481	64.9553
0.507395	-142.531	-19.5593	65.0057
0.501413	-143.024	-19.6389	65.0585
0.492956	-143.557	-19.7227	65.1158
0.474608	-144.052	-19.7995	65.169
0.448289	-144.546	-19.8754	65.2225
0.420326	-145.054	-19.9517	65.2775
0.388315	-145.527	-20.0214	65.3286
0.351447	-146.005	-20.0901	65.3806
0.306474	-146.477	-20.1568	65.4321
0.248801	-146.977	-20.2269	65.4875
0.165555	-147.489	-20.2999	65.5444
0.105959	-147.978	-20.3659	65.5989
0.0101855	-148.451	-20.4302	65.6522
-0.0557649	-148.94	-20.495	65.7069
-0.128028	-149.429	-20.5647	65.7622
-0.225494	-149.879	-20.6318	65.8136
-0.288457	-150.355	-20.7066	65.8668
-0.373728	-150.823	-20.7823	65.9201
-0.4621	-151.315	-20.8668	65.9747
-0.530355	-151.809	-20.9571	66.0291
-0.602225	-152.273	-21.0432	66.0805
-0.669979	-152.747	-21.1316	66.1322
-0.754476	-153.243	-21.2237	66.1865
-0.810172	-153.715	-21.3133	66.238
-0.866448	-154.179	-21.3976	66.2887
-0.920823	-154.692	-21.4876	66.3445
-0.959	-155.196	-21.5739	66.399
-0.987549	-155.662	-21.6518	66.4495
-1.01068	-156.157	-21.7313	66.5037
-1.02165	-156.666	-21.81	66.5598
-1.01763	-157.16	-21.8862	66.6141
-1.00319	-157.624	-21.9583	66.6651
-0.982569	-158.13	-22.0341	66.7203
-0.949478	-158.596	-22.1022	66.7711
-0.915108	-159.056	-22.1666	66.8216
-0.855506	-159.557	-22.233	66.8771
-0.802764	-160.045	-22.2991	66.9316
-0.749012	-160.499	-22.3588	66.9824
-0.663089	-160.942	-22.4153	67.0328
-0.597256	-161.419	-22.4764	67.087
-0.532274	-161.889	-22.5341	67.1408
-0.437981	-162.355	-22.5962	67.1942
-0.369991	-162.819	-22.6579	67.247
-0.291984	-163.292	-22.7243	67.3007
-0.192673	-163.784	-22.7959	67.3565
-0.122182	-164.262	-22.8667	67.4102
-0.0205865	-164.734	-22.9391	67.4637
0.0616452	-165.223	-23.0148	67.5185
0.138659	-165.712	-23.0922	67.5726
0.240007	-166.219	-23.1731	67.6291
0.303799	-166.691	-23.2488	67.6808
0.38428	-167.185	-23.3286	67.7351
0.453388	-167.675	-23.4103	67.7893
0.530478	-168.132	-23.4886	67.8396
0.592416	-168.603	-23.5706	67.8909
0.662301	-169.088	-23.6547	67.9442
0.709359	-169.57	-23.7381	67.9968
0.748774	-170.05	-23.8233	68.0491
0.789833	-170.537	-23.9085	68.102
0.831429	-171.037	-23.9943	68.1562
0.85814	-171.523	-24.0765	68.2087
0.880969	-172.03	-24.1596	68.2636
0.892335	-172.504	-24.2366	68.3152
0.894037	-173.011	-24.3168	68.3702
0.873005	-173.506	-24.391	68.4242
0.84762	-174.025	-24.4639	68.4807
0.80616	-174.506	-24.5287	68.5339
0.760233	-174.987	-24.591	68.5868
0.719337	-175.467	-24.6482	68.6398
0.668706	-175.952	-24.7087	68.6938
0.600957	-176.439	-24.7689	68.7483
0.540909	-176.918	-24.836	68.8012
0.459182	-177.384	-24.9049	68.8531
0.378358	-177.843	-24.975	68.9042
0.303591	-178.358	-25.0552	68.96
0.219098	-178.82	-25.128	69.0105
0.142143	-179.296	-25.2036	69.0623
0.0483513	-179.775	-25.2799	69.1148
-0.0212469	-180.245	-25.3559	69.1661
-0.0840538	-180.733	-25.4372	69.2188
-0.148455	-181.203	-25.5168	69.2698
-0.213592	-181.686	-25.5991	69.3223
-0.278765	-182.151	-25.6803	69.3725
-0.332607	-182.619	-25.7629	69.4233
-0.4011	-183.089	-25.8465	69.475
-0.450768	-183.593	-25.9382	69.529
-0.497926	-184.099	-26.0281	69.5834
-0.566525	-184.567	-26.1117	69.6342
-0.618059	-185.077	-26.2038	69.6896
-0.675801	-185.585	-26.2933	69.7449
-0.705113	-186.09	-26.3829	69.8
-0.734314	-186.6	-26.4726	69.8552
-0.74857	-187.117	-26.567	69.9106
-0.756674	-187.621	-26.657	69.965
-0.757304	-188.112	-26.7438	70.0178
-0.761038	-188.584	-26.8223	70.0682
-0.750921	-189.083	-26.8986	70.1223
-0.723716	-189.556	-26.965	70.1737
-0.686468	-190.051	-27.0309	70.2285
-0.641697	-190.541	-27.0953	70.2832
-0.57181	-191.022	-27.1562	70.3376
-0.51552	-191.474	-27.2124	70.3889
-0.444006	-191.973	-27.2848	70.4449
-0.362893	-192.449	-27.3581	70.4984
-0.297219	-192.936	-27.4344	70.5521
-0.216336	-193.415	-27.5122	70.6048
-0.144362	-193.888	-27.5912	70.6563
-0.0642664	-194.404	-27.6763	70.7117
0.0189869	-194.902	-27.7526	70.7655
0.0990852	-195.399	-27.8206	70.8193
0.16445	-195.888	-27.8879	70.8727
0.246497	-196.399	-27.958	70.9284
0.316519	-196.89	-28.0272	70.9818
0.381217	-197.364	-28.0963	71.0333
0.451417	-197.853	-28.1701	71.0865
0.515571	-198.338	-28.245	71.1397
0.59139	-198.853	-28.3272	71.1961
0.641975	-199.372	-28.4128	71.2526
0.686755	-199.848	-28.4926	71.3049
0.717067	-200.315	-28.5735	71.3563
0.733208	-200.792	-28.6605	71.4086
0.754735	-201.272	-28.7478	71.4612
0.781956	-201.758	-28.8357	71.5145
0.790595	-202.228	-28.9187	71.5663
0.792229	-202.711	-29.0034	71.6203
0.792952	-203.173	-29.0823	71.6716
0.792042	-203.657	-29.1648	71.7252
0.77813	-204.143	-29.2472	71.7793
0.75968	-204.617	-29.3237	71.832
0.729224	-205.124	-29.4008	71.8877
0.704022	-205.597	-29.4662	71.94
0.664361	-206.074	-29.529	71.9936
0.604448	-206.551	-29.5914	72.0469
0.545813	-207.038	-29.6549	72.1012
0.472191	-207.511	-29.7185	72.1539
0.40546	-207.964	-29.777	72.2048
0.327227	-208.423	-29.8342	72.2567
0.242793	-208.864	-29.8884	72.3068
0.167417	-209.358	-29.9505	72.3625
0.0658598	-209.823	-30.0151	72.4153
-0.00862882	-210.311	-30.0866	72.4686
-0.0864623	-210.784	-30.1603	72.5207
-0.1877	-211.28	-30.2412	72.5765
-0.264554	-211.763	-30.3265	72.6293
-0.337648	-212.228	-30.4112	72.68
-0.405142	-212.736	-30.5039	72.735
-0.492316	-213.216	-30.5905	72.7877
-0.56092	-213.682	-30.6763	72.8384
-0.63364	-214.181	-30.7689	72.8926
-0.700766	-214.672	-30.8552	72.9457
-0.75365	-215.143	-30.9371	72.997
-0.800676	-215.648	-31.0241	73.0522
-0.832963	-216.14	-31.1061	73.1061
-0.853188	-216.639	-31.1887	73.1607
-0.864421	-217.101	-31.2634	73.2111
-0.866447	-217.593	-31.3419	73.2657
-0.859361	-218.098	-31.4168	73.3216
-0.835021	-218.575	-31.4852	73.3747
-0.813762	-219.08	-31.5566	73.4306
-0.77188	-219.586	-31.6285	73.4864
-0.73296	-220.05	-31.6941	73.5376
-0.685248	-220.513	-31.7597	73.5886
-0.638105	-221.024	-31.8305	73.6453
-0.565973	-221.5	-31.8947	73.699
-0.505708	-222.009	-31.9654	73.7554
-0.416451	-222.487	-32.0306	73.8086
-0.336366	-222.973	-32.0947	73.8632
-0.243602	-223.465	-32.1614	73.9184
-0.155653	-223.94	-32.2244	73.9718
-0.0469498	-224.408	-32.2896	74.0248
0.0373865	-224.89	-32.3597	74.0781
0.132421	-225.353	-32.4311	74.1292
0.219501	-225.821	-32.5062	74.181
0.302908	-226.298	-32.585	74.2336
0.391535	-226.781	-32.6675	74.2866
0.455937	-227.281	-32.7577	74.3408
0.543419	-227.786	-32.8493	74.3962
0.602876	-228.296	-32.9456	74.4514
0.66761	-228.789	-33.0346	74.5053
0.713638	-229.274	-33.1208	74.558
0.755438	-229.789	-33.2107	74.6141
0.791613	-230.292	-33.2954	74.6687
0.817289	-230.769	-33.3753	74.721
0.832215	-231.237	-33.4509	74.7721
0.837807	-231.71	-33.5254	74.8239
0.82527	-232.176	-33.5971	74.875
0.813536	-232.681	-33.6717	74.9298
0.786613	-233.154	-33.7394	74.9818
0.741804	-233.644	-33.8084	75.0356
0.6934	-234.114	-33.8735	75.0874
0.643453	-234.611	-33.9402	75.1414
0.550425	-235.106	-34.0079	75.1961
0.475536	-235.578	-34.0739	75.2475
0.392926	-236.071	-34.1432	75.3014
0.314038	-236.563	-34.2143	75.3548
0.202356	-237.054	-34.2839	75.4083
0.10054	-237.534	-34.3469	75.4597
0.00455597	-238.053	-34.4157	75.5159
-0.106101	-238.549	-34.4801	75.5698
-0.202149	-239.025	-34.5494	75.622
-0.287298	-239.481	-34.621	75.6722
-0.373853	-239.945	-34.6988	75.723
-0.455949	-240.419	-34.7817	75.7748
-0.550172	-240.906	-34.8673	75.8282
-0.618512	-241.378	-34.9534	75.8799
-0.683984	-241.869	-35.0424	75.9333
-0.75558	-242.356	-35.1315	75.9859
-0.80881	-242.853	-35.2233	76.0394
-0.849475	-243.374	-35.3204	76.0955
-0.895807	-243.843	-35.4057	76.1465
-0.925911	-244.318	-35.492	76.1979
-0.947805	-244.797	-35.5803	76.2497
-0.959377	-245.276	-35.6654	76.3013
-0.966023	-245.762	-35.7488	76.3539
-0.96329	-246.285	-35.8366	76.4104
-0.954751	-246.778	-35.9174	76.464
-0.937628	-247.272	-35.9966	76.5177
-0.907371	-247.775	-36.0721	76.5727
-0.8598	-248.272	-36.1412	76.627
-0.809622	-248.743	-36.2012	76.6788
-0.753132	-249.237	-36.2574	76.7337
-0.678846	-249.715	-36.313	76.7874
-0.61656	-250.174	-36.3668	76.8387
-0.540835	-250.63	-36.4216	76.8897
-0.466762	-251.085	-36.4742	76.9412
-0.386412	-251.56	-36.5339	76.9947
-0.309346	-252.057	-36.597	77.0504
-0.219134	-252.552	-36.6632	77.1062
-0.147252	-253.058	-36.7328	77.1624
-0.0611979	-253.545	-36.805	77.2172
0.0107358	-254.028	-36.882	77.2716
0.107059	-254.527	-36.9664	77.328
0.164221	-254.998	-37.0531	77.381
0.223287	-255.464	-37.1394	77.433
0.293839	-255.948	-37.2278	77.4871
0.332538	-256.435	-37.3175	77.541
0.381278	-256.917	-37.4024	77.5945
0.420981	-257.388	-37.4873	77.647
0.468366	-257.885	-37.5811	77.7019
0.493917	-258.374	-37.673	77.7551
0.517622	-258.855	-37.7622	77.8068
0.519978	-259.354	-37.8531	77.8604
0.518295	-259.85	-37.9369	77.9136
0.499793	-260.352	-38.0167	77.9675
0.474641	-260.837	-38.0877	78.0193
0.443086	-261.329	-38.1499	78.0722
0.40261	-261.817	-38.2067	78.1253
0.336795	-262.29	-38.2575	78.1774
0.280937	-262.77	-38.3087	78.2302
0.227716	-263.239	-38.3548	78.2819
0.143928	-263.728	-38.4125	78.3362
0.0775278	-264.206	-38.4732	78.3898
0.0335974	-264.668	-38.5354	78.441
-0.0700351	-265.177	-38.6128	78.4982
-0.120626	-265.678	-38.6974	78.5532
-0.197947	-266.161	-38.7851	78.607
-0.253758	-266.649	-38.8784	78.6601
-0.295495	-267.127	-38.977	78.7123
-0.345572	-267.615	-39.0732	78.7656
-0.400645	-268.119	-39.1747	78.8204
-0.441679	-268.62	-39.2694	78.8751
-0.486288	-269.106	-39.3593	78.9276
-0.516889	-269.587	-39.4468	78.9796
-0.54681	-270.054	-39.5299	79.0299
-0.574559	-270.525	-39.6111	79.0811
-0.595705	-270.997	-39.6885	79.1323
-0.610829	-271.471	-39.765	79.1837
-0.619024	-271.95	-39.842	79.2359
-0.61813	-272.419	-39.9181	79.2869
-0.61095	-272.907	-39.9982	79.3399
-0.594312	-273.395	-40.0779	79.3927
-0.570849	-273.866	-40.1522	79.444
-0.524749	-274.381	-40.2306	79.5
-0.478674	-274.842	-40.2969	79.5508
-0.427244	-275.299	-40.3609	79.6011
-0.371628	-275.771	-40.4264	79.653
-0.287126	-276.264	-40.4934	79.7073
-0.209656	-276.734	-40.5545	79.7593
-0.13499	-277.194	-40.6132	79.8106
-0.0512168	-277.639	-40.6692	79.8607
0.0245074	-278.12	-40.7308	79.9149
0.117334	-278.616	-40.799	79.9706
0.193212	-279.071	-40.8594	80.0221
0.271981	-279.526	-40.9228	80.0733
0.371628	-280.015	-40.9941	80.1285
0.445314	-280.521	-41.0684	80.1851
0.535118	-280.983	-41.1381	80.2367
0.605143	-281.444	-41.2114	80.2881
0.670899	-281.928	-41.2932	80.3418
0.737867	-282.393	-41.372	80.3937
0.817489	-282.89	-41.4553	80.4494
0.880797	-283.347	-41.5325	80.5004
0.934983	-283.792	-41.6074	80.5506
0.983828	-284.244	-41.6828	80.6009
1.02976	-284.719	-41.7647	80.6538
1.08913	-285.199	-41.8477	80.7069
1.12375	-285.695	-41.9338	80.761
1.15388	-286.19	-42.0206	80.8149
1.18505	-286.684	-42.1046	80.8685
1.20405	-287.191	-42.1909	80.923
1.22335	-287.696	-42.2754	80.9778
1.22703	-288.193	-42.3593	81.0312
1.22442	-288.704	-42.4438	81.0863
1.20987	-289.205	-42.5255	81.1404
1.18816	-289.724	-42.6096	81.1965
1.15627	-290.217	-42.6876	81.2502
1.12553	-290.691	-42.7577	81.3021
1.08907	-291.183	-42.8275	81.3564
1.02478	-291.672	-42.8973	81.4107
0.977262	-292.149	-42.9662	81.4634
0.920457	-292.609	-43.0353	81.5149
0.856619	-293.065	-43.1032	81.5663
0.767475	-293.523	-43.1711	81.6182
0.692476	-293.994	-43.24	81.6715
0.630919	-294.457	-43.3052	81.724
0.51231	-294.93	-43.3741	81.7791
0.435138	-295.374	-43.4413	81.83
0.354843	-295.824	-43.5115	81.8818
0.266835	-296.292	-43.5842	81.9344
0.179152	-296.742	-43.6539	81.9861
0.0558001	-297.212	-43.7267	82.0399
-0.0156859	-297.701	-43.8029	82.0948
-0.128656	-298.161	-43.8766	82.148
-0.207989	-298.626	-43.9531	82.2006
-0.276488	-299.088	-44.0296	82.2517
-0.340013	-299.537	-44.104	82.3017
-0.40393	-299.989	-44.1795	82.3524
-0.469566	-300.456	-44.258	82.4041
-0.52719	-300.918	-44.3362	82.4558
-0.57935	-301.378	-44.4144	82.5062
-0.638412	-301.85	-44.4938	82.558
-0.681401	-302.341	-44.5744	82.6115
-0.708996	-302.815	-44.6525	82.6629
-0.729875	-303.277	-44.7277	82.7134
-0.742741	-303.756	-44.8057	82.7659
-0.745458	-304.243	-44.8853	82.8189
-0.73706	-304.735	-44.9667	82.8724
-0.721885	-305.215	-45.0456	82.9243
-0.68757	-305.699	-45.1217	82.9766
-0.655137	-306.162	-45.1907	83.0272
-0.593988	-306.626	-45.2571	83.0785
-0.53886	-307.098	-45.3225	83.1313
-0.486131	-307.553	-45.3812	83.1822
-0.419517	-308.031	-45.4452	83.2362
-0.326064	-308.519	-45.5108	83.2917
-0.24849	-309.014	-45.5771	83.3478
-0.149583	-309.469	-45.6396	83.4
-0.0678988	-309.934	-45.7045	83.452
0.0146988	-310.406	-45.7704	83.5044
0.125611	-310.884	-45.8399	83.5585
0.21159	-311.353	-45.9095	83.6104
0.301862	-311.86	-45.986	83.6668
0.404934	-312.338	-46.0604	83.7197
0.484859	-312.83	-46.1378	83.7739
0.559521	-313.294	-46.2117	83.825
0.663531	-313.804	-46.2938	83.8818
0.727284	-314.265	-46.3696	83.9323
0.795704	-314.748	-46.45	83.9852
0.860575	-315.211	-46.5288	84.0361
0.935401	-315.701	-46.6134	84.0902
0.984484	-316.191	-46.7001	84.1436
1.03772	-316.673	-46.7831	84.1964
1.08999	-317.181	-46.8694	84.2518
1.12617	-317.663	-46.9515	84.3042
1.16345	-318.184	-47.0375	84.3606
1.18345	-318.673	-47.1193	84.4135
1.20131	-319.187	-47.2045	84.4689
1.20808	-319.679	-47.2865	84.5224
1.20776	-320.19	-47.37	84.5777
1.1957	-320.691	-47.4504	84.6319
1.17495	-321.182	-47.5252	84.6852
1.14018	-321.674	-47.5959	84.7391
1.10518	-322.157	-47.6599	84.7926
1.06686	-322.639	-47.7252	84.8463
1.02164	-323.097	-47.7885	84.8976
0.95245	-323.551	-47.8531	84.949
0.894852	-324.014	-47.9201	85.0013
0.833629	-324.462	-47.984	85.0528
0.753335	-324.919	-48.0519	85.1052
0.665882	-325.373	-48.1221	85.1578
0.5587	-325.838	-48.1939	85.2115
0.468043	-326.273	-48.2611	85.2624
0.363886	-326.74	-48.3335	85.3158
0.260192	-327.186	-48.4055	85.3662
0.138686	-327.663	-48.4833	85.4204
0.0513728	-328.134	-48.5604	85.4725
-0.0287662	-328.621	-48.6417	85.5263
-0.137063	-329.095	-48.7222	85.5794
-0.214045	-329.58	-48.8062	85.6328
-0.291223	-330.065	-48.8895	85.6856
-0.36813	-330.544	-48.9714	85.7384
-0.434848	-331.016	-49.0498	85.7903
-0.495143	-331.481	-49.1267	85.8416
-0.550063	-331.96	-49.2068	85.8938
-0.589841	-332.428	-49.2852	85.9448
-0.624589	-332.907	-49.3651	85.9969
-0.653426	-333.385	-49.4443	86.0489
-0.667256	-333.86	-49.5225	86.1005
-0.671867	-334.325	-49.5986	86.1518
-0.660142	-334.819	-49.6786	86.2059
-0.642514	-335.29	-49.7541	86.2576
-0.606528	-335.797	-49.837	86.3127
-0.568372	-336.278	-49.915	86.3653
-0.529272	-336.754	-49.9877	86.4177
-0.471207	-337.231	-50.0579	86.4701
-0.438136	-337.72	-50.1261	86.5232
-0.384574	-338.186	-50.1918	86.5745
-0.306808	-338.695	-50.2653	86.6309
-0.248383	-339.192	-50.3382	86.686
-0.166663	-339.686	-50.4109	86.7409
-0.105228	-340.189	-50.482	86.7968
-0.0344814	-340.64	-50.5459	86.847
0.0404818	-341.113	-50.6142	86.8992
0.142231	-341.585	-50.6829	86.9517
0.235166	-342.084	-50.7531	87.0065
0.317241	-342.556	-50.821	87.0581
0.402205	-343.013	-50.8877	87.1087
0.506353	-343.532	-50.9649	87.1654
0.582759	-344.002	-51.0364	87.2177
0.677313	-344.498	-51.1135	87.2729
0.736758	-344.955	-51.1876	87.3232
0.803822	-345.444	-51.2689	87.3767
0.868945	-345.957	-51.3577	87.4331
0.923741	-346.448	-51.4444	87.4872
0.998516	-346.934	-51.5307	87.5409
1.04072	-347.422	-51.6176	87.594
1.1017	-347.919	-51.7033	87.6484
1.13931	-348.406	-51.7879	87.7012
1.17237	-348.911	-51.8758	87.7552
1.1929	-349.421	-51.9615	87.8101
1.20856	-349.925	-52.0439	87.8644
1.21249	-350.414	-52.1212	87.9173
1.20058	-350.915	-52.198	87.9716
1.19079	-351.427	-52.2732	88.0271
1.1553	-351.904	-52.3428	88.0801
1.12497	-352.386	-52.4124	88.1334
1.08068	-352.862	-52.4801	88.1865
1.0197	-353.346	-52.5498	88.2405
0.960288	-353.799	-52.6143	88.2915
0.904579	-354.258	-52.6778	88.3436
0.831619	-354.718	-52.742	88.3954
0.74818	-355.162	-52.803	88.4464
0.66196	-355.624	-52.8675	88.4986
0.548691	-356.09	-52.9335	88.5514
0.459125	-356.568	-53.0034	88.6047
0.37111	-357.03	-53.0733	88.656
0.279551	-357.513	-53.1476	88.7097
0.184309	-357.968	-53.2201	88.76
0.105631	-358.457	-53.3009	88.8142
0.0397252	-358.923	-53.3799	88.8651
-0.0400175	-359.417	-53.4655	88.9197
-0.0996795	-359.906	-53.5518	88.9731
-0.150787	-360.401	-53.6408	89.027
-0.203402	-360.87	-53.7231	89.0781
-0.252276	-361.359	-53.8087	89.1317
-0.290766	-361.828	-53.8914	89.183
-0.32724	-362.304	-53.9743	89.2346
-0.360789	-362.771	-54.0527	89.2852
-0.389473	-363.229	-54.1288	89.3354
-0.412447	-363.711	-54.2082	89.3879
-0.436524	-364.195	-54.2903	89.4404
-0.450514	-364.664	-54.3714	89.491
-0.461283	-365.134	-54.4514	89.5417
-0.459754	-365.637	-54.5331	89.596
-0.456401	-366.108	-54.6096	89.6475
-0.443322	-366.603	-54.691	89.7014
-0.413233	-367.079	-54.7679	89.7536
-0.385663	-367.548	-54.8414	89.805
-0.351562	-368.034	-54.9154	89.8582
-0.303192	-368.52	-54.9872	89.9118
-0.265445	-368.979	-55.0522	89.9619
-0.24028	-369.49	-55.1226	90.0175
-0.189205	-369.979	-55.1939	90.0707
-0.153019	-370.463	-55.2688	90.1244
-0.0991914	-370.95	-55.3427	90.1782
-0.04015	-371.428	-55.4151	90.2303
0.0136357	-371.893	-55.4865	90.2811
0.0771294	-372.401	-55.5655	90.3369
0.151158	-372.902	-55.6441	90.3917
0.218534	-373.428	-55.7264	90.4484
0.288375	-373.903	-55.7994	90.4995
0.369254	-374.42	-55.8783	90.555
0.439604	-374.883	-55.9487	90.6052
0.502209	-375.398	-56.0286	90.6607
0.576269	-375.869	-56.1016	90.7115
0.637136	-376.367	-56.179	90.7651
0.685343	-376.868	-56.2575	90.8194
0.748505	-377.356	-56.3356	90.8727
0.792456	-377.868	-56.4181	90.9282
0.838458	-378.352	-56.4975	90.9813
0.871692	-378.841	-56.5801	91.0349
0.900887	-379.325	-56.6606	91.0879
0.928251	-379.811	-56.7416	91.1411
0.940695	-380.294	-56.823	91.1941
0.94595	-380.792	-56.9093	91.2487
0.953704	-381.278	-56.9942	91.3019
0.940874	-381.778	-57.0847	91.3566
0.932914	-382.284	-57.1757	91.4115
0.91207	-382.767	-57.262	91.464
0.885136	-383.267	-57.3517	91.5183
0.849187	-383.761	-57.4362	91.5721
0.818972	-384.253	-57.516	91.6261
0.775231	-384.717	-57.5863	91.6779
0.729095	-385.166	-57.6514	91.7283
0.675258	-385.611	-57.7139	91.7791
0.609241	-386.053	-57.7733	91.8299
0.520889	-386.507	-57.8344	91.8823
0.445631	-386.959	-57.8942	91.9351
0.361341	-387.405	-57.9551	91.9872
0.269156	-387.833	-58.0128	92.0379
0.159537	-388.283	-58.0739	92.0909
0.0818507	-388.753	-58.1358	92.1449
-0.0127243	-389.217	-58.1992	92.1982
-0.109527	-389.69	-58.2648	92.2518
-0.198217	-390.154	-58.3306	92.3048
-0.268046	-390.611	-58.3973	92.356
-0.350524	-391.101	-58.4746	92.4104
-0.444039	-391.572	-58.5529	92.462
-0.507543	-392.036	-58.6328	92.5131
-0.56884	-392.503	-58.7136	92.5641
-0.628287	-392.967	-58.7939	92.6147
-0.68066	-393.471	-58.8802	92.6694
-0.731132	-393.949	-58.959	92.721
-0.764861	-394.418	-59.0344	92.7714
-0.788756	-394.891	-59.1092	92.8222
-0.803991	-395.359	-59.1816	92.8726
-0.811098	-395.88	-59.2624	92.9289
-0.803807	-396.376	-59.3391	92.9826
-0.78762	-396.859	-59.4127	93.0349
-0.76747	-397.353	-59.4863	93.0883
-0.723612	-397.827	-59.5565	93.1401
-0.679611	-398.291	-59.6253	93.1909
-0.625716	-398.774	-59.6978	93.2442
-0.57383	-399.243	-59.7678	93.2958
-0.511651	-399.705	-59.8374	93.3471
-0.445274	-400.152	-59.9048	93.3972
-0.355576	-400.634	-59.9782	93.4519
-0.273585	-401.094	-60.0477	93.5043
-0.193183	-401.565	-60.117	93.5578
-0.0754399	-402.048	-60.1866	93.6143
0.0234581	-402.533	-60.2553	93.6699
0.118051	-402.984	-60.3204	93.7213
0.235688	-403.445	-60.3885	93.7745
0.329805	-403.938	-60.4629	93.8305
0.435448	-404.427	-60.5408	93.8857
0.53021	-404.91	-60.6203	93.9396
0.625071	-405.375	-60.6996	93.9917
0.683992	-405.879	-60.7877	94.0479
0.737091	-406.333	-60.8669	94.0984
0.788698	-406.8	-60.9486	94.1497
0.845488	-407.259	-61.0285	94.2004
0.902498	-407.743	-61.1124	94.2542
0.932843	-408.223	-61.1975	94.3066
0.959159	-408.714	-61.2822	94.3598
0.982462	-409.211	-61.3659	94.4136
0.99035	-409.696	-61.4469	94.4664
0.989139	-410.173	-61.5242	94.5183
0.972346	-410.664	-61.6017	94.5715
0.947988	-411.145	-61.6764	94.6237
0.921841	-411.65	-61.7521	94.6784
0.879394	-412.133	-61.8226	94.7316
0.82586	-412.584	-61.8883	94.7816
0.750352	-413.058	-61.9572	94.8348
0.683388	-413.525	-62.0221	94.8871
0.611419	-413.986	-62.085	94.9389
0.497796	-414.479	-62.1507	94.995
0.408133	-414.952	-62.2107	95.0486
0.296823	-415.407	-62.2707	95.1014
0.20023	-415.859	-62.3315	95.1535
0.105351	-416.305	-62.3944	95.2045
0.0108135	-416.746	-62.4589	95.2554
-0.0741601	-417.187	-62.5276	95.3057
-0.17044	-417.669	-62.6081	95.3602
-0.254201	-418.122	-62.6872	95.4113
-0.353261	-418.576	-62.769	95.4628
-0.423213	-419.04	-62.8527	95.5151
-0.487234	-419.51	-62.9395	95.5676
-0.549676	-419.972	-63.0229	95.6192
-0.6214	-420.456	-63.1106	95.6728
-0.664482	-420.92	-63.1957	95.7239
-0.704948	-421.386	-63.2797	95.7748
-0.737027	-421.883	-63.3679	95.8285
-0.76448	-422.368	-63.4493	95.8811
-0.785817	-422.84	-63.5252	95.9324
-0.797023	-423.344	-63.6021	95.9874
-0.789943	-423.848	-63.6766	96.0431
-0.776851	-424.348	-63.7458	96.0981
-0.750795	-424.806	-63.8078	96.1491
-0.717825	-425.265	-63.869	96.2004
-0.662238	-425.732	-63.9314	96.2528
-0.616309	-426.217	-63.9944	96.3075
-0.550526	-426.659	-64.0546	96.3579
-0.482446	-427.131	-64.1211	96.4114
-0.412399	-427.566	-64.1833	96.4615
-0.322303	-428.052	-64.257	96.5168
-0.24348	-428.501	-64.3265	96.5679
-0.153661	-428.939	-64.3941	96.6182
-0.0563112	-429.38	-64.4594	96.6693
0.050826	-429.834	-64.526	96.7218
0.149557	-430.3	-64.5939	96.7749
0.248297	-430.793	-64.6664	96.8307
0.36234	-431.275	-64.7372	96.8855
0.468108	-431.746	-64.805	96.9392
0.586565	-432.214	-64.8739	96.9931
0.668206	-432.701	-64.9479	97.0481
0.750704	-433.157	-65.0195	97.0992
0.856527	-433.646	-65.0984	97.1541
0.933751	-434.128	-65.1785	97.2076
1.01713	-434.602	-65.2575	97.26
1.0825	-435.067	-65.3353	97.3111
1.14427	-435.521	-65.4112	97.3613
1.20117	-436.03	-65.4969	97.4174
1.26229	-436.531	-65.5803	97.4725
1.2962	-437.05	-65.6667	97.5292
1.3288	-437.511	-65.7425	97.5795
1.35868	-438.015	-65.8246	97.634
1.37584	-438.519	-65.9073	97.6881
1.39033	-439.008	-65.9863	97.7406
1.40492	-439.505	-66.0662	97.794
1.40718	-440.001	-66.1451	97.8471
1.4049	-440.522	-66.2262	97.9028
1.39004	-441.012	-66.3003	97.9557
1.38044	-441.529	-66.3753	98.0114
1.35727	-442.021	-66.4453	98.0648
1.33963	-442.533	-66.515	98.1205
1.31101	-442.994	-66.5786	98.171
1.27456	-443.507	-66.6488	98.2276
1.23563	-444.013	-66.7206	98.2832
1.20946	-444.508	-66.7902	98.3377
1.1827	-445.011	-66.864	98.3929
1.14535	-445.504	-66.9372	98.4467
1.1113	-445.989	-67.0112	98.4993
1.07217	-446.476	-67.0869	98.5523
1.03352	-446.965	-67.1639	98.6055
0.999837	-447.453	-67.2419	98.6583
0.95269	-447.964	-67.3235	98.7135
0.918497	-448.447	-67.4009	98.7661
0.878683	-448.953	-67.482	98.8207
0.835461	-449.436	-67.559	98.873
0.797364	-449.939	-67.6374	98.9274
0.76071	-450.43	-67.7117	98.9809
0.723038	-450.928	-67.7839	99.035
0.688442	-451.419	-67.8507	99.0885
0.656095	-451.908	-67.9179	99.1418
0.619013	-452.395	-67.984	99.1951
0.587694	-452.855	-68.0465	99.2453
0.557775	-453.348	-68.1111	99.2994
0.529778	-453.821	-68.1735	99.3515
0.498409	-454.3	-68.2361	99.4041
0.472582	-454.76	-68.2951	99.4552
0.44967	-455.223	-68.3539	99.5068
0.429333	-455.7	-68.4121	99.5599
