x	y	z	t
0.475615	450.091	73.2772	0.0522035
0.473234	449.573	73.1993	0.107718
0.471469	449.032	73.1193	0.165586
0.471039	448.522	73.0443	0.220423
0.473477	448.023	72.9712	0.274338
0.473461	447.507	72.8953	0.329802
0.474607	447.037	72.8242	0.380329
0.4749	446.518	72.7442	0.435931
0.475698	446.022	72.6667	0.489273
0.477327	445.518	72.5875	0.543381
0.478367	445.045	72.5124	0.594267
0.47847	444.562	72.4355	0.646241
0.478396	444.07	72.3582	0.699036
0.480891	443.567	72.2794	0.753123
0.480627	443.081	72.2033	0.805244
0.481617	442.584	72.1259	0.858477
0.483037	442.073	72.0458	0.913547
0.481679	441.584	71.9694	0.965902
0.482929	441.066	71.888	1.02138
0.482488	440.571	71.8098	1.07451
0.480866	440.059	71.7285	1.12916
0.482113	439.555	71.6486	1.18295
0.481684	439.083	71.5734	1.23354
0.480445	438.606	71.4975	1.28476
0.480391	438.116	71.4202	1.33732
0.480896	437.636	71.3442	1.38917
0.480827	437.157	71.2687	1.44064
0.481212	436.668	71.1917	1.49301
0.480538	436.159	71.1113	1.54786
0.48	435.671	71.0352	1.60041
0.479694	435.205	70.9618	1.65067
0.476817	434.698	70.8815	1.70507
0.472367	434.209	70.803	1.75767
0.463623	433.681	70.7173	1.81439
0.454236	433.184	70.6357	1.86793
0.444763	432.692	70.557	1.92107
0.430968	432.215	70.4819	1.97294
0.425202	431.692	70.4009	2.02913
0.416888	431.2	70.3259	2.08184
0.414776	430.718	70.2508	2.1337
0.416729	430.241	70.1764	2.18466
0.42076	429.77	70.1042	2.23506
0.429162	429.302	70.0354	2.2855
0.430572	428.806	69.9603	2.33847
0.434052	428.268	69.8777	2.39549
0.439487	427.741	69.7969	2.4514
0.444616	427.219	69.7171	2.50705
0.446102	426.743	69.6426	2.55777
0.445558	426.255	69.5645	2.6096
0.444323	425.767	69.4855	2.66155
0.439859	425.276	69.4066	2.71392
0.437451	424.757	69.3246	2.76947
0.434583	424.288	69.2494	2.81967
0.431604	423.781	69.1671	2.87363
0.428204	423.292	69.0845	2.92586
0.423625	422.782	68.9982	2.98061
0.41659	422.279	68.9123	3.03492
0.39725	421.801	68.8334	3.08702
0.376325	421.292	68.7529	3.14212
0.347137	420.784	68.6727	3.19701
0.322082	420.276	68.594	3.252
0.297291	419.798	68.519	3.30387
0.267637	419.267	68.4346	3.36083
0.244737	418.801	68.3615	3.41097
0.223288	418.328	68.2863	3.46207
0.204931	417.863	68.2105	3.51232
0.183681	417.353	68.129	3.56766
0.166135	416.861	68.0536	3.62081
0.147631	416.387	67.9821	3.67184
0.122185	415.865	67.9038	3.72833
0.0951787	415.363	67.8281	3.78248
0.0780499	414.867	67.7546	3.83612
0.0525352	414.382	67.6806	3.88867
0.018352	413.887	67.6029	3.94212
-0.0113518	413.392	67.523	3.99567
-0.0401702	412.892	67.4431	4.04926
-0.0757259	412.411	67.3668	4.10128
-0.123857	411.939	67.2919	4.15254
-0.165515	411.417	67.2102	4.20845
-0.203006	410.94	67.136	4.25989
-0.237502	410.46	67.0616	4.31094
-0.280209	409.971	66.986	4.36356
-0.309491	409.489	66.9116	4.41532
-0.332904	408.986	66.8316	4.46901
-0.35458	408.499	66.7531	4.52056
-0.378882	408.006	66.674	4.57364
-0.390891	407.514	66.5934	4.62616
-0.401902	407.039	66.5154	4.67724
-0.40698	406.56	66.4368	4.72862
-0.415467	406.035	66.3524	4.78535
-0.409512	405.525	66.2694	4.84012
-0.411007	405.033	66.1887	4.8931
-0.40518	404.563	66.1127	4.94372
-0.400976	404.083	66.0361	4.99542
-0.394831	403.576	65.9558	5.04986
-0.387603	403.085	65.878	5.10282
-0.38185	402.552	65.7912	5.15965
-0.374951	402.067	65.7129	5.21191
-0.353042	401.591	65.637	5.26359
-0.343063	401.09	65.5589	5.31744
-0.313282	400.576	65.4828	5.37306
-0.294051	400.11	65.416	5.42407
-0.266055	399.639	65.3491	5.47578
-0.234682	399.183	65.2883	5.52624
-0.193962	398.727	65.2244	5.57688
-0.133689	398.235	65.1514	5.63161
-0.0872961	397.758	65.0779	5.68414
-0.0430446	397.287	65.0038	5.73565
0.00446011	396.767	64.9189	5.79228
0.0534081	396.288	64.8397	5.84399
0.108178	395.772	64.7543	5.89998
0.159898	395.254	64.6686	5.95629
0.201603	394.753	64.5866	6.01032
0.246299	394.248	64.505	6.06514
0.274005	393.726	64.4199	6.12122
0.30283	393.234	64.3388	6.17398
0.319065	392.746	64.2569	6.22627
0.327535	392.234	64.1695	6.28126
0.335048	391.729	64.0854	6.33573
0.334083	391.243	64.0037	6.38831
0.331485	390.76	63.922	6.44105
0.319652	390.252	63.8372	6.49593
0.306623	389.731	63.7513	6.55196
0.279373	389.254	63.6764	6.60379
0.261897	388.769	63.6044	6.65649
0.233547	388.306	63.5384	6.7066
0.199638	387.799	63.4661	6.76163
0.152429	387.308	63.3941	6.8151
0.113559	386.836	63.3287	6.86656
0.0646265	386.333	63.2587	6.92168
0.00417068	385.828	63.1871	6.97748
-0.0534824	385.34	63.1145	7.03035
-0.124681	384.856	63.0411	7.08341
-0.183941	384.366	62.9665	7.13688
-0.254166	383.888	62.8936	7.18938
-0.325078	383.4	62.8172	7.24287
-0.417078	382.932	62.7419	7.29492
-0.477996	382.445	62.6606	7.34781
-0.533578	381.962	62.5797	7.40009
-0.58996	381.482	62.4973	7.45203
-0.656763	381.013	62.4161	7.5034
-0.685886	380.514	62.3288	7.55703
-0.728548	380.027	62.2449	7.60963
-0.75895	379.517	62.157	7.66426
-0.789567	379.033	62.0747	7.71597
-0.804057	378.555	61.9962	7.76693
-0.822811	378.053	61.9177	7.82044
-0.837093	377.562	61.8405	7.87277
-0.848183	377.085	61.7638	7.92385
-0.849902	376.605	61.6844	7.97532
-0.846111	376.085	61.5996	8.0312
-0.838182	375.621	61.5239	8.08145
-0.821263	375.147	61.4479	8.1326
-0.80146	374.676	61.3751	8.18358
-0.778315	374.188	61.3022	8.23686
-0.763568	373.681	61.2301	8.29237
-0.7385	373.211	61.1656	8.34361
-0.695064	372.72	61.1013	8.39752
-0.662428	372.242	61.0396	8.45007
-0.607322	371.758	60.9765	8.50365
-0.577417	371.27	60.9145	8.55731
-0.521419	370.801	60.8519	8.60952
-0.47346	370.325	60.7856	8.66246
-0.39909	369.847	60.7169	8.71602
-0.347318	369.384	60.6491	8.76699
-0.293905	368.929	60.5793	8.8171
-0.236927	368.471	60.5073	8.86728
-0.181372	367.971	60.4298	8.92204
-0.10583	367.459	60.349	8.97835
-0.0539556	366.99	60.2719	9.02942
-0.00378	366.491	60.1889	9.08336
0.0545532	366.029	60.1105	9.13396
0.100718	365.565	60.0311	9.18462
0.133967	365.075	59.9463	9.23788
0.164262	364.541	59.8563	9.29542
0.186047	364.053	59.7713	9.34796
0.199356	363.555	59.6857	9.40213
0.214789	363.046	59.5985	9.45699
0.212403	362.559	59.5144	9.50917
0.212425	362.076	59.4329	9.56155
0.208344	361.56	59.3453	9.61734
0.196333	361.063	59.2594	9.67098
0.174669	360.574	59.1795	9.72391
0.155392	360.102	59.1064	9.77526
0.13651	359.619	59.0384	9.82749
0.113434	359.138	58.9758	9.87892
0.0742678	358.63	58.9117	9.93371
0.0374282	358.147	58.8507	9.98627
0.00562349	357.614	58.7809	10.0428
-0.052591	357.13	58.714	10.095
-0.101674	356.592	58.6392	10.1524
-0.158238	356.065	58.5649	10.2092
-0.206439	355.568	58.4926	10.263
-0.272546	355.057	58.4149	10.3182
-0.32221	354.582	58.3389	10.3688
-0.368995	354.095	58.2594	10.421
-0.411298	353.596	58.1749	10.4743
-0.469646	353.113	58.0904	10.5266
-0.51449	352.648	58.0083	10.5769
-0.557335	352.164	57.9223	10.6291
-0.58821	351.688	57.8405	10.6806
-0.624463	351.198	57.7564	10.7336
-0.650326	350.737	57.6767	10.784
-0.673323	350.274	57.5963	10.8342
-0.687162	349.778	57.5111	10.8877
-0.691281	349.31	57.4287	10.9383
-0.698039	348.809	57.3445	10.9922
-0.701339	348.332	57.2663	11.044
-0.705802	347.867	57.1895	11.0947
-0.699992	347.385	57.1101	11.147
-0.690049	346.907	57.0327	11.1992
-0.681033	346.43	56.9594	11.251
-0.670773	345.972	56.8935	11.3013
-0.657841	345.511	56.8278	11.3514
-0.629599	345.001	56.7589	11.4069
-0.610316	344.536	56.7022	11.4576
-0.581422	344.049	56.6412	11.5099
-0.553577	343.566	56.5819	11.5619
-0.52542	343.106	56.5269	11.6119
-0.496544	342.588	56.4625	11.6683
-0.463175	342.089	56.398	11.7229
-0.429742	341.623	56.3367	11.774
-0.391925	341.114	56.2662	11.8292
-0.36564	340.64	56.194	11.8809
-0.337572	340.174	56.1184	11.9319
-0.312033	339.702	56.0411	11.9837
-0.263752	339.198	55.9572	12.0388
-0.222558	338.719	55.8769	12.0911
-0.182541	338.26	55.7971	12.1411
-0.123055	337.737	55.7068	12.1979
-0.0764913	337.223	55.6168	12.2537
-0.0185993	336.73	55.5346	12.3075
0.0242909	336.266	55.4593	12.3576
0.0677641	335.791	55.3842	12.4092
0.114789	335.284	55.3034	12.4642
0.14363	334.825	55.2265	12.5143
0.182092	334.344	55.1432	12.5661
0.213093	333.88	55.0608	12.6165
0.228003	333.374	54.9692	12.671
0.248698	332.853	54.8771	12.7272
0.249904	332.349	54.7871	12.7818
0.246189	331.825	54.6959	12.8384
0.237488	331.343	54.6158	12.8902
0.223712	330.839	54.5367	12.9451
0.201821	330.341	54.4624	12.9996
0.180865	329.856	54.3905	13.0528
0.152008	329.381	54.3224	13.1049
0.133045	328.914	54.2595	13.1562
0.109419	328.452	54.2019	13.2063
0.0883789	327.931	54.1395	13.2627
0.0612375	327.457	54.0802	13.3142
0.0188491	326.954	54.0177	13.3688
-0.0172875	326.454	53.9505	13.4226
-0.0639043	325.927	53.8783	13.4792
-0.103791	325.451	53.8092	13.5306
-0.140788	324.965	53.7356	13.5834
-0.194407	324.477	53.6582	13.6366
-0.227934	323.941	53.569	13.6945
-0.261598	323.477	53.491	13.745
-0.294197	322.983	53.4038	13.7988
-0.322793	322.517	53.3207	13.8498
-0.351375	322.041	53.2371	13.9012
-0.382333	321.559	53.153	13.9531
-0.41622	321.064	53.065	14.0062
-0.434741	320.557	52.9727	14.0599
-0.454458	320.086	52.8904	14.1107
-0.473698	319.573	52.8015	14.1661
-0.47624	319.076	52.7135	14.2193
-0.486237	318.604	52.634	14.2702
-0.495276	318.114	52.5534	14.3232
-0.501944	317.626	52.4719	14.3758
-0.507007	317.145	52.3928	14.4277
-0.507076	316.67	52.3149	14.4788
-0.501858	316.169	52.2339	14.5326
-0.492956	315.692	52.1599	14.584
-0.480344	315.223	52.092	14.6346
-0.466033	314.76	52.0273	14.6848
-0.447433	314.248	51.9584	14.7403
-0.418338	313.739	51.8881	14.7959
-0.404268	313.246	51.82	14.8494
-0.386803	312.77	51.7512	14.9011
-0.34716	312.267	51.6765	14.9563
-0.319736	311.803	51.6069	15.007
-0.298934	311.298	51.5318	15.0618
-0.25572	310.837	51.4641	15.1129
-0.200168	310.37	51.397	15.1639
-0.12316	309.909	51.3312	15.215
-0.051263	309.455	51.2662	15.2654
0.0221016	308.996	51.2015	15.3163
0.0782133	308.499	51.1308	15.3706
0.13664	308.029	51.0588	15.4222
0.187443	307.567	50.9868	15.4728
0.235707	307.096	50.9115	15.524
0.287237	306.589	50.8257	15.5792
0.331547	306.082	50.7379	15.634
0.374787	305.616	50.6575	15.6846
0.41763	305.145	50.5762	15.7354
0.459701	304.622	50.4846	15.7919
0.493741	304.11	50.3973	15.847
0.516414	303.62	50.3142	15.8995
0.53352	303.147	50.2358	15.9507
0.541109	302.67	50.1574	16.0023
0.538202	302.197	50.0802	16.0538
0.525125	301.737	50.0072	16.1042
0.502078	301.216	49.9277	16.1608
0.478457	300.746	49.8588	16.2118
0.438052	300.252	49.7877	16.2662
0.407302	299.768	49.7204	16.3192
0.378411	299.285	49.6546	16.3726
0.337165	298.8	49.5847	16.4257
0.282267	298.324	49.5148	16.4785
0.23151	297.828	49.4407	16.5328
0.158368	297.312	49.3614	16.5891
0.0986747	296.836	49.2867	16.6409
0.0343136	296.348	49.2118	16.6939
-0.0483456	295.86	49.1362	16.7477
-0.103759	295.348	49.0538	16.8032
-0.164777	294.863	48.9751	16.8555
-0.236229	294.36	48.8919	16.9102
-0.28739	293.867	48.8101	16.9637
-0.348887	293.362	48.7268	17.0188
-0.385216	292.887	48.6467	17.0701
-0.426458	292.37	48.5597	17.126
-0.472547	291.885	48.4771	17.1789
-0.502631	291.406	48.3941	17.2309
-0.523524	290.939	48.3133	17.2817
-0.544718	290.45	48.2286	17.3344
-0.57295	289.963	48.1449	17.3872
-0.585266	289.475	48.0616	17.4396
-0.590047	289.003	47.9803	17.4906
-0.595571	288.491	47.8954	17.5453
-0.598905	288.014	47.8178	17.5965
-0.595731	287.521	47.74	17.6495
-0.587223	287.029	47.6631	17.7025
-0.577612	286.547	47.5878	17.7544
-0.566287	286.064	47.5137	17.8066
-0.54559	285.564	47.4378	17.8605
-0.527284	285.085	47.3674	17.9122
-0.511745	284.616	47.299	17.9628
-0.492492	284.153	47.2312	18.0132
-0.451697	283.646	47.1597	18.069
-0.419381	283.185	47.0978	18.1195
-0.396809	282.724	47.0393	18.1702
-0.362465	282.243	46.977	18.223
-0.321703	281.79	46.92	18.2731
-0.255723	281.289	46.8531	18.3295
-0.208746	280.826	46.7921	18.3813
-0.152051	280.354	46.7261	18.434
-0.0809735	279.855	46.6517	18.4895
-0.0290214	279.356	46.5739	18.5442
0.0270846	278.884	46.4985	18.5961
0.0902336	278.427	46.4237	18.6466
0.159902	277.95	46.3445	18.6989
0.210489	277.453	46.2611	18.753
0.259577	276.986	46.1828	18.8041
0.303191	276.528	46.1053	18.8542
0.338862	276.068	46.027	18.9044
0.38857	275.558	45.9418	18.9603
0.415956	275.051	45.8566	19.0159
0.451557	274.576	45.7769	19.0677
0.467215	274.117	45.6984	19.1178
0.4746	273.613	45.6098	19.1728
0.480226	273.139	45.5261	19.2244
0.481127	272.659	45.4419	19.2762
0.480007	272.177	45.3584	19.3283
0.472361	271.698	45.2775	19.3801
0.461444	271.233	45.1996	19.4304
0.443475	270.769	45.1258	19.4804
0.425033	270.291	45.0546	19.532
0.399636	269.786	44.9826	19.5865
0.363991	269.299	44.9172	19.6395
0.330171	268.81	44.8562	19.6928
0.297098	268.336	44.7963	19.7446
0.243102	267.85	44.7338	19.7976
0.189253	267.379	44.6709	19.8492
0.149499	266.871	44.6008	19.9039
0.0888689	266.355	44.5266	19.9601
0.0442874	265.882	44.457	20.0114
-0.00319918	265.383	44.3802	20.0658
-0.0638823	264.873	44.3013	20.1209
-0.111495	264.372	44.2224	20.1749
-0.156395	263.896	44.1457	20.2259
-0.212113	263.391	44.0611	20.2807
-0.249328	262.9	43.9781	20.3335
-0.281981	262.425	43.8973	20.3841
-0.321195	261.901	43.8092	20.4403
-0.344542	261.396	43.7235	20.494
-0.366697	260.905	43.6403	20.5467
-0.396344	260.409	43.5562	20.5998
-0.41198	259.93	43.4746	20.651
-0.414533	259.436	43.3918	20.704
-0.427172	258.942	43.3104	20.7569
-0.425565	258.476	43.2334	20.8072
-0.42051	258	43.1564	20.8589
-0.40437	257.49	43.078	20.914
-0.394755	257.01	43.0052	20.9661
-0.384963	256.502	42.9276	21.021
-0.375357	256.028	42.8568	21.0725
-0.362221	255.541	42.7843	21.1255
-0.340562	255.061	42.7113	21.1774
-0.330501	254.561	42.6345	21.2313
-0.313876	254.071	42.5617	21.2841
-0.285732	253.605	42.4956	21.335
-0.247465	253.147	42.4338	21.3854
-0.215411	252.686	42.3735	21.4363
-0.166506	252.191	42.3083	21.4922
-0.123893	251.711	42.2407	21.5452
-0.0560933	251.234	42.1734	21.5983
-0.00586948	250.781	42.1078	21.6487
0.0341412	250.265	42.0277	21.7053
0.0903555	249.792	41.9522	21.7571
0.116536	249.329	41.8775	21.8076
0.178619	248.824	41.795	21.8628
0.226283	248.356	41.7191	21.9137
0.273332	247.893	41.6448	21.964
0.320256	247.406	41.5678	22.017
0.38077	246.9	41.4886	22.0718
0.426894	246.433	41.4157	22.1225
0.471233	245.969	41.3421	22.1727
0.51869	245.455	41.2588	22.2285
0.549813	244.941	41.1709	22.2843
0.580576	244.43	41.083	22.3399
0.599992	243.963	41.001	22.3906
0.611209	243.479	40.9147	22.4429
0.623406	242.972	40.8281	22.498
0.620662	242.502	40.7487	22.5492
0.616864	242.024	40.6689	22.601
0.597949	241.561	40.5892	22.6516
0.582521	241.081	40.505	22.7041
0.564393	240.62	40.426	22.7545
0.54466	240.156	40.3513	22.8046
0.524677	239.67	40.2841	22.857
0.501152	239.195	40.2197	22.9086
0.487839	238.726	40.1525	22.9592
0.475838	238.21	40.0777	23.0147
0.438652	237.712	40.0041	23.069
0.411746	237.225	39.9305	23.1215
0.371059	236.754	39.8582	23.1728
0.322676	236.252	39.7801	23.2277
0.275071	235.783	39.7061	23.2784
0.218103	235.296	39.6296	23.3313
0.16439	234.809	39.5546	23.3844
0.111954	234.335	39.4844	23.4354
0.0519545	233.837	39.4122	23.4896
0.00455629	233.373	39.3445	23.5398
-0.0385523	232.848	39.2668	23.5965
-0.0927116	232.351	39.1911	23.6506
-0.127739	231.827	39.1101	23.7072
-0.162903	231.349	39.0357	23.7587
-0.199253	230.846	38.9582	23.8132
-0.224415	230.358	38.8832	23.8661
-0.261536	229.881	38.809	23.918
-0.282764	229.395	38.732	23.9707
-0.297833	228.909	38.6527	24.0231
-0.319561	228.412	38.5703	24.0766
-0.345003	227.934	38.4888	24.1281
-0.359225	227.465	38.4068	24.1786
-0.36799	226.96	38.3168	24.2328
-0.376089	226.453	38.2292	24.2876
-0.383188	225.925	38.1376	24.3441
-0.385557	225.439	38.0559	24.3966
-0.386901	224.957	37.9753	24.4487
-0.393453	224.474	37.8953	24.5012
-0.386081	223.978	37.8126	24.5552
-0.383239	223.469	37.7273	24.61
-0.373603	222.992	37.6473	24.6614
-0.360327	222.517	37.5695	24.7128
-0.343336	222.004	37.4858	24.7681
-0.327889	221.491	37.4032	24.8238
-0.309689	221.013	37.3281	24.8755
-0.289709	220.531	37.2537	24.9277
-0.26504	220.024	37.1763	24.9833
-0.220176	219.513	37.0993	25.0398
-0.190272	219.012	37.0266	25.0948
-0.128043	218.515	36.9564	25.1506
-0.0901834	218.021	36.8891	25.2053
-0.0328702	217.564	36.8266	25.2568
0.0476042	217.095	36.7619	25.3099
0.110899	216.649	36.7013	25.361
0.159647	216.185	36.6366	25.4128
0.203302	215.72	36.5653	25.4647
0.262054	215.216	36.481	25.5204
0.301998	214.75	36.3993	25.5714
0.341483	214.239	36.3088	25.627
0.392558	213.74	36.2212	25.6811
0.429743	213.261	36.1385	25.7327
0.459646	212.774	36.0589	25.7851
0.49149	212.271	35.9771	25.8396
0.512042	211.735	35.8935	25.897
0.530836	211.248	35.8181	25.9492
0.53707	210.769	35.7387	26.0006
0.530592	210.271	35.6534	26.0542
0.524577	209.797	35.5749	26.1055
0.509016	209.276	35.487	26.1621
0.497532	208.807	35.4042	26.2131
0.484117	208.33	35.3256	26.2647
0.467739	207.866	35.2563	26.3155
0.434263	207.362	35.1858	26.3709
0.418947	206.851	35.1208	26.4269
0.375548	206.362	35.0563	26.4808
0.337305	205.848	34.9912	26.5367
0.275959	205.347	34.9259	26.5908
0.226464	204.832	34.8605	26.6461
0.172053	204.352	34.7966	26.6978
0.100887	203.838	34.7282	26.753
0.0396513	203.331	34.6585	26.8074
-0.0227842	202.806	34.588	26.8634
-0.0680306	202.33	34.5212	26.9141
-0.106347	201.824	34.4445	26.968
-0.149638	201.308	34.3625	27.0229
-0.185447	200.801	34.28	27.076
-0.211673	200.318	34.1988	27.1268
-0.244724	199.798	34.1108	27.182
-0.255228	199.316	34.0263	27.2335
-0.268444	198.833	33.9417	27.2854
-0.280305	198.355	33.8574	27.3369
-0.293103	197.835	33.7672	27.3922
-0.287223	197.333	33.678	27.4462
-0.279762	196.856	33.595	27.4978
-0.273861	196.376	33.512	27.5496
-0.260608	195.869	33.424	27.6044
-0.247232	195.339	33.3341	27.6617
-0.233774	194.834	33.2498	27.7166
-0.210708	194.342	33.1722	27.77
-0.193254	193.856	33.0995	27.8227
-0.178667	193.351	33.03	27.8774
-0.140647	192.846	32.9628	27.9326
-0.123272	192.37	32.9052	27.9852
-0.0807325	191.905	32.8493	28.0372
-0.0278035	191.438	32.7922	28.0891
0.013797	190.951	32.7304	28.143
0.0528445	190.487	32.6721	28.1945
0.0998943	190.008	32.6064	28.2475
0.168942	189.515	32.5351	28.3029
0.201405	189.058	32.465	28.3532
0.259366	188.593	32.3885	28.4046
0.312761	188.113	32.3072	28.4574
0.377756	187.609	32.2195	28.5119
0.422833	187.106	32.1282	28.5659
0.465376	186.639	32.0443	28.6163
0.506335	186.165	31.9606	28.6674
0.550315	185.667	31.8731	28.7211
0.578734	185.185	31.787	28.7732
0.60347	184.666	31.6975	28.8297
0.618122	184.153	31.6075	28.8854
0.625782	183.643	31.5207	28.9409
0.616893	183.125	31.4313	28.997
0.605937	182.66	31.35	29.0478
0.591359	182.198	31.2683	29.0982
0.571632	181.733	31.1869	29.149
0.547576	181.237	31.1049	29.2037
0.529593	180.768	31.0349	29.2553
0.507322	180.308	30.9735	29.3061
0.467671	179.802	30.9089	29.3615
0.436663	179.329	30.8512	29.4134
0.409278	178.855	30.7995	29.4644
0.384612	178.376	30.743	29.5154
0.34208	177.877	30.6801	29.5687
0.295751	177.383	30.6136	29.6212
0.274741	176.862	30.5384	29.6763
0.242354	176.393	30.4659	29.7264
0.206866	175.895	30.384	29.7803
0.160005	175.391	30.2969	29.8347
0.112343	174.883	30.2111	29.89
0.0741669	174.366	30.1247	29.9462
0.030408	173.873	30.0444	30
-0.0076226	173.386	29.9661	30.0532
-0.0379213	172.848	29.8787	30.1115
-0.0729668	172.351	29.7978	30.1655
-0.106096	171.883	29.7229	30.216
-0.141375	171.379	29.6429	30.2705
-0.166658	170.887	29.5638	30.324
-0.192513	170.373	29.4789	30.3793
-0.213103	169.896	29.3988	30.4303
-0.2301	169.377	29.311	30.486
-0.243301	168.876	29.2266	30.5397
-0.258498	168.387	29.1438	30.5921
-0.267494	167.905	29.0625	30.6438
-0.268141	167.437	28.9822	30.6942
-0.265836	166.933	28.898	30.7483
-0.261649	166.425	28.8137	30.8033
-0.254296	165.955	28.7355	30.8541
-0.242451	165.465	28.655	30.9066
-0.216057	164.945	28.5714	30.9624
-0.203596	164.405	28.4886	31.0198
-0.173432	163.876	28.412	31.0768
-0.123111	163.376	28.3424	31.1316
-0.0886321	162.897	28.2787	31.1843
-0.041073	162.435	28.2226	31.236
0.0324517	161.939	28.1584	31.2918
0.0800639	161.469	28.0955	31.345
0.125608	160.999	28.0256	31.3979
0.181834	160.54	27.9518	31.4495
0.252034	160.049	27.8703	31.5052
0.308496	159.573	27.7919	31.5584
0.371652	159.093	27.7117	31.6118
0.420132	158.639	27.6349	31.6623
0.466492	158.136	27.551	31.718
0.515561	157.649	27.4696	31.7714
0.553502	157.136	27.3815	31.828
0.587135	156.64	27.2981	31.8818
0.625226	156.174	27.2202	31.9332
0.653803	155.707	27.1402	31.9839
0.677251	155.243	27.0595	32.0341
0.697199	154.767	26.9753	32.0854
0.706681	154.282	26.8914	32.1378
0.70179	153.76	26.8035	32.1942
0.700027	153.248	26.7211	32.2501
0.68844	152.75	26.6471	32.3047
0.667297	152.233	26.5727	32.3611
0.632692	151.781	26.5102	32.4114
0.604163	151.323	26.4488	32.4622
0.577276	150.824	26.3826	32.5179
0.526928	150.335	26.3153	32.5728
0.486182	149.854	26.2496	32.6265
0.424921	149.35	26.1765	32.6827
0.378143	148.862	26.1053	32.7371
0.32121	148.409	26.0379	32.7872
0.261863	147.951	25.9692	32.8377
0.201919	147.498	25.9012	32.8877
0.130054	146.998	25.8258	32.9425
0.0732993	146.525	25.7536	32.9946
0.0153929	146.067	25.6828	33.0447
-0.038499	145.566	25.6037	33.0996
-0.100387	145.061	25.5233	33.155
-0.140767	144.564	25.4428	33.2091
-0.187345	144.038	25.3559	33.2661
-0.231517	143.525	25.2706	33.3217
-0.260842	143.023	25.1837	33.3763
-0.292103	142.509	25.0951	33.4317
-0.326379	141.993	25.0045	33.4872
-0.358298	141.457	24.9127	33.5448
-0.374817	140.981	24.8309	33.5955
-0.386012	140.477	24.7457	33.6494
-0.405244	139.985	24.6617	33.702
-0.409725	139.445	24.5703	33.7594
-0.411925	138.975	24.4903	33.8095
-0.411075	138.475	24.4069	33.8632
-0.403566	137.974	24.323	33.9168
-0.396018	137.495	24.2446	33.9682
-0.384066	137.023	24.168	34.019
-0.36629	136.541	24.0923	34.0707
-0.343107	136.028	24.0176	34.1258
-0.323713	135.541	23.9508	34.1787
-0.280319	135.058	23.8862	34.2317
-0.25536	134.559	23.8202	34.2863
-0.210343	134.092	23.7571	34.3383
-0.150142	133.576	23.6878	34.3955
-0.105831	133.119	23.6237	34.4457
-0.0532667	132.63	23.5507	34.4996
0.026855	132.132	23.4732	34.5548
0.0782892	131.634	23.3935	34.6088
0.148306	131.132	23.3121	34.6636
0.201814	130.656	23.2349	34.7154
0.253571	130.184	23.1589	34.7665
0.304277	129.713	23.0839	34.8174
0.360536	129.202	23.0026	34.8728
0.403336	128.707	22.9202	34.9258
0.436783	128.214	22.8369	34.9785
0.466369	127.698	22.7506	35.034
0.481341	127.18	22.6641	35.0897
0.493224	126.692	22.5843	35.1422
0.486258	126.169	22.5017	35.1987
0.476348	125.69	22.4274	35.2503
0.463374	125.222	22.3537	35.3011
0.442379	124.759	22.2803	35.3517
0.417964	124.297	22.2064	35.4023
0.400692	123.802	22.13	35.4564
0.377886	123.338	22.0618	35.5066
0.345599	122.818	21.9901	35.5631
0.320132	122.352	21.9295	35.6136
0.302962	121.842	21.865	35.6687
0.266285	121.342	21.7981	35.7229
0.238547	120.837	21.727	35.7767
0.211024	120.365	21.6522	35.8271
0.158939	119.857	21.5709	35.8817
0.116442	119.346	21.4882	35.9367
0.0595014	118.824	21.4038	35.993
0.0186818	118.327	21.3224	36.046
-0.021503	117.862	21.2464	36.0963
-0.0586898	117.38	21.1684	36.1483
-0.104027	116.881	21.0893	36.2029
-0.135122	116.39	21.0142	36.2565
-0.164622	115.921	20.9428	36.3075
-0.209024	115.408	20.8624	36.3638
-0.235885	114.897	20.7799	36.4192
-0.271284	114.405	20.6999	36.4728
-0.288976	113.902	20.6168	36.5267
-0.314437	113.39	20.5309	36.5814
-0.332094	112.908	20.4491	36.6327
-0.336974	112.391	20.3587	36.688
-0.3535	111.893	20.2729	36.7421
-0.349247	111.425	20.1926	36.7924
-0.349113	110.906	20.1039	36.8486
-0.345462	110.44	20.0275	36.8992
-0.338848	109.938	19.9471	36.9535
-0.328722	109.441	19.8678	37.0074
-0.317735	108.945	19.7884	37.0612
-0.301748	108.419	19.7053	37.1178
-0.275446	107.916	19.6283	37.1722
-0.257233	107.418	19.556	37.2264
-0.221721	106.952	19.4884	37.2777
-0.186153	106.475	19.421	37.3301
-0.135051	106.019	19.357	37.3813
-0.0535562	105.537	19.2881	37.4358
0.000255518	105.044	19.2166	37.491
0.084482	104.561	19.1433	37.5455
0.146568	104.105	19.0703	37.5973
0.20589	103.619	18.9928	37.6513
0.291925	103.158	18.9215	37.7041
0.347009	102.708	18.8509	37.7542
0.398184	102.196	18.7677	37.8106
0.446264	101.728	18.69	37.8625
0.508169	101.233	18.6059	37.9169
0.557653	100.736	18.5223	37.9713
0.611375	100.253	18.4415	38.0242
0.652499	99.7785	18.3615	38.0759
0.697074	99.269	18.2744	38.1315
0.73449	98.8051	18.1967	38.182
0.769422	98.2909	18.1134	38.2382
0.791267	97.8233	18.0379	38.2892
0.807385	97.3522	17.9614	38.3408
0.81402	96.8819	17.8851	38.3921
0.814633	96.3793	17.8045	38.4474
0.809286	95.9052	17.7279	38.4993
0.803103	95.441	17.6531	38.5496
0.792875	94.9523	17.5789	38.6025
0.771971	94.4907	17.5135	38.6529
0.759008	94.0318	17.4487	38.7031
0.744816	93.5566	17.3799	38.7549
0.732419	93.0919	17.3134	38.8057
0.709692	92.632	17.2479	38.8563
0.687874	92.1332	17.1746	38.9113
0.645251	91.6266	17.0991	38.967
0.602508	91.1324	17.0247	39.0211
0.542286	90.6178	16.9471	39.0774
0.491843	90.1518	16.8757	39.1282
0.443712	89.6868	16.803	39.1786
0.377251	89.1864	16.7231	39.2333
0.319344	88.6663	16.6389	39.2898
0.257514	88.1759	16.5599	39.3429
0.214371	87.7128	16.4864	39.3932
0.157205	87.2002	16.4045	39.4486
0.10769	86.7358	16.3311	39.4991
0.0501313	86.2312	16.2504	39.5543
0.00964685	85.6952	16.163	39.6127
-0.0416791	85.2045	16.0832	39.6661
-0.0797665	84.7404	16.0079	39.7164
-0.116977	84.2798	15.9326	39.7665
-0.15427	83.7743	15.8488	39.8212
-0.20835	83.2755	15.7655	39.875
-0.240275	82.7593	15.679	39.9301
-0.270556	82.2774	15.5994	39.9815
-0.307796	81.8058	15.5211	40.032
-0.344631	81.3011	15.4365	40.0863
-0.362947	80.8266	15.3564	40.1367
-0.373168	80.359	15.2776	40.1868
-0.382579	79.8802	15.1988	40.238
-0.388071	79.4023	15.1215	40.2894
-0.376252	78.8848	15.0387	40.3455
-0.374408	78.3919	14.9612	40.3984
-0.34733	77.8657	14.8833	40.455
-0.335005	77.4005	14.8188	40.5051
-0.329074	76.9171	14.7537	40.5577
-0.298862	76.4312	14.6864	40.6109
-0.265953	75.9635	14.623	40.6627
-0.198801	75.4986	14.5608	40.7144
-0.137885	75.0291	14.4965	40.7665
-0.088736	74.5265	14.4229	40.8214
-0.0201479	74.0435	14.3458	40.874
0.0412815	73.565	14.2693	40.926
0.104862	73.077	14.1952	40.9793
0.170858	72.5802	14.1189	41.0327
0.252389	72.06	14.037	41.0887
0.319595	71.5307	13.9537	41.1459
0.374327	71.0504	13.8772	41.1977
0.415074	70.5711	13.8006	41.2495
0.45506	70.0914	13.7228	41.3006
0.490494	69.5843	13.6389	41.3549
0.515687	69.0834	13.5559	41.4087
0.532519	68.6093	13.478	41.46
0.548524	68.0971	13.3933	41.5159
0.553059	67.6331	13.3139	41.5664
0.545851	67.1614	13.2322	41.6174
0.53795	66.6842	13.1519	41.6691
0.526679	66.1723	13.0673	41.725
0.511411	65.6506	12.9819	41.7821
0.488221	65.1757	12.9044	41.8345
0.473219	64.6648	12.8229	41.8902
0.441506	64.1633	12.7473	41.9451
0.42098	63.6974	12.6783	41.9961
0.397167	63.2292	12.6099	42.0471
0.381143	62.7505	12.5447	42.099
0.347591	62.2598	12.4762	42.152
0.309447	61.7927	12.4107	42.2028
0.257214	61.2783	12.3393	42.2588
0.212506	60.7684	12.266	42.3142
0.154356	60.2756	12.1929	42.3679
0.104832	59.7719	12.1152	42.4226
0.0366604	59.2645	12.0359	42.4777
-0.0160673	58.7584	11.9551	42.5327
-0.0750328	58.2607	11.8765	42.5868
-0.120234	57.793	11.8041	42.6375
-0.166371	57.2893	11.7265	42.6925
-0.225074	56.7937	11.6477	42.746
-0.263787	56.2993	11.5678	42.7995
-0.313204	55.793	11.485	42.8547
-0.34898	55.2759	11.3984	42.9108
-0.388903	54.7812	11.3165	42.9643
-0.433996	54.3078	11.2384	43.0157
-0.460401	53.8061	11.1552	43.07
-0.498941	53.2987	11.0711	43.1256
-0.507505	52.8016	10.9853	43.1798
-0.529459	52.3047	10.898	43.2338
-0.531868	51.7882	10.8055	43.2894
-0.540681	51.266	10.7165	43.3457
-0.531168	50.7596	10.6289	43.4006
-0.520952	50.2611	10.5425	43.4544
-0.506435	49.7858	10.459	43.5053
-0.494427	49.2733	10.3714	43.5607
-0.480558	48.8022	10.2955	43.6116
-0.460677	48.3421	10.2241	43.662
-0.425592	47.848	10.1516	43.7167
-0.389636	47.3545	10.0843	43.772
-0.348925	46.9031	10.0238	43.8224
-0.264949	46.4317	9.96444	43.8761
-0.218557	45.9702	9.91011	43.9284
-0.169598	45.5144	9.84881	43.9801
-0.119213	45.0583	9.78217	44.0312
-0.0665074	44.599	9.7094	44.0825
0.00293517	44.1178	9.62947	44.1358
0.0665593	43.5962	9.54112	44.1927
0.125849	43.1212	9.4629	44.2442
0.20392	42.6582	9.38782	44.2946
0.277929	42.1569	9.31053	44.3486
0.341302	41.6624	9.23602	44.4023
0.405765	41.1863	9.16428	44.4531
0.473057	40.6498	9.085	44.5103
0.521532	40.168	9.01205	44.5621
0.573886	39.6623	8.93461	44.6165
0.611962	39.1577	8.85518	44.6713
0.647861	38.6702	8.77436	44.7238
0.671416	38.1887	8.69069	44.7756
0.6882	37.7151	8.60733	44.8265
0.700675	37.2359	8.52565	44.878
0.703284	36.7148	8.43715	44.9343
0.709223	36.2525	8.35674	44.9846
0.703039	35.7625	8.27006	45.0373
0.694127	35.2987	8.18729	45.0874
0.68061	34.827	8.10092	45.1384
0.664958	34.3524	8.01774	45.1898
0.641993	33.8891	7.93841	45.2401
0.624111	33.3936	7.85732	45.2934
0.604434	32.887	7.78253	45.3488
0.580116	32.4303	7.71931	45.399
0.549495	31.976	7.65681	45.4494
0.506975	31.4912	7.59474	45.5028
0.465763	31.0343	7.54226	45.5535
0.40597	30.5387	7.48433	45.6091
0.355406	30.0453	7.41595	45.6639
0.291143	29.5517	7.34309	45.7187
0.240379	29.0644	7.26787	45.7722
0.164603	28.5441	7.18484	45.8291
0.0892286	28.031	7.10381	45.885
0.0231997	27.5348	7.02802	45.9393
-0.0476031	27.0769	6.95871	45.9895
-0.113454	26.6186	6.88851	46.0395
-0.175839	26.1548	6.81741	46.0901
-0.23344	25.6362	6.73562	46.1459
-0.299706	25.1259	6.65139	46.2011
-0.348635	24.6607	6.57245	46.2515
-0.393588	24.194	6.49211	46.3021
-0.432978	23.7155	6.40826	46.3538
-0.474107	23.1993	6.31418	46.4097
-0.509545	22.6914	6.2248	46.4646
-0.522737	22.1859	6.13472	46.5194
-0.529324	21.6868	6.04904	46.5737
-0.529935	21.1703	5.96196	46.6297
-0.52368	20.7056	5.88609	46.68
-0.506296	20.196	5.80412	46.7353
-0.480876	19.7039	5.72626	46.7891
-0.453751	19.2445	5.6543	46.8393
-0.417761	18.781	5.58462	46.8897
-0.380987	18.3168	5.51979	46.9407
-0.337983	17.8499	5.45697	46.9923
-0.272359	17.3616	5.39004	47.047
-0.222591	16.8693	5.32527	47.1024
-0.154302	16.4134	5.26489	47.1539
-0.0691049	15.9548	5.20438	47.206
-0.00927037	15.5052	5.14345	47.2567
0.0563036	15.0142	5.07403	47.3123
0.158647	14.5588	5.00656	47.3653
0.244843	14.1088	4.93872	47.4166
0.32604	13.6654	4.8675	47.4666
0.395952	13.1849	4.78622	47.5194
0.485908	12.6879	4.70201	47.5742
0.576554	12.2086	4.62277	47.6269
0.643836	11.7228	4.54421	47.68
0.710063	11.2199	4.46505	47.7348
0.787385	10.7369	4.38768	47.7875
0.843339	10.2065	4.30102	47.8444
0.902843	9.69402	4.21703	47.8994
0.954209	9.19686	4.13617	47.953
1.00318	8.69564	4.05575	48.007
1.03833	8.19858	3.97527	48.0605
1.06442	7.72146	3.89722	48.112
1.08397	7.25069	3.81878	48.1627
1.09647	6.78421	3.74014	48.213
1.10346	6.31034	3.65987	48.2638
1.11021	5.82689	3.57848	48.3157
1.10495	5.32004	3.4924	48.3708
1.09846	4.83134	3.40921	48.4233
1.08727	4.3701	3.33039	48.4734
1.07323	3.87691	3.24637	48.5266
1.04747	3.41148	3.16701	48.5767
1.02478	2.91627	3.08631	48.6301
1.00359	2.44464	3.01356	48.6815
0.978642	1.98512	2.94449	48.7316
0.952198	1.51867	2.87781	48.7823
0.915341	1.0388	2.81065	48.8348
0.865969	0.572107	2.74459	48.8858
0.824142	0.0492047	2.67138	48.9431
0.762359	-0.445356	2.60063	48.9979
0.706226	-0.940925	2.52851	49.0525
0.634238	-1.43002	2.45452	49.1065
0.572704	-1.88888	2.38395	49.1568
0.507154	-2.40487	2.30449	49.2131
0.432195	-2.90509	2.22778	49.2679
0.359143	-3.41234	2.14941	49.3234
0.272954	-3.90828	2.07303	49.3775
0.214627	-4.39741	1.99857	49.4311
0.141873	-4.90423	1.91901	49.4859
0.0850628	-5.421	1.83733	49.5421
0.0213308	-5.93203	1.75738	49.5975
-0.020241	-6.41292	1.68281	49.6494
-0.0529919	-6.90026	1.60607	49.7015
-0.102136	-7.41218	1.52481	49.7567
-0.12342	-7.93721	1.43992	49.8129
-0.156209	-8.44135	1.35803	49.8672
-0.165178	-8.94228	1.2741	49.9208
-0.17155	-9.43369	1.19221	49.9735
-0.1758	-9.92546	1.11052	50.0263
-0.1675	-10.4343	1.02412	50.0815
-0.158889	-10.9215	0.939169	50.1341
-0.150942	-11.4328	0.849588	50.1892
-0.118874	-11.9347	0.761503	50.2435
-0.097633	-12.4043	0.682083	50.2943
-0.0767885	-12.8741	0.602799	50.3451
-0.0492696	-13.3782	0.519162	50.4
-0.026754	-13.8801	0.437432	50.4547
0.0126824	-14.3643	0.362919	50.5075
0.0489167	-14.8289	0.29785	50.5592
0.0866215	-15.2744	0.242446	50.6094
0.120951	-15.7485	0.185655	50.6634
0.179682	-16.2086	0.126635	50.7162
0.228677	-16.6646	0.0688963	50.7688
0.270392	-17.1091	0.0113932	50.8206
0.323563	-17.565	-0.0551059	50.8725
0.419599	-18.0537	-0.133122	50.9284
0.485488	-18.4996	-0.208931	50.9792
0.539449	-18.9639	-0.29184	51.0309
0.605416	-19.4756	-0.379603	51.087
0.670682	-19.9634	-0.461885	51.1405
0.728058	-20.4899	-0.548491	51.1973
0.786387	-20.9893	-0.627928	51.2514
0.832249	-21.4783	-0.703094	51.3042
0.872559	-22.0039	-0.785894	51.3607
0.900826	-22.5019	-0.864046	51.4139
0.920189	-22.992	-0.940775	51.4662
0.938307	-23.468	-1.01628	51.5173
0.939019	-23.9824	-1.09965	51.5726
0.936854	-24.5157	-1.18902	51.6301
0.917975	-24.9988	-1.27742	51.6822
0.901163	-25.4636	-1.36188	51.7326
0.881573	-25.9338	-1.4451	51.7841
0.848765	-26.4417	-1.52771	51.8397
0.830244	-26.9246	-1.59586	51.8925
0.812043	-27.3944	-1.66215	51.9441
0.780824	-27.9112	-1.73812	52.0001
0.772104	-28.3887	-1.80449	52.0519
0.748852	-28.8658	-1.87129	52.1036
0.707289	-29.3911	-1.94385	52.1609
0.673224	-29.8735	-2.01352	52.2132
0.638065	-30.3569	-2.08524	52.2659
0.585702	-30.8556	-2.161	52.3206
0.540976	-31.3134	-2.23179	52.3706
0.494823	-31.7724	-2.30298	52.4208
0.446149	-32.2772	-2.38102	52.4761
0.388649	-32.7874	-2.4605	52.5317
0.336271	-33.2495	-2.53275	52.5819
0.281175	-33.7473	-2.61126	52.6362
0.218555	-34.2473	-2.69006	52.6905
0.163298	-34.7302	-2.76654	52.7426
0.10603	-35.2333	-2.84564	52.7971
0.0547595	-35.7417	-2.92591	52.8515
0.00230809	-36.2567	-3.00772	52.9072
-0.0453471	-36.7408	-3.08716	52.9589
-0.0885349	-37.2604	-3.17225	53.0143
-0.12552	-37.7289	-3.24578	53.0645
-0.165248	-38.2517	-3.32748	53.1205
-0.182897	-38.7516	-3.40416	53.1741
-0.200618	-39.2136	-3.47417	53.2242
-0.22623	-39.7054	-3.54948	53.2774
-0.229731	-40.1974	-3.62511	53.3304
-0.218453	-40.6803	-3.69914	53.3815
-0.227901	-41.1962	-3.77962	53.4368
-0.227336	-41.7013	-3.85953	53.4907
-0.212718	-42.1864	-3.93514	53.5424
-0.214419	-42.6949	-4.01588	53.5972
-0.199538	-43.1674	-4.09169	53.6482
-0.184833	-43.6544	-4.17039	53.7003
-0.158956	-44.1687	-4.25643	53.7555
-0.126903	-44.69	-4.34286	53.8115
-0.103429	-45.1685	-4.42076	53.8629
-0.0826869	-45.6359	-4.49354	53.9135
-0.0510288	-46.0966	-4.562	53.9639
-0.00701161	-46.5882	-4.62858	54.0185
0.0210004	-47.0722	-4.69173	54.0726
0.102059	-47.5575	-4.75872	54.1282
0.148244	-48.0193	-4.82093	54.1808
0.188848	-48.4922	-4.88716	54.2351
0.268479	-48.9667	-4.96136	54.2896
0.298633	-49.4672	-5.04787	54.3456
0.373719	-49.9613	-5.13574	54.4008
0.415371	-50.456	-5.22879	54.4546
0.475442	-50.9818	-5.32448	54.5114
0.516393	-51.4491	-5.40741	54.5615
0.557297	-51.935	-5.49127	54.6141
0.590399	-52.4312	-5.57376	54.6676
0.6242	-52.9522	-5.65589	54.7238
0.65384	-53.4791	-5.73694	54.7805
0.668134	-53.9558	-5.81	54.832
0.67783	-54.4235	-5.88046	54.8824
0.687532	-54.9337	-5.95823	54.9375
0.687356	-55.4588	-6.04032	54.9941
0.685359	-55.9434	-6.11727	55.0462
0.677536	-56.4404	-6.1947	55.0993
0.667795	-56.9106	-6.26561	55.1499
0.662716	-57.4262	-6.34056	55.2057
0.637667	-57.9352	-6.41466	55.2606
0.617129	-58.4233	-6.48059	55.3134
0.582165	-58.9321	-6.54803	55.3684
0.562833	-59.4268	-6.61213	55.4218
0.520567	-59.9181	-6.67877	55.4751
0.478575	-60.4073	-6.74592	55.5283
0.414311	-60.8963	-6.8133	55.5815
0.363242	-61.3568	-6.88027	55.6321
0.305179	-61.8193	-6.95183	55.6829
0.235017	-62.3217	-7.03189	55.7383
0.184159	-62.778	-7.10657	55.7884
0.136938	-63.2953	-7.19403	55.8451
0.078932	-63.7862	-7.27715	55.8988
0.0353537	-64.2723	-7.3604	55.9525
-0.00298519	-64.7418	-7.43908	56.0038
-0.0354315	-65.2082	-7.51758	56.055
-0.0620005	-65.6657	-7.5949	56.1051
-0.0891074	-66.1296	-7.67414	56.1561
-0.110419	-66.6123	-7.75802	56.2084
-0.118537	-67.0777	-7.84026	56.259
-0.118065	-67.5907	-7.93116	56.3145
-0.11967	-68.118	-8.02134	56.3714
-0.1105	-68.624	-8.10723	56.4258
-0.0946079	-69.1415	-8.19206	56.4818
-0.0818217	-69.6516	-8.27404	56.5373
-0.0407746	-70.1339	-8.34677	56.5907
-0.0204607	-70.6352	-8.41517	56.646
0.0327417	-71.1101	-8.47728	56.6994
0.063307	-71.5867	-8.53668	56.7523
0.111351	-72.0623	-8.59737	56.806
0.193142	-72.5376	-8.65742	56.8609
0.261654	-72.9952	-8.71449	56.9135
0.30583	-73.4391	-8.77903	56.9635
0.367314	-73.8912	-8.85137	57.0147
0.417228	-74.367	-8.93155	57.0676
0.491157	-74.8639	-9.02102	57.123
0.548277	-75.3701	-9.11291	57.1785
0.613532	-75.8813	-9.20648	57.2341
0.668856	-76.347	-9.28696	57.285
0.721396	-76.837	-9.36825	57.3388
0.768666	-77.3351	-9.45067	57.3927
0.809181	-77.8291	-9.53031	57.4463
0.847392	-78.3172	-9.60595	57.4991
0.878162	-78.827	-9.68523	57.554
0.905753	-79.3462	-9.7672	57.6098
0.917304	-79.8443	-9.84742	57.6636
0.920196	-80.3312	-9.92522	57.7162
0.920368	-80.7977	-9.9978	57.7667
0.915853	-81.2953	-10.0753	57.8206
0.910568	-81.8267	-10.1568	57.8781
0.896414	-82.3197	-10.2315	57.9321
0.894107	-82.8003	-10.3022	57.9842
0.882603	-83.2878	-10.3707	58.037
0.86491	-83.8078	-10.443	58.0928
0.849518	-84.3069	-10.5135	58.1466
0.836672	-84.7721	-10.579	58.197
0.814195	-85.2458	-10.6458	58.2479
0.774549	-85.7743	-10.7186	58.305
0.727637	-86.3055	-10.7932	58.3625
0.683603	-86.7728	-10.8575	58.4127
0.646118	-87.2603	-10.9286	58.4647
0.609542	-87.737	-10.9984	58.5152
0.568693	-88.2205	-11.0739	58.5671
0.522909	-88.7195	-11.1554	58.62
0.489875	-89.2291	-11.2378	58.6742
0.458257	-89.7448	-11.32	58.7291
0.425667	-90.2394	-11.4	58.7823
0.401247	-90.7163	-11.4843	58.8338
0.370541	-91.2166	-11.5728	58.8876
0.330744	-91.7294	-11.6638	58.9428
0.297605	-92.1958	-11.7419	58.9936
0.266266	-92.6616	-11.8185	59.0442
0.235705	-93.1866	-11.9039	59.1011
0.217589	-93.687	-11.9834	59.1559
0.187848	-94.2097	-12.0616	59.2129
0.169097	-94.7034	-12.1374	59.2664
0.144593	-95.2015	-12.2166	59.3206
0.127716	-95.7037	-12.2977	59.375
0.10756	-96.1983	-12.3772	59.4282
0.0884085	-96.6999	-12.4573	59.4825
0.0773879	-97.1861	-12.534	59.5347
0.0635061	-97.7072	-12.616	59.5906
0.0557986	-98.1955	-12.6936	59.6425
0.0595349	-98.7055	-12.7735	59.697
0.053384	-99.2169	-12.854	59.7518
0.0657847	-99.7344	-12.9369	59.807
0.0733473	-100.208	-13.0132	59.8575
0.0892893	-100.722	-13.0962	59.9128
0.109057	-101.218	-13.1768	59.966
0.141574	-101.714	-13.2575	60.0199
0.168307	-102.183	-13.3299	60.0707
0.176142	-102.699	-13.4018	60.1271
0.217243	-103.179	-13.4681	60.1808
0.263586	-103.623	-13.5311	60.2309
0.29938	-104.09	-13.5969	60.283
0.335533	-104.575	-13.6662	60.338
0.399143	-105.05	-13.7393	60.3918
0.438255	-105.54	-13.8203	60.4468
0.497782	-106.035	-13.9047	60.502
0.533207	-106.534	-13.9939	60.5574
0.583277	-107.007	-14.0763	60.6091
0.644765	-107.503	-14.1611	60.6634
0.692767	-107.996	-14.2407	60.7175
0.746012	-108.474	-14.3149	60.7698
0.786419	-108.954	-14.3872	60.8221
0.823946	-109.455	-14.4615	60.8768
0.861208	-109.953	-14.5375	60.9307
0.889089	-110.465	-14.6168	60.9861
0.911481	-110.955	-14.6953	61.039
0.917489	-111.472	-14.7781	61.0947
0.920187	-111.967	-14.8555	61.1485
0.91766	-112.492	-14.9389	61.2054
0.909017	-112.973	-15.0181	61.2571
0.899083	-113.464	-15.0979	61.3099
0.876818	-113.937	-15.1721	61.3608
0.868071	-114.441	-15.2455	61.4149
0.854552	-114.943	-15.3174	61.4688
0.821185	-115.418	-15.3826	61.5204
0.791284	-115.877	-15.4464	61.5708
0.76184	-116.336	-15.5115	61.6208
0.723399	-116.808	-15.5793	61.6725
0.679878	-117.274	-15.6486	61.7235
0.634553	-117.753	-15.7226	61.7759
0.591995	-118.222	-15.7982	61.8271
0.531943	-118.724	-15.8815	61.8824
0.483394	-119.218	-15.966	61.9365
0.411868	-119.733	-16.0523	61.9928
0.348243	-120.247	-16.1371	62.049
0.28127	-120.73	-16.2155	62.1022
0.22213	-121.211	-16.2954	62.1543
0.163048	-121.679	-16.37	62.2051
0.0935709	-122.21	-16.4507	62.2626
0.0405518	-122.701	-16.5256	62.3163
-0.00563854	-123.174	-16.6009	62.3675
-0.054763	-123.637	-16.675	62.4182
-0.110631	-124.145	-16.7561	62.4737
-0.143844	-124.639	-16.8367	62.528
-0.172169	-125.108	-16.9133	62.579
-0.208352	-125.58	-16.9881	62.6302
-0.215615	-126.086	-17.0658	62.6854
-0.222577	-126.582	-17.1445	62.7391
-0.234496	-127.056	-17.2204	62.7903
-0.215898	-127.56	-17.2998	62.8447
-0.203318	-128.059	-17.3792	62.8985
-0.19517	-128.571	-17.4619	62.954
-0.163734	-129.092	-17.5446	63.0103
-0.14192	-129.556	-17.6159	63.0604
-0.110529	-130.037	-17.6917	63.1127
-0.0811197	-130.543	-17.7698	63.1676
-0.0390692	-131.053	-17.8468	63.2234
-0.014812	-131.566	-17.9236	63.2795
0.0321609	-132.06	-17.9973	63.3344
0.0833288	-132.515	-18.0641	63.386
0.147376	-132.973	-18.1326	63.4377
0.240216	-133.45	-18.2059	63.4933
0.281713	-133.911	-18.277	63.5467
0.359905	-134.382	-18.3521	63.6017
0.408818	-134.839	-18.4283	63.6538
0.443486	-135.321	-18.5117	63.7087
0.5109	-135.791	-18.594	63.7613
0.548773	-136.281	-18.6794	63.8162
0.60121	-136.769	-18.7622	63.87
0.633134	-137.23	-18.8414	63.9204
0.679495	-137.697	-18.9217	63.9705
0.714045	-138.212	-19.0093	64.0258
0.739179	-138.702	-19.0898	64.0786
0.761202	-139.185	-19.1654	64.1309
0.773063	-139.667	-19.2379	64.1829
0.778921	-140.169	-19.3145	64.2368
0.778041	-140.655	-19.3892	64.2894
0.770683	-141.171	-19.4672	64.345
0.759722	-141.657	-19.5398	64.3979
0.738227	-142.158	-19.6147	64.4524
0.725604	-142.653	-19.6876	64.5062
0.69079	-143.155	-19.7584	64.5614
0.678727	-143.663	-19.8252	64.6172
0.642393	-144.147	-19.8908	64.6705
0.614325	-144.635	-19.9578	64.7242
0.588743	-145.107	-20.0203	64.776
0.554854	-145.607	-20.0918	64.8301
0.495683	-146.091	-20.1642	64.8827
0.452334	-146.563	-20.2368	64.9339
0.404922	-147.028	-20.3102	64.9842
0.355996	-147.539	-20.3933	65.0397
0.293567	-148.021	-20.4732	65.0919
0.234772	-148.502	-20.5522	65.1445
0.175052	-148.991	-20.6309	65.1975
0.112662	-149.499	-20.711	65.253
0.0657313	-149.967	-20.784	65.3038
0.00968611	-150.444	-20.858	65.3555
-0.0428737	-150.941	-20.9383	65.409
-0.0922387	-151.434	-21.0219	65.4619
-0.130615	-151.908	-21.1012	65.5128
-0.162075	-152.383	-21.1783	65.5639
-0.177277	-152.894	-21.2588	65.6187
-0.191741	-153.43	-21.3447	65.6759
-0.198409	-153.928	-21.4268	65.7292
-0.197313	-154.444	-21.5136	65.7849
-0.19192	-154.964	-21.5977	65.8406
-0.190153	-155.466	-21.6775	65.8949
-0.183161	-155.987	-21.7595	65.951
-0.16905	-156.501	-21.8397	66.0066
-0.152442	-157.017	-21.9183	66.0623
-0.126973	-157.489	-21.9888	66.1132
-0.1028	-157.965	-22.0591	66.1646
-0.0791741	-158.467	-22.1324	66.2192
-0.0391333	-158.981	-22.2062	66.2753
-0.00501883	-159.469	-22.2738	66.3285
0.0309428	-159.933	-22.3357	66.3797
0.0769955	-160.391	-22.395	66.431
0.150832	-160.841	-22.454	66.4824
0.189541	-161.333	-22.5252	66.5387
0.257338	-161.804	-22.5998	66.593
0.295648	-162.275	-22.6798	66.6473
0.334168	-162.746	-22.762	66.7009
0.401881	-163.196	-22.8434	66.7531
0.439402	-163.648	-22.9269	66.8037
0.47063	-164.144	-23.0192	66.8593
0.521518	-164.619	-23.1041	66.9123
0.557468	-165.104	-23.1893	66.9657
0.599169	-165.573	-23.2645	67.0165
0.636012	-166.078	-23.3429	67.0714
0.670851	-166.552	-23.4157	67.1228
0.698152	-167.069	-23.4935	67.1785
0.714838	-167.558	-23.5661	67.2316
0.724421	-168.074	-23.6414	67.2877
0.723441	-168.54	-23.709	67.3377
0.712931	-169.03	-23.7809	67.3908
0.701861	-169.52	-23.8536	67.4438
0.689523	-170.017	-23.9278	67.4977
0.663861	-170.498	-23.9993	67.5502
0.622712	-170.987	-24.0692	67.6039
0.590405	-171.486	-24.138	67.6588
0.529067	-171.986	-24.2092	67.7143
0.483588	-172.453	-24.2754	67.7658
0.42161	-172.956	-24.349	67.8212
0.34939	-173.461	-24.4212	67.8767
0.270904	-173.951	-24.4933	67.9313
0.20155	-174.459	-24.5699	67.9873
0.14209	-174.952	-24.6453	68.0416
0.0651599	-175.434	-24.7193	68.0954
0.00061631	-175.889	-24.7922	68.1459
-0.0573682	-176.35	-24.8713	68.1967
-0.122612	-176.841	-24.958	68.2511
-0.166814	-177.296	-25.0379	68.3014
-0.224208	-177.792	-25.1241	68.3566
-0.289351	-178.304	-25.2123	68.4128
-0.316191	-178.768	-25.29	68.4633
-0.360683	-179.252	-25.3678	68.5163
-0.386137	-179.734	-25.4492	68.5688
-0.420494	-180.239	-25.5384	68.6243
-0.424552	-180.731	-25.6278	68.6774
-0.427161	-181.218	-25.7129	68.7298
-0.434132	-181.738	-25.8011	68.7856
-0.427271	-182.276	-25.8919	68.8432
-0.425227	-182.744	-25.9714	68.8938
-0.417147	-183.214	-26.0514	68.9445
-0.407192	-183.714	-26.1331	68.9982
-0.394633	-184.189	-26.2063	69.0495
-0.376061	-184.653	-26.2748	69.1
-0.353812	-185.121	-26.3417	69.1509
-0.325982	-185.579	-26.4043	69.2009
-0.28535	-186.086	-26.4719	69.2563
-0.260881	-186.59	-26.5423	69.3111
-0.22942	-187.057	-26.6061	69.362
-0.180104	-187.538	-26.6694	69.4158
-0.152883	-188.025	-26.7309	69.47
-0.111838	-188.487	-26.7922	69.5213
-0.0431492	-188.975	-26.855	69.5769
0.0148357	-189.433	-26.9173	69.6285
0.0592714	-189.89	-26.9833	69.6797
0.117406	-190.395	-27.0607	69.7361
0.156148	-190.9	-27.1415	69.7921
0.213899	-191.367	-27.2182	69.844
0.255139	-191.871	-27.3053	69.8997
0.316136	-192.375	-27.3923	69.9555
0.351359	-192.869	-27.4788	70.0097
0.406624	-193.35	-27.5612	70.0628
0.438833	-193.828	-27.6425	70.1152
0.471179	-194.325	-27.728	70.1692
0.50435	-194.827	-27.8125	70.2234
0.523797	-195.329	-27.8965	70.2775
0.542646	-195.822	-27.9767	70.3307
0.561433	-196.301	-28.0533	70.3819
0.569143	-196.807	-28.1342	70.4361
0.566783	-197.298	-28.2136	70.4883
0.561815	-197.799	-28.2956	70.5421
0.551383	-198.306	-28.3815	70.5967
0.539739	-198.809	-28.4675	70.6509
0.527798	-199.278	-28.5441	70.7015
0.500676	-199.768	-28.6221	70.7545
0.492281	-200.268	-28.6967	70.8083
0.467933	-200.75	-28.7637	70.8608
0.424528	-201.233	-28.8276	70.9138
0.386656	-201.703	-28.8882	70.9656
0.349631	-202.208	-28.9501	71.0209
0.289119	-202.71	-29.0175	71.0758
0.253901	-203.187	-29.0839	71.1279
0.205311	-203.675	-29.157	71.1812
0.145862	-204.167	-29.2323	71.2347
0.0914069	-204.687	-29.3144	71.2907
0.0384747	-205.157	-29.3881	71.3417
-0.0170974	-205.671	-29.4665	71.397
-0.0653017	-206.16	-29.5398	71.4504
-0.124687	-206.67	-29.6165	71.5062
-0.162747	-207.188	-29.697	71.5628
-0.20936	-207.661	-29.774	71.6148
-0.242804	-208.142	-29.8549	71.6671
-0.279081	-208.605	-29.9322	71.7177
-0.314925	-209.079	-30.0108	71.7694
-0.345433	-209.552	-30.091	71.8204
-0.372153	-210.032	-30.175	71.8721
-0.405079	-210.534	-30.264	71.926
-0.414508	-211.052	-30.3584	71.9815
-0.430499	-211.537	-30.4455	72.0334
-0.423441	-212.042	-30.5401	72.0869
-0.423347	-212.564	-30.636	72.1424
-0.419176	-213.07	-30.7271	72.1967
-0.405703	-213.537	-30.8113	72.2472
-0.397046	-214.014	-30.8921	72.2988
-0.384807	-214.517	-30.9732	72.3531
-0.372547	-215.002	-31.0471	72.406
-0.354518	-215.464	-31.1137	72.4565
-0.33543	-215.913	-31.1757	72.5066
-0.328951	-216.41	-31.2385	72.5615
-0.306995	-216.868	-31.2939	72.6119
-0.284578	-217.367	-31.3548	72.6668
-0.265695	-217.848	-31.4118	72.7193
-0.223278	-218.333	-31.4774	72.7728
-0.190227	-218.831	-31.5445	72.8275
-0.15205	-219.319	-31.6097	72.8806
-0.100079	-219.811	-31.6756	72.9349
-0.0516224	-220.283	-31.738	72.9861
-0.00820101	-220.743	-31.7978	73.0366
0.0339739	-221.21	-31.8587	73.088
0.0786289	-221.665	-31.9254	73.138
0.127055	-222.165	-32.0033	73.192
0.177288	-222.682	-32.0882	73.2484
0.23394	-223.185	-32.1728	73.3034
0.273813	-223.673	-32.2568	73.357
0.311409	-224.166	-32.3433	73.4115
0.357493	-224.642	-32.4241	73.4641
0.386552	-225.127	-32.5067	73.5176
0.412301	-225.611	-32.589	73.5708
0.452294	-226.097	-32.6721	73.6242
0.472896	-226.585	-32.7578	73.6777
0.493259	-227.061	-32.8407	73.7296
0.514637	-227.55	-32.9251	73.7829
0.536263	-228.012	-33.0037	73.8333
0.547361	-228.501	-33.0857	73.8868
0.55024	-229.003	-33.1692	73.9417
0.553624	-229.492	-33.2489	73.9951
0.548079	-229.966	-33.3279	74.0468
0.536756	-230.461	-33.4098	74.1007
0.51958	-230.944	-33.4857	74.1538
0.503179	-231.418	-33.5557	74.2057
0.489985	-231.905	-33.6259	74.2593
0.465511	-232.37	-33.6943	74.3104
0.42337	-232.878	-33.7687	74.3655
0.39273	-233.384	-33.8396	74.4204
0.350377	-233.852	-33.9073	74.4719
0.283134	-234.341	-33.9812	74.5254
0.236378	-234.855	-34.0599	74.5806
0.179632	-235.341	-34.1351	74.6336
0.108515	-235.818	-34.2082	74.6852
0.043781	-236.311	-34.2824	74.7391
-0.0235983	-236.809	-34.3589	74.7937
-0.0973179	-237.319	-34.4404	74.8496
-0.15959	-237.786	-34.5164	74.9012
-0.221489	-238.255	-34.5917	74.9535
-0.274656	-238.725	-34.6669	75.0057
-0.318773	-239.198	-34.7426	75.0587
-0.36139	-239.651	-34.8157	75.1097
-0.401053	-240.101	-34.8902	75.1598
-0.442317	-240.573	-34.9698	75.2119
-0.478755	-241.034	-35.0478	75.2622
-0.515876	-241.493	-35.1251	75.3132
-0.563925	-241.992	-35.2083	75.3682
-0.591952	-242.496	-35.2941	75.4231
-0.630305	-242.986	-35.3768	75.4768
-0.650064	-243.466	-35.4605	75.529
-0.66746	-243.96	-35.5468	75.5824
-0.682748	-244.424	-35.6286	75.6327
-0.700381	-244.909	-35.7129	75.6851
-0.703013	-245.407	-35.798	75.739
-0.707193	-245.896	-35.8779	75.7919
-0.70749	-246.399	-35.9577	75.8466
-0.696278	-246.889	-36.0358	75.9003
-0.676633	-247.383	-36.1189	75.9548
-0.646497	-247.895	-36.2102	76.0107
-0.612299	-248.406	-36.2922	76.0668
-0.591444	-248.865	-36.3628	76.1172
-0.582089	-249.344	-36.4351	76.1699
-0.554231	-249.859	-36.5089	76.2264
-0.532722	-250.319	-36.5711	76.2769
-0.509662	-250.789	-36.6317	76.3284
-0.473643	-251.292	-36.6989	76.383
-0.420821	-251.799	-36.7635	76.4387
-0.370228	-252.295	-36.83	76.4934
-0.316752	-252.772	-36.8958	76.5454
-0.249644	-253.249	-36.9633	76.5977
-0.187673	-253.741	-37.0328	76.6523
-0.104813	-254.232	-37.1032	76.707
-0.0509774	-254.72	-37.1716	76.7614
0.0180487	-255.206	-37.2424	76.8155
0.065464	-255.691	-37.3166	76.8699
0.11541	-256.148	-37.3867	76.921
0.161113	-256.604	-37.456	76.9724
0.216833	-257.094	-37.531	77.0268
0.244313	-257.579	-37.6065	77.0803
0.29559	-258.076	-37.6843	77.1351
0.338285	-258.597	-37.7691	77.1924
0.378033	-259.107	-37.8543	77.248
0.406003	-259.59	-37.938	77.3008
0.440869	-260.077	-38.0217	77.3541
0.463048	-260.555	-38.1038	77.4057
0.480834	-261.058	-38.1907	77.4603
0.49998	-261.533	-38.2705	77.5122
0.520344	-262.02	-38.3518	77.5651
0.528721	-262.49	-38.4299	77.6162
0.532137	-262.974	-38.5115	77.6687
0.533484	-263.458	-38.5922	77.721
0.532963	-263.962	-38.6767	77.7753
0.525458	-264.454	-38.7604	77.8286
0.513144	-264.935	-38.8432	77.8807
0.496521	-265.453	-38.9282	77.9365
0.482106	-265.951	-39.0069	77.9905
0.461843	-266.435	-39.0801	78.043
0.433788	-266.932	-39.155	78.0974
0.41352	-267.429	-39.2288	78.1512
0.385814	-267.912	-39.2997	78.2038
0.339375	-268.396	-39.3707	78.2561
0.307398	-268.898	-39.4441	78.3104
0.266532	-269.381	-39.5154	78.3627
0.213816	-269.858	-39.586	78.4145
0.166042	-270.319	-39.6542	78.4649
0.118265	-270.784	-39.7244	78.5155
0.0669173	-271.26	-39.7982	78.5672
0.0160235	-271.749	-39.873	78.6202
-0.028491	-272.213	-39.9422	78.6711
-0.0735396	-272.697	-40.0137	78.7241
-0.125306	-273.169	-40.0844	78.7755
-0.166814	-273.64	-40.1567	78.8267
-0.20176	-274.129	-40.2303	78.8798
-0.233852	-274.628	-40.3054	78.9339
-0.268601	-275.087	-40.3759	78.9842
-0.314198	-275.563	-40.4513	79.0362
-0.338049	-276.077	-40.5356	79.0919
-0.359562	-276.572	-40.6178	79.1455
-0.387042	-277.037	-40.697	79.1961
-0.394934	-277.544	-40.7842	79.2513
-0.417524	-278.043	-40.8702	79.3059
-0.425407	-278.543	-40.9597	79.3603
-0.435188	-279.018	-41.0439	79.4115
-0.436608	-279.509	-41.1302	79.4643
-0.438675	-280.019	-41.2203	79.5193
-0.442299	-280.52	-41.3021	79.5734
-0.429998	-281.009	-41.3762	79.6265
-0.41965	-281.471	-41.4429	79.6775
-0.419533	-281.952	-41.5075	79.7307
-0.403907	-282.433	-41.5723	79.7839
-0.368187	-282.887	-41.6327	79.8347
-0.325814	-283.337	-41.6909	79.8851
-0.265829	-283.829	-41.7537	79.9405
-0.198306	-284.32	-41.8232	79.9956
-0.153417	-284.824	-41.8973	80.0511
-0.0940703	-285.318	-41.9718	80.1053
-0.039825	-285.815	-42.0473	80.1596
0.0199888	-286.31	-42.1241	80.2134
0.0856335	-286.783	-42.1978	80.2646
0.157312	-287.282	-42.2766	80.3188
0.217511	-287.772	-42.3533	80.3717
0.27225	-288.274	-42.4303	80.4256
0.323325	-288.738	-42.5024	80.4757
0.380526	-289.241	-42.5838	80.5297
0.420685	-289.721	-42.6634	80.5811
0.461996	-290.22	-42.7487	80.6349
0.495774	-290.719	-42.8345	80.6886
0.518302	-291.241	-42.9243	80.7448
0.535098	-291.71	-43.0024	80.7953
0.550539	-292.186	-43.08	80.8473
0.550697	-292.679	-43.1587	80.9011
0.550336	-293.149	-43.2332	80.9528
0.546323	-293.623	-43.3099	81.0046
0.543158	-294.105	-43.3908	81.0569
0.5266	-294.614	-43.4779	81.1117
0.512277	-295.097	-43.5607	81.1643
0.494422	-295.572	-43.644	81.2155
0.472661	-296.089	-43.7372	81.271
0.45459	-296.588	-43.8255	81.3251
0.428873	-297.097	-43.9138	81.3802
0.408618	-297.595	-43.9943	81.4343
0.377089	-298.089	-44.0714	81.4881
0.362685	-298.584	-44.1463	81.5417
0.330602	-299.048	-44.2162	81.592
0.286441	-299.552	-44.2917	81.6472
0.245419	-300.021	-44.36	81.699
0.201616	-300.49	-44.4261	81.7506
0.150326	-300.945	-44.4914	81.8009
0.0966245	-301.408	-44.5579	81.8518
0.0418023	-301.866	-44.624	81.9024
-0.0375102	-302.359	-44.6952	81.9572
-0.0906568	-302.847	-44.7648	82.0111
-0.140821	-303.306	-44.8331	82.0623
-0.202066	-303.787	-44.9076	82.1156
-0.247876	-304.26	-44.9813	82.1681
-0.281493	-304.738	-45.0559	82.2204
-0.314796	-305.229	-45.1346	82.2739
-0.341501	-305.707	-45.2136	82.3261
-0.367731	-306.211	-45.3014	82.3812
-0.398869	-306.71	-45.3873	82.435
-0.441017	-307.216	-45.4734	82.49
-0.46056	-307.681	-45.5541	82.5406
-0.48843	-308.197	-45.6421	82.5965
-0.494348	-308.694	-45.7278	82.6509
-0.496475	-309.183	-45.8104	82.7043
-0.484167	-309.7	-45.8967	82.7602
-0.471335	-310.19	-45.9781	82.8129
-0.454095	-310.653	-46.0489	82.8629
-0.418778	-311.152	-46.1204	82.918
-0.394927	-311.641	-46.1863	82.9716
-0.354957	-312.092	-46.2451	83.0218
-0.289968	-312.565	-46.3029	83.0754
-0.202546	-313.031	-46.3575	83.129
-0.132689	-313.479	-46.412	83.1798
-0.0665419	-313.97	-46.4773	83.2356
0.028031	-314.433	-46.5445	83.2879
0.09354	-314.937	-46.6216	83.3431
0.192494	-315.428	-46.7016	83.3982
0.261261	-315.923	-46.7855	83.4527
0.352009	-316.41	-46.8677	83.5068
0.414734	-316.909	-46.9533	83.5612
0.474789	-317.408	-47.0384	83.6156
0.545892	-317.91	-47.1232	83.6703
0.598555	-318.4	-47.2041	83.7236
0.649848	-318.878	-47.2807	83.7759
0.698122	-319.384	-47.364	83.8309
0.737221	-319.873	-47.4445	83.8842
0.76961	-320.339	-47.5207	83.9346
0.79132	-320.836	-47.6031	83.9885
0.799778	-321.337	-47.6866	84.0426
0.801027	-321.826	-47.7656	84.0956
0.793323	-322.32	-47.8434	84.1495
0.780453	-322.811	-47.9204	84.2028
0.763234	-323.279	-47.9918	84.2539
0.727429	-323.76	-48.0635	84.3064
0.694586	-324.237	-48.1313	84.3585
0.669603	-324.722	-48.197	84.4115
0.629306	-325.2	-48.2644	84.4639
0.576948	-325.696	-48.3365	84.5187
0.530387	-326.16	-48.4043	84.5707
0.477144	-326.626	-48.4741	84.6226
0.414143	-327.077	-48.5417	84.673
0.353103	-327.543	-48.6129	84.7254
0.292779	-328.011	-48.6858	84.7769
0.211183	-328.497	-48.7612	84.8308
0.130515	-328.961	-48.8328	84.883
0.0518098	-329.422	-48.9027	84.9346
-0.0238353	-329.883	-48.9711	84.9856
-0.107929	-330.38	-49.0459	85.0404
-0.171275	-330.863	-49.1207	85.0935
-0.233614	-331.35	-49.1984	85.1468
-0.296944	-331.812	-49.2726	85.1975
-0.34683	-332.271	-49.3474	85.2478
-0.396551	-332.752	-49.4258	85.3005
-0.433432	-333.239	-49.5054	85.3536
-0.470601	-333.717	-49.584	85.406
-0.50546	-334.173	-49.6604	85.4561
-0.545888	-334.669	-49.744	85.5102
-0.564865	-335.16	-49.8298	85.5633
-0.589323	-335.663	-49.9167	85.6178
-0.59403	-336.151	-50.004	85.6711
-0.598564	-336.653	-50.0922	85.725
-0.596548	-337.133	-50.1739	85.7767
-0.580674	-337.631	-50.2547	85.8306
-0.566003	-338.096	-50.3294	85.8815
-0.531639	-338.595	-50.4068	85.9363
-0.508005	-339.091	-50.475	85.9911
-0.454731	-339.595	-50.5415	86.0472
-0.419596	-340.078	-50.6046	86.1014
-0.381198	-340.574	-50.6707	86.1571
-0.301009	-341.035	-50.7281	86.2099
-0.244603	-341.505	-50.784	86.264
-0.157598	-341.982	-50.8485	86.319
-0.0918556	-342.445	-50.916	86.3711
-0.0258101	-342.892	-50.9857	86.4211
0.0466136	-343.359	-51.0632	86.473
0.119286	-343.84	-51.1448	86.5256
0.203476	-344.346	-51.2307	86.5811
0.278007	-344.848	-51.316	86.6356
0.353536	-345.341	-51.3963	86.6889
0.418031	-345.841	-51.4772	86.7429
0.471239	-346.345	-51.5574	86.7973
0.528842	-346.84	-51.6359	86.851
0.574805	-347.321	-51.7137	86.9033
0.610626	-347.831	-51.7987	86.9585
0.646331	-348.33	-51.885	87.0122
0.677183	-348.845	-51.9731	87.0676
0.696535	-349.325	-52.055	87.1195
0.708988	-349.814	-52.1374	87.1725
0.715027	-350.322	-52.2202	87.2276
0.715594	-350.819	-52.3007	87.2816
0.708244	-351.318	-52.3788	87.3358
0.684507	-351.812	-52.4537	87.3897
0.668363	-352.305	-52.5243	87.4434
0.627377	-352.8	-52.5957	87.4977
0.590828	-353.297	-52.6673	87.5524
0.543328	-353.762	-52.7333	87.6038
0.490073	-354.231	-52.7985	87.6564
0.402321	-354.701	-52.8625	87.7093
0.329555	-355.164	-52.9251	87.7613
0.257223	-355.615	-52.9868	87.8127
0.162381	-356.115	-53.0595	87.8684
0.0801546	-356.579	-53.1286	87.9208
0.00496657	-357.036	-53.1987	87.9721
-0.0671263	-357.527	-53.2769	88.0266
-0.162662	-357.99	-53.3532	88.0788
-0.227027	-358.484	-53.4377	88.1331
-0.303503	-358.962	-53.5189	88.1853
-0.37941	-359.434	-53.5984	88.2374
-0.465019	-359.905	-53.6773	88.2894
-0.515159	-360.415	-53.7657	88.3451
-0.580955	-360.911	-53.8504	88.3997
-0.629431	-361.378	-53.9297	88.4513
-0.666633	-361.843	-54.0103	88.5023
-0.703798	-362.316	-54.0928	88.554
-0.738798	-362.827	-54.181	88.6099
-0.756782	-363.303	-54.2624	88.6617
-0.76264	-363.771	-54.3416	88.7125
-0.763059	-364.261	-54.4211	88.7655
-0.754915	-364.724	-54.4937	88.8158
-0.7329	-365.203	-54.5675	88.8677
-0.710374	-365.679	-54.6392	88.9196
-0.674434	-366.15	-54.7057	88.9714
-0.637355	-366.639	-54.7685	89.0255
-0.592063	-367.108	-54.8294	89.0784
-0.523331	-367.554	-54.8869	89.129
-0.467123	-368.009	-54.9452	89.1805
-0.402372	-368.482	-55.0028	89.2346
-0.326546	-368.933	-55.0587	89.286
-0.212196	-369.418	-55.1175	89.3429
-0.142397	-369.889	-55.1802	89.397
-0.0343513	-370.362	-55.2473	89.4519
0.0331383	-370.838	-55.3197	89.5057
0.114548	-371.319	-55.3977	89.5594
0.209936	-371.792	-55.4777	89.6121
0.284758	-372.256	-55.5602	89.6646
0.360819	-372.735	-55.645	89.7179
0.467437	-373.201	-55.7288	89.7702
0.531092	-373.721	-55.8226	89.8273
0.606974	-374.197	-55.9053	89.8799
0.67146	-374.658	-55.9859	89.9304
0.722101	-375.122	-56.0676	89.9808
0.772329	-375.584	-56.1496	90.0314
0.816262	-376.061	-56.234	90.0827
0.852767	-376.525	-56.3137	90.1329
0.882884	-377.026	-56.3951	90.1873
0.913586	-377.538	-56.474	90.2429
0.929212	-378.019	-56.5471	90.2952
0.938938	-378.512	-56.6236	90.3486
0.93912	-379.002	-56.7009	90.4018
0.922472	-379.493	-56.7788	90.4553
0.895118	-379.981	-56.8557	90.5086
0.858528	-380.462	-56.9311	90.5615
0.818048	-380.961	-57.011	90.6164
0.775604	-381.44	-57.0836	90.6689
0.742603	-381.903	-57.147	90.7192
0.706796	-382.377	-57.2112	90.7716
0.672786	-382.868	-57.279	90.825
0.627824	-383.357	-57.3535	90.8784
0.567754	-383.867	-57.4314	90.9339
0.515693	-384.348	-57.5042	90.9865
0.45472	-384.82	-57.5758	91.0379
0.372873	-385.287	-57.6454	91.0893
0.308256	-385.767	-57.7155	91.1423
0.243399	-386.268	-57.7889	91.1974
0.163971	-386.757	-57.863	91.2507
0.102711	-387.246	-57.9379	91.3038
0.0397736	-387.714	-58.0119	91.355
-0.0242555	-388.208	-58.0915	91.409
-0.0928092	-388.704	-58.1721	91.4634
-0.148581	-389.173	-58.2469	91.5152
-0.219522	-389.664	-58.3267	91.569
-0.2655	-390.146	-58.4063	91.6221
-0.296294	-390.608	-58.4853	91.6731
-0.344663	-391.105	-58.5711	91.7279
-0.375819	-391.573	-58.6522	91.7787
-0.414232	-392.039	-58.7323	91.8299
-0.438465	-392.503	-58.8109	91.8809
-0.459541	-392.957	-58.8869	91.9312
-0.478614	-393.423	-58.9633	91.9825
-0.489436	-393.924	-59.0466	92.0373
-0.511759	-394.403	-59.1277	92.0894
-0.522793	-394.9	-59.2103	92.1429
-0.531893	-395.407	-59.2929	92.1979
-0.537022	-395.877	-59.368	92.2487
-0.533329	-396.377	-59.447	92.3028
-0.527296	-396.853	-59.5215	92.3543
-0.516073	-397.353	-59.5978	92.4086
-0.48959	-397.821	-59.6663	92.4599
-0.469515	-398.291	-59.7334	92.5113
-0.444945	-398.777	-59.7994	92.5647
-0.396602	-399.259	-59.8645	92.6186
-0.343772	-399.715	-59.9224	92.67
-0.292365	-400.163	-59.9772	92.7208
-0.234721	-400.624	-60.0307	92.7738
-0.156831	-401.1	-60.0911	92.8281
-0.0688989	-401.568	-60.1524	92.8816
0.0131906	-402.01	-60.2143	92.932
0.0755621	-402.472	-60.2841	92.9836
0.14403	-402.967	-60.3646	93.0388
0.236708	-403.456	-60.4491	93.0938
0.306442	-403.956	-60.5354	93.1497
0.388829	-404.411	-60.6157	93.2006
0.447182	-404.911	-60.7072	93.255
0.502678	-405.382	-60.7904	93.3068
0.566936	-405.895	-60.8758	93.3632
0.617289	-406.397	-60.9602	93.4183
0.670573	-406.877	-61.0406	93.4703
0.700898	-407.401	-61.1277	93.5273
0.732648	-407.898	-61.2092	93.5815
0.755875	-408.375	-61.2885	93.6337
0.770224	-408.873	-61.3688	93.688
0.778848	-409.355	-61.4443	93.7407
0.770833	-409.836	-61.52	93.7938
0.756379	-410.325	-61.5968	93.847
0.731721	-410.799	-61.6696	93.899
0.704028	-411.278	-61.742	93.9512
0.675007	-411.741	-61.8111	94.0013
0.638484	-412.241	-61.8839	94.0555
0.603596	-412.717	-61.9517	94.1068
0.563215	-413.195	-62.0183	94.1594
0.509279	-413.674	-62.0846	94.2121
0.469717	-414.169	-62.1519	94.266
0.425079	-414.635	-62.2164	94.3165
0.372411	-415.117	-62.2834	94.3692
0.293584	-415.585	-62.347	94.4208
0.225414	-416.069	-62.4128	94.4737
0.165668	-416.527	-62.4751	94.524
0.0994264	-417.02	-62.5487	94.5788
0.0169831	-417.504	-62.6248	94.6318
-0.0394639	-417.988	-62.7049	94.6844
-0.104285	-418.449	-62.783	94.7349
-0.167215	-418.921	-62.8635	94.7865
-0.246895	-419.408	-62.9463	94.8402
-0.302018	-419.864	-63.0235	94.8907
-0.340651	-420.375	-63.111	94.9468
-0.383006	-420.846	-63.1934	94.9987
-0.438236	-421.315	-63.2753	95.0504
-0.471846	-421.794	-63.3569	95.1028
-0.498705	-422.279	-63.4396	95.1562
-0.528469	-422.75	-63.5192	95.2085
-0.552242	-423.213	-63.5982	95.2599
-0.56833	-423.704	-63.6828	95.3145
-0.579162	-424.201	-63.7667	95.3693
-0.590377	-424.705	-63.8527	95.4249
-0.594616	-425.179	-63.9332	95.4769
-0.593606	-425.655	-64.0142	95.529
-0.588152	-426.111	-64.0922	95.5792
-0.577138	-426.614	-64.177	95.6343
-0.563784	-427.099	-64.2532	95.6873
-0.544683	-427.56	-64.3208	95.7382
-0.505781	-428.045	-64.3896	95.7919
-0.46729	-428.507	-64.4531	95.8435
-0.429283	-428.953	-64.5106	95.8944
-0.374249	-429.402	-64.5677	95.9457
-0.322198	-429.869	-64.6252	95.9989
-0.243806	-430.315	-64.6767	96.0507
-0.180319	-430.747	-64.7257	96.1017
-0.128695	-431.222	-64.7806	96.1569
-0.0485448	-431.689	-64.8439	96.2121
-0.000470817	-432.163	-64.9103	96.2664
0.0620335	-432.606	-64.9773	96.3174
0.128907	-433.093	-65.0522	96.3719
0.187839	-433.597	-65.1306	96.428
0.266787	-434.075	-65.2109	96.4816
0.325607	-434.54	-65.2927	96.5326
0.375182	-435.019	-65.3792	96.5842
0.417474	-435.494	-65.4693	96.6351
0.464239	-435.984	-65.5573	96.6877
0.514778	-436.507	-65.6474	96.7445
0.553456	-437.012	-65.7339	96.7992
0.587584	-437.498	-65.8161	96.8516
0.615739	-437.972	-65.8948	96.9025
0.629802	-438.476	-65.975	96.9569
0.645562	-438.979	-66.0529	97.0115
0.65017	-439.469	-66.1282	97.0644
0.64815	-439.949	-66.2028	97.1164
0.641736	-440.46	-66.2842	97.1714
0.634589	-440.969	-66.3648	97.2259
0.623946	-441.477	-66.444	97.2806
0.606312	-441.956	-66.5172	97.3324
0.59121	-442.426	-66.5874	97.3831
0.57782	-442.943	-66.6655	97.4388
0.551334	-443.443	-66.7403	97.4921
0.532392	-443.947	-66.8133	97.5467
0.498366	-444.456	-66.8915	97.6018
0.469839	-444.96	-66.9743	97.6559
0.438117	-445.455	-67.0552	97.7087
0.403319	-445.954	-67.1341	97.7627
0.378316	-446.444	-67.2109	97.8158
0.353271	-446.931	-67.2875	97.8685
0.324784	-447.414	-67.3662	97.9208
0.301821	-447.89	-67.4434	97.9723
0.287259	-448.406	-67.5247	98.0276
0.267388	-448.888	-67.6013	98.0803
0.248229	-449.384	-67.6809	98.1338
0.23509	-449.901	-67.7633	98.1892
0.215656	-450.404	-67.8429	98.2432
0.201948	-450.929	-67.9267	98.2995
0.181276	-451.434	-68.0072	98.3539
0.165725	-451.931	-68.086	98.4075
0.145616	-452.428	-68.1643	98.4619
0.120379	-452.899	-68.2379	98.5128
0.0939525	-453.403	-68.3162	98.5677
0.0665899	-453.892	-68.3913	98.6209
0.0349542	-454.381	-68.4668	98.6743
0.00162497	-454.869	-68.5444	98.7271
-0.029096	-455.346	-68.62	98.7787
-0.062921	-455.838	-68.6974	98.8318
-0.0974591	-456.341	-68.7773	98.8861
-0.125054	-456.822	-68.852	98.9382
-0.150879	-457.303	-68.9264	98.9903
-0.180169	-457.822	-69.0082	99.0465
-0.197807	-458.305	-69.0861	99.0991
-0.212768	-458.785	-69.1631	99.1507
-0.225473	-459.247	-69.236	99.2009
-0.242446	-459.745	-69.3142	99.255
-0.243587	-460.249	-69.3947	99.3095
-0.247959	-460.736	-69.4723	99.3618
-0.251819	-461.235	-69.5503	99.4158
-0.255243	-461.724	-69.6271	99.4683
-0.265228	-462.221	-69.7055	99.5219
-0.270292	-462.704	-69.7813	99.5741
-0.275615	-463.187	-69.8563	99.6261
-0.285178	-463.679	-69.9346	99.6791
-0.298051	-464.169	-70.0147	99.7321
-0.307708	-464.656	-70.0954	99.7841
-0.319358	-465.131	-70.1747	99.8351
-0.33453	-465.637	-70.2599	99.8893
-0.352235	-466.139	-70.3415	99.9429
-0.369698	-466.656	-70.4237	99.9985
-0.389556	-467.155	-70.502	100.052
-0.410174	-467.645	-70.5796	100.105
-0.43406	-468.16	-70.6622	100.16
-0.455549	-468.632	-70.7367	100.21
-0.478855	-469.139	-70.8167	100.265
-0.496005	-469.619	-70.8941	100.317
-0.509764	-470.116	-70.9732	100.37
-0.52309	-470.599	-71.0484	100.422
-0.541917	-471.103	-71.1256	100.476
-0.563757	-471.622	-71.2082	100.531
-0.591675	-472.128	-71.2919	100.586
-0.627948	-472.623	-71.3748	100.638
-0.662092	-473.125	-71.4574	100.692
-0.702489	-473.631	-71.5433	100.746
-0.736745	-474.152	-71.6318	100.802
-0.775125	-474.687	-71.7243	100.859
-0.803302	-475.157	-71.8047	100.909
-0.833956	-475.687	-71.895	100.966
-0.855173	-476.203	-71.9791	101.022
-0.873837	-476.722	-72.0581	101.077
-0.888639	-477.225	-72.1333	101.131
-0.905689	-477.733	-72.2093	101.186
-0.915734	-478.242	-72.2848	101.241
-0.92916	-478.76	-72.3636	101.296
-0.937102	-479.27	-72.4462	101.351
-0.953713	-479.782	-72.5305	101.406
-0.961928	-480.293	-72.6079	101.462
-0.970389	-480.762	-72.6757	101.512
-0.984288	-481.272	-72.7511	101.567
-1.00509	-481.79	-72.8302	101.623
-1.01827	-482.302	-72.9102	101.679
-1.0405	-482.764	-72.9821	101.729
-1.07378	-483.273	-73.0631	101.785
-1.10742	-483.797	-73.1481	101.842
-1.14255	-484.262	-73.2221	101.892
-1.17722	-484.724	-73.2939	101.942
-1.21428	-485.244	-73.3739	101.999
-1.23885	-485.702	-73.4451	102.049
-1.26275	-486.173	-73.5204	102.1
-1.28816	-486.647	-73.599	102.151
-1.32329	-487.128	-73.6807	102.203
-1.34599	-487.625	-73.7723	102.256
-1.37209	-488.113	-73.8586	102.309
-1.39174	-488.592	-73.9411	102.36
-1.40278	-489.06	-74.0218	102.411
-1.40743	-489.527	-74.0992	102.461
-1.40646	-489.992	-74.1743	102.511
-1.39832	-490.501	-74.2552	102.567
-1.39245	-490.962	-74.3285	102.617
-1.37843	-491.465	-74.4054	102.672
-1.35678	-491.976	-74.4823	102.728
-1.33382	-492.439	-74.5544	102.778
-1.30569	-492.938	-74.6346	102.833
-1.2735	-493.423	-74.7149	102.886
-1.24137	-493.915	-74.7976	102.94
-1.22648	-494.406	-74.8779	102.993
-1.2261	-494.896	-74.9546	103.047
-1.20848	-495.41	-75.0275	103.103
-1.19104	-495.886	-75.0932	103.155
-1.17436	-496.362	-75.1576	103.207
-1.15094	-496.864	-75.2311	103.261
-1.1334	-497.352	-75.3033	103.313
-1.10158	-497.824	-75.3732	103.364
-1.0834	-498.301	-75.444	103.415
-1.07049	-498.784	-75.5179	103.466
-1.06104	-499.275	-75.5957	103.518
-1.04648	-499.767	-75.6748	103.57
-1.01651	-500.29	-75.7588	103.627
-1.00111	-500.804	-75.8406	103.682
-0.978516	-501.317	-75.9207	103.737
-0.958688	-501.793	-75.9946	103.788
-0.942377	-502.28	-76.0715	103.84
-0.923081	-502.782	-76.1519	103.894
-0.917051	-503.295	-76.2337	103.949
-0.90726	-503.81	-76.3157	104.005
-0.904066	-504.283	-76.3909	104.055
-0.904589	-504.767	-76.4679	104.107
-0.91262	-505.257	-76.5453	104.159
-0.91765	-505.794	-76.6297	104.217
-0.925231	-506.265	-76.7039	104.267
-0.931173	-506.78	-76.7854	104.322
-0.943583	-507.299	-76.8681	104.378
-0.955861	-507.793	-76.9448	104.432
-0.97338	-508.279	-77.0165	104.484
