x	y	z	t
0.470991	420.895	68.8639	2.97504
0.428723	420.464	68.7724	3.02603
0.428408	419.966	68.6985	3.08039
0.427413	419.451	68.6206	3.13625
0.426396	418.956	68.5426	3.19006
0.425886	418.487	68.4658	3.2408
0.428139	418.004	68.3878	3.29283
0.430171	417.509	68.31	3.34611
0.433434	417.047	68.2406	3.39613
0.434091	416.574	68.1712	3.44764
0.436219	416.086	68.1015	3.50038
0.435507	415.569	68.0265	3.55626
0.436449	415.04	67.9499	3.61332
0.434458	414.532	67.8737	3.66836
0.432748	414.007	67.7937	3.72465
0.429415	413.493	67.7144	3.77973
0.426771	412.974	67.634	3.83532
0.424607	412.464	67.5555	3.88985
0.422999	411.954	67.4771	3.94449
0.421242	411.477	67.4039	3.99542
0.419792	410.968	67.3262	4.05
0.418502	410.484	67.2509	4.10158
0.416217	409.951	67.1673	4.15834
0.416689	409.443	67.0871	4.21273
0.418285	408.924	67.0054	4.26854
0.42879	408.445	66.93	4.31979
0.440734	407.925	66.8473	4.37588
0.458365	407.425	66.7667	4.42985
0.473871	406.933	66.6875	4.48292
0.485507	406.446	66.6102	4.5358
0.501854	405.958	66.5328	4.58894
0.511437	405.437	66.4508	4.64539
0.520216	404.93	66.3708	4.7007
0.528368	404.447	66.2949	4.75367
0.53981	403.932	66.2126	4.80953
0.55171	403.426	66.1319	4.86407
0.563963	402.962	66.0575	4.91433
0.576172	402.438	65.9744	4.97082
0.59376	401.919	65.8923	5.02683
0.599895	401.417	65.814	5.08165
0.619935	400.903	65.7337	5.1377
0.62883	400.398	65.6567	5.19267
0.657899	399.907	65.5826	5.24631
0.673416	399.418	65.5121	5.29957
0.698722	398.935	65.4431	5.35224
0.732222	398.443	65.3741	5.40583
0.75129	397.943	65.3064	5.4605
0.7721	397.457	65.2409	5.51338
0.80627	396.98	65.1776	5.56546
0.832411	396.502	65.1133	5.61735
0.851077	395.993	65.0472	5.67203
0.87328	395.514	64.9836	5.72299
0.889319	395.015	64.9161	5.77579
0.916837	394.512	64.8432	5.82899
0.935174	394.031	64.766	5.87944
0.954286	393.548	64.6816	5.92996
0.96995	393.037	64.5866	5.98319
0.98005	392.548	64.4927	6.03395
0.983889	392.067	64.4006	6.08413
0.980638	391.536	64.3003	6.13991
0.971614	391.015	64.2068	6.19485
0.955866	390.477	64.1114	6.25155
0.930053	389.957	64.0256	6.30668
0.907609	389.473	63.9481	6.35835
0.88823	388.945	63.8658	6.41486
0.857371	388.472	63.7932	6.46593
0.819151	387.951	63.7163	6.52276
0.776757	387.487	63.6504	6.57357
0.727347	387.02	63.5853	6.62525
0.674442	386.57	63.5243	6.67548
0.593845	386.07	63.4581	6.73172
0.531536	385.599	63.3952	6.78422
0.443591	385.134	63.3334	6.83632
0.369396	384.636	63.2684	6.89265
0.278146	384.143	63.2014	6.94841
0.204768	383.645	63.133	7.00384
0.121186	383.155	63.0598	7.05873
0.0500475	382.643	62.9785	7.11482
-0.0236739	382.167	62.898	7.1665
-0.0812742	381.669	62.8097	7.22062
-0.13855	381.17	62.7226	7.27453
-0.185357	380.7	62.6398	7.32483
-0.241231	380.211	62.5536	7.37771
-0.2781	379.725	62.4675	7.42947
-0.308644	379.21	62.3743	7.48446
-0.342235	378.71	62.2852	7.53812
-0.359969	378.189	62.1917	7.59384
-0.376344	377.717	62.1101	7.64425
-0.394722	377.208	62.0241	7.69915
-0.399396	376.722	61.9434	7.75195
-0.405002	376.227	61.8628	7.8055
-0.411742	375.733	61.7826	7.85905
-0.409826	375.258	61.7036	7.91087
-0.407639	374.751	61.6198	7.9655
-0.403387	374.241	61.5348	8.02026
-0.398311	373.753	61.4533	8.07281
-0.386938	373.237	61.3682	8.12814
-0.378294	372.72	61.2856	8.18336
-0.363655	372.203	61.2074	8.23896
-0.36268	371.683	61.1334	8.29493
-0.338048	371.187	61.0634	8.34893
-0.32997	370.698	60.9972	8.40218
-0.294305	370.169	60.9236	8.45965
-0.27282	369.667	60.8567	8.51485
-0.230685	369.189	60.7931	8.56756
-0.204628	368.709	60.7352	8.62064
-0.171453	368.24	60.6792	8.67241
-0.135385	367.767	60.6238	8.72484
-0.108056	367.286	60.566	8.7774
-0.0744737	366.782	60.5011	8.83211
-0.0450428	366.296	60.4316	8.88532
-0.00278157	365.814	60.3594	8.93751
0.0219932	365.325	60.2838	8.99031
0.057256	364.823	60.2043	9.04426
0.111539	364.306	60.1213	9.09992
0.143736	363.8	60.0371	9.15401
0.191453	363.265	59.9459	9.21151
0.220271	362.797	59.8652	9.26175
0.247675	362.288	59.7789	9.31627
0.288616	361.798	59.6966	9.36895
0.305693	361.262	59.6062	9.42618
0.334539	360.739	59.5177	9.48243
0.36672	360.217	59.4291	9.53835
0.389726	359.688	59.3379	9.59474
0.419202	359.149	59.2471	9.65202
0.436977	358.671	59.169	9.70273
0.453209	358.142	59.0841	9.75881
0.457548	357.665	59.0073	9.80929
0.455434	357.174	58.928	9.8613
0.447807	356.664	58.8467	9.91504
0.430463	356.173	58.7699	9.96725
0.418051	355.639	58.6902	10.0246
0.390695	355.11	58.6132	10.0817
0.367169	354.625	58.5428	10.1338
0.333023	354.143	58.4746	10.1859
0.284195	353.627	58.405	10.2424
0.246733	353.144	58.3387	10.2959
0.197952	352.64	58.271	10.3515
0.144249	352.161	58.2049	10.4048
0.0911038	351.706	58.143	10.4552
0.0272584	351.202	58.0723	10.5111
-0.0205075	350.709	57.9971	10.5657
-0.0761532	350.255	57.9218	10.6162
-0.132955	349.755	57.8335	10.6716
-0.189512	349.249	57.7425	10.7275
-0.26567	348.781	57.6554	10.7785
-0.31118	348.267	57.5569	10.8339
-0.37697	347.77	57.4645	10.8884
-0.414197	347.247	57.3644	10.9451
-0.457656	346.784	57.2773	10.9951
-0.5089	346.292	57.1864	11.0488
-0.532232	345.801	57.0964	11.1018
-0.565671	345.313	57.012	11.1541
-0.597362	344.823	56.9297	11.2066
-0.628682	344.32	56.8473	11.2609
-0.648668	343.819	56.7676	11.3145
-0.670519	343.321	56.6899	11.3681
-0.681861	342.831	56.6132	11.421
-0.688924	342.365	56.541	11.471
-0.689571	341.859	56.4621	11.5256
-0.684051	341.332	56.3807	11.5822
-0.676797	340.832	56.3024	11.6364
-0.662556	340.347	56.2272	11.6892
-0.649758	339.858	56.1537	11.7423
-0.631445	339.337	56.0777	11.7984
-0.610018	338.844	56.0121	11.8522
-0.585526	338.362	55.95	11.9051
-0.553443	337.881	55.8917	11.9581
-0.525292	337.404	55.8368	12.0109
-0.501824	336.937	55.7904	12.0628
-0.481215	336.453	55.7355	12.1157
-0.44159	335.96	55.6742	12.1696
-0.433165	335.48	55.6112	12.2225
-0.405286	334.993	55.5397	12.2761
-0.373305	334.488	55.4624	12.3314
-0.339925	333.987	55.3801	12.386
-0.296789	333.463	55.288	12.4423
-0.262041	332.957	55.1969	12.4967
-0.207252	332.465	55.1074	12.55
-0.190476	331.958	55.0111	12.6033
-0.172132	331.456	54.9188	12.6559
-0.149118	330.972	54.8289	12.7063
-0.125948	330.425	54.7256	12.7631
-0.105901	329.885	54.6273	12.8195
-0.105701	329.348	54.532	12.8753
-0.105346	328.866	54.4512	12.9257
-0.11099	328.374	54.3715	12.9773
-0.12235	327.845	54.2902	13.0332
-0.13812	327.337	54.2168	13.0871
-0.160808	326.803	54.1466	13.144
-0.195736	326.281	54.0795	13.2004
-0.210573	325.779	54.0221	13.2546
-0.233468	325.302	53.9684	13.3067
-0.263128	324.795	53.9162	13.363
-0.309363	324.28	53.8558	13.4207
-0.325303	323.794	53.8011	13.4748
-0.350245	323.331	53.7391	13.526
-0.376681	322.822	53.6637	13.5828
-0.416395	322.318	53.5817	13.6386
-0.434491	321.815	53.4872	13.6938
-0.47934	321.32	53.3875	13.7486
-0.495778	320.793	53.2734	13.8052
-0.540694	320.279	53.1641	13.8604
-0.567188	319.779	53.0561	13.9139
-0.617855	319.247	52.9542	13.9714
-0.646144	318.746	52.859	14.0251
-0.687166	318.215	52.763	14.0821
-0.720117	317.702	52.6753	14.1367
-0.760398	317.181	52.5851	14.1923
-0.785565	316.667	52.4991	14.247
-0.81293	316.155	52.4119	14.3019
-0.830802	315.651	52.3295	14.3561
-0.847603	315.162	52.2488	14.409
-0.858087	314.675	52.1723	14.4618
-0.868253	314.205	52.1019	14.5135
-0.871698	313.716	52.031	14.5669
-0.86941	313.231	51.9635	14.6199
-0.863206	312.722	51.8946	14.6753
-0.85621	312.243	51.8287	14.7276
-0.846486	311.769	51.7631	14.7795
-0.898498	311.324	51.7062	14.8349
-0.869662	310.835	51.6396	14.8885
-0.85095	310.32	51.5747	14.9452
-0.829256	309.841	51.5169	14.9982
-0.794195	309.369	51.4648	15.051
-0.778573	308.888	51.4157	15.1044
-0.746017	308.386	51.3581	15.1598
-0.729199	307.907	51.3033	15.2129
-0.712621	307.421	51.2371	15.2652
-0.685802	306.953	51.1649	15.3173
-0.641512	306.478	51.0892	15.3689
-0.627589	305.979	51.0088	15.4227
-0.598771	305.485	50.9281	15.4758
-0.555539	304.981	50.8432	15.5298
-0.529239	304.492	50.758	15.582
-0.513132	303.978	50.6625	15.6364
-0.480556	303.474	50.5706	15.6896
-0.468294	302.947	50.4732	15.7445
-0.447382	302.434	50.3807	15.7985
-0.410401	301.928	50.2914	15.8521
-0.394607	301.428	50.2029	15.905
-0.369891	300.903	50.1133	15.9604
-0.3584	300.391	50.0253	16.0147
-0.340747	299.87	49.9382	16.07
-0.33164	299.34	49.8499	16.1261
-0.325042	298.828	49.7676	16.1806
-0.321867	298.319	49.6887	16.2349
-0.324408	297.851	49.6197	16.285
-0.329239	297.371	49.5516	16.3367
-0.339886	296.864	49.482	16.3925
-0.353311	296.371	49.4135	16.4466
-0.375208	295.894	49.3493	16.4986
-0.402158	295.371	49.284	16.5558
-0.443215	294.877	49.2221	16.6099
-0.4723	294.412	49.1651	16.6613
-0.49373	293.902	49.104	16.7177
-0.536113	293.433	49.0432	16.7693
-0.567011	292.972	48.9779	16.8202
-0.586963	292.507	48.9056	16.8709
-0.611022	292.008	48.8211	16.926
-0.639848	291.505	48.7311	16.9808
-0.670938	291.006	48.6337	17.0352
-0.727686	290.511	48.5372	17.0893
-0.754833	290.008	48.4351	17.1435
-0.802209	289.491	48.3364	17.1992
-0.828767	288.991	48.2374	17.2528
-0.873657	288.461	48.1368	17.3096
-0.916929	287.959	48.0373	17.3633
-0.954843	287.43	47.9402	17.4198
-0.978042	286.918	47.8485	17.4746
-0.996193	286.423	47.7652	17.5277
-1.01395	285.924	47.6856	17.5821
-1.02687	285.422	47.6101	17.6366
-1.0349	284.927	47.5356	17.6903
-1.03842	284.451	47.4655	17.7424
-1.04264	283.982	47.4009	17.7937
-1.03925	283.514	47.3397	17.8451
-1.03417	283.035	47.2817	17.8977
-1.01481	282.566	47.2243	17.9501
-1.00347	282.092	47.1675	18.0031
-0.98114	281.608	47.1064	18.0569
-0.942658	281.134	47.0467	18.1095
-0.905302	280.633	46.9812	18.165
-0.857931	280.17	46.9126	18.2162
-0.788902	279.672	46.8326	18.2705
-0.725615	279.172	46.7463	18.3251
-0.667714	278.692	46.6653	18.3771
-0.616861	278.202	46.5857	18.4302
-0.557421	277.689	46.5016	18.4857
-0.500929	277.211	46.4219	18.5378
-0.431405	276.734	46.343	18.5897
-0.37537	276.248	46.2669	18.6425
-0.324058	275.781	46.1984	18.6935
-0.277912	275.317	46.135	18.7444
-0.246149	274.827	46.0698	18.7979
-0.200488	274.344	46.0064	18.8509
-0.176312	273.881	45.9467	18.9021
-0.14812	273.417	45.884	18.9531
-0.121305	272.9	45.809	19.0087
-0.0906644	272.371	45.7254	19.0657
-0.0534244	271.844	45.6384	19.1213
-0.0363582	271.329	45.5475	19.175
-0.0206352	270.81	45.4519	19.2292
0.00591509	270.296	45.3499	19.283
0.00378241	269.791	45.2378	19.3354
0.010416	269.283	45.1293	19.3881
0.0049043	268.8	45.0279	19.4385
-0.0119846	268.272	44.924	19.4935
-0.0358402	267.757	44.8331	19.5476
-0.079748	267.221	44.7447	19.6038
-0.129893	266.743	44.6747	19.6541
-0.187101	266.221	44.6	19.7096
-0.256877	265.713	44.5282	19.7636
-0.310863	265.238	44.465	19.8139
-0.364489	264.75	44.4036	19.8656
-0.422955	264.255	44.3466	19.9196
-0.500155	263.801	44.2986	19.9705
-0.544008	263.292	44.2468	20.0279
-0.602601	262.85	44.1977	20.0785
-0.655188	262.418	44.15	20.1286
-0.69918	261.981	44.0943	20.1787
-0.755455	261.501	44.0276	20.2341
-0.804168	261.027	43.9514	20.2878
-0.865468	260.537	43.8639	20.3427
-0.902642	260.057	43.7675	20.3956
-0.951335	259.555	43.6703	20.4505
-0.976846	259.055	43.5717	20.5041
-1.01262	258.543	43.4775	20.5587
-1.05499	258.044	43.3874	20.6121
-1.08646	257.526	43.2933	20.6675
-1.11923	257.014	43.2037	20.7229
-1.13919	256.549	43.1257	20.7731
-1.15135	256.051	43.0393	20.8272
-1.16537	255.552	42.9553	20.8812
-1.16752	255.041	42.8692	20.9367
-1.17071	254.55	42.7893	20.9903
-1.16284	254.055	42.7138	21.0444
-1.15371	253.572	42.6411	21.0971
-1.13862	253.101	42.5693	21.1489
-1.11539	252.627	42.4933	21.2006
-1.09994	252.133	42.4149	21.2541
-1.08314	251.652	42.3446	21.3064
-1.06362	251.159	42.2797	21.3603
-1.03191	250.667	42.222	21.4139
-1.01209	250.187	42.1725	21.467
-0.980611	249.711	42.1195	21.5201
-0.956334	249.241	42.069	21.5726
-0.933528	248.754	42.0203	21.6268
-0.913107	248.291	41.9662	21.678
-0.893791	247.818	41.9026	21.7302
-0.84988	247.333	41.8294	21.7839
-0.832793	246.856	41.7517	21.8364
-0.795728	246.376	41.6727	21.8887
-0.765789	245.906	41.5947	21.9392
-0.714425	245.433	41.5118	21.9903
-0.684766	244.961	41.4267	22.0411
-0.647581	244.476	41.3405	22.0935
-0.623834	244.001	41.2531	22.1445
-0.593858	243.506	41.1671	22.1976
-0.567763	243.032	41.0859	22.2487
-0.542258	242.559	41.0032	22.2997
-0.512103	242.05	40.9103	22.3537
-0.494239	241.552	40.8148	22.4062
-0.467463	241.024	40.7213	22.4621
-0.453732	240.529	40.6386	22.5146
-0.440754	240.049	40.5625	22.5662
-0.427595	239.559	40.4858	22.6188
-0.418406	239.052	40.4032	22.6732
-0.417328	238.573	40.3229	22.7251
-0.425918	238.112	40.2491	22.7753
-0.455845	237.602	40.1703	22.8309
-0.488641	237.096	40.0967	22.8863
-0.526224	236.639	40.0331	22.9368
-0.568624	236.159	39.9706	22.9897
-0.611238	235.656	39.9113	23.0457
-0.640665	235.175	39.8542	23.0993
-0.683239	234.725	39.8035	23.1501
-0.720921	234.276	39.7543	23.2012
-0.757396	233.789	39.6981	23.2565
-0.794795	233.312	39.6338	23.3095
-0.835947	232.806	39.5548	23.3659
-0.896214	232.302	39.4654	23.4213
-0.937889	231.823	39.3691	23.4728
-0.971635	231.345	39.2663	23.5238
-0.988912	230.813	39.1475	23.5798
-1.02999	230.323	39.0411	23.6326
-1.04308	229.83	38.9317	23.6851
-1.06463	229.333	38.8311	23.7383
-1.08434	228.806	38.7312	23.7945
-1.09227	228.322	38.6431	23.8469
-1.09804	227.815	38.5574	23.9016
-1.09813	227.323	38.4783	23.9547
-1.09874	226.816	38.405	24.0096
-1.08944	226.321	38.3383	24.0632
-1.08375	225.803	38.2746	24.1195
-1.05762	225.315	38.2122	24.1734
-1.03444	224.837	38.1537	24.2266
-1.00614	224.351	38.0903	24.2806
-0.959206	223.879	38.0317	24.3332
-0.929493	223.412	37.9801	24.3857
-0.88494	222.953	37.9289	24.4374
-0.837212	222.5	37.8772	24.4886
-0.797518	222.042	37.8222	24.5401
-0.742563	221.572	37.7632	24.5925
-0.693905	221.101	37.7018	24.645
-0.658671	220.637	37.6374	24.6964
-0.621386	220.173	37.5639	24.7477
-0.584245	219.717	37.4871	24.7982
-0.518003	219.222	37.4004	24.8527
-0.476618	218.755	37.3155	24.9036
-0.448378	218.238	37.2181	24.9588
-0.41847	217.752	37.1248	25.0106
-0.367602	217.269	37.0293	25.0622
-0.33139	216.777	36.9338	25.1144
-0.310287	216.247	36.8302	25.1699
-0.275119	215.748	36.7366	25.2228
-0.258918	215.255	36.6444	25.2749
-0.251506	214.775	36.5548	25.3258
-0.250331	214.298	36.4732	25.3765
-0.260473	213.83	36.3972	25.4265
-0.277182	213.334	36.3207	25.4796
-0.302096	212.84	36.2463	25.5326
-0.335102	212.368	36.173	25.5831
-0.370982	211.846	36.0915	25.6395
-0.412564	211.334	36.0186	25.6944
-0.438728	210.86	35.9615	25.7462
-0.458964	210.355	35.9028	25.8017
-0.492366	209.9	35.8563	25.8529
-0.503333	209.441	35.8122	25.9043
-0.506477	208.983	35.7761	25.956
-0.517311	208.481	35.7236	26.0117
-0.551619	208.032	35.677	26.0627
-0.56542	207.574	35.624	26.1145
-0.56152	207.08	35.5576	26.1696
-0.580362	206.624	35.4832	26.2204
-0.594011	206.117	35.386	26.2763
-0.602427	205.653	35.2858	26.3272
-0.616688	205.18	35.1769	26.3786
-0.631986	204.715	35.066	26.4288
-0.657787	204.227	34.9557	26.4812
-0.692276	203.753	34.8548	26.5316
-0.74271	203.262	34.7615	26.5844
-0.779153	202.796	34.6792	26.6347
-0.817081	202.327	34.6015	26.6856
-0.852759	201.816	34.5181	26.7416
-0.893227	201.297	34.4343	26.7981
-0.924699	200.831	34.359	26.8486
-0.960286	200.364	34.283	26.8991
-0.998665	199.865	34.2037	26.953
-1.03018	199.38	34.1294	27.0058
-1.06203	198.897	34.056	27.0583
-1.09158	198.406	33.9822	27.1117
-1.12692	197.898	33.9071	27.1664
-1.15468	197.391	33.8293	27.221
-1.18768	196.88	33.7528	27.2763
-1.21108	196.391	33.679	27.3289
-1.2311	195.866	33.5983	27.3854
-1.23652	195.337	33.5187	27.442
-1.23619	194.821	33.44	27.4972
-1.22998	194.305	33.3594	27.5523
-1.22003	193.813	33.2829	27.6053
-1.219	193.312	33.2066	27.6603
-1.20307	192.82	33.1363	27.7135
-1.19558	192.338	33.0728	27.7657
-1.19097	191.87	33.0201	27.8168
-1.17809	191.395	32.9642	27.869
-1.16674	190.923	32.9096	27.9216
-1.14612	190.43	32.8533	27.976
-1.14105	189.965	32.8045	28.0277
-1.13433	189.473	32.7432	28.0813
-1.11023	189.007	32.6786	28.1325
-1.09839	188.505	32.6054	28.1864
-1.06924	188.028	32.5329	28.2383
-1.02147	187.514	32.4558	28.2937
-0.990623	187.026	32.3828	28.3464
-0.959219	186.538	32.3084	28.3989
-0.918734	186.06	32.2342	28.4511
-0.872386	185.577	32.1594	28.503
-0.839754	185.079	32.0775	28.5562
-0.792681	184.599	31.9943	28.6079
-0.757704	184.133	31.911	28.6581
-0.724561	183.657	31.8263	28.7087
-0.683877	183.126	31.7303	28.7654
-0.653913	182.633	31.6375	28.8172
-0.623107	182.132	31.5475	28.8699
-0.59197	181.65	31.461	28.9207
-0.567831	181.112	31.3638	28.9775
-0.557239	180.594	31.2743	29.0325
-0.559676	180.105	31.1915	29.0845
-0.574746	179.592	31.1064	29.1387
-0.593791	179.099	31.0264	29.1913
-0.611672	178.628	30.9518	29.2421
-0.641919	178.144	30.8784	29.2942
-0.662665	177.659	30.8125	29.3468
-0.686559	177.201	30.7538	29.3972
-0.726881	176.704	30.6916	29.4527
-0.755444	176.259	30.6391	29.5029
-0.783064	175.78	30.5843	29.5581
-0.820974	175.337	30.5312	29.609
-0.870383	174.85	30.469	29.6646
-0.905751	174.406	30.4067	29.7148
-0.942432	173.959	30.3363	29.765
-0.972236	173.463	30.2495	29.8204
-1.00702	172.985	30.1599	29.8724
-1.05276	172.486	30.0617	29.9262
-1.08667	172	29.9573	29.9785
-1.11811	171.483	29.8536	30.0335
-1.13384	170.971	29.7481	30.0879
-1.15636	170.451	29.6472	30.1433
-1.17551	169.929	29.5445	30.1985
-1.19359	169.417	29.4475	30.2531
-1.21232	168.919	29.3588	30.3066
-1.22809	168.425	29.2693	30.3596
-1.23998	167.947	29.1871	30.4112
-1.252	167.446	29.1055	30.4652
-1.25655	166.963	29.0343	30.5179
-1.25771	166.463	28.9663	30.5719
-1.25561	165.95	28.8977	30.6272
-1.25196	165.458	28.827	30.6811
-1.24192	164.959	28.7502	30.7354
-1.23542	164.466	28.6733	30.7894
-1.21089	163.959	28.5972	30.8445
-1.19678	163.458	28.5277	30.8988
-1.17643	162.978	28.4638	30.9518
-1.14643	162.488	28.4003	31.0061
-1.1294	161.981	28.34	31.0618
-1.09665	161.514	28.2832	31.1134
-1.06626	161.056	28.2296	31.1646
-1.04263	160.591	28.176	31.2159
-1.02406	160.123	28.1251	31.2671
-0.997609	159.628	28.0604	31.3208
-0.973324	159.155	27.9932	31.3726
-0.935303	158.663	27.9206	31.4261
-0.906388	158.193	27.8506	31.477
-0.884756	157.7	27.7761	31.5302
-0.860207	157.222	27.7004	31.5819
-0.816038	156.733	27.6212	31.6347
-0.80114	156.233	27.538	31.6879
-0.77936	155.748	27.4558	31.7395
-0.755304	155.251	27.3688	31.7922
-0.724979	154.75	27.2793	31.8452
-0.706912	154.256	27.1897	31.8974
-0.700141	153.782	27.1013	31.9475
-0.692248	153.307	27.0163	31.9981
-0.683993	152.788	26.9263	32.0535
-0.682608	152.319	26.8467	32.1037
-0.684702	151.825	26.7637	32.1565
-0.68847	151.335	26.6816	32.2085
-0.694279	150.864	26.605	32.2589
-0.705724	150.348	26.5227	32.3146
-0.712757	149.844	26.445	32.3685
-0.724532	149.372	26.3742	32.4196
-0.739915	148.888	26.3045	32.4722
-0.763112	148.418	26.2402	32.5237
-0.776941	147.954	26.1801	32.5745
-0.795004	147.487	26.1221	32.6264
-0.817203	147.027	26.0663	32.6777
-0.827738	146.561	26.011	32.7296
-0.851615	146.069	25.9466	32.7846
-0.847608	145.578	25.879	32.8394
-0.88052	145.077	25.7994	32.8956
-0.879123	144.573	25.7094	32.9511
-0.909083	144.062	25.6126	33.007
-0.934296	143.594	25.5185	33.0574
-0.952221	143.108	25.4115	33.109
-0.977363	142.592	25.3062	33.1641
-1.01221	142.103	25.2066	33.2164
-1.02591	141.619	25.1127	33.2679
-1.03234	141.148	25.0211	33.3183
-1.04545	140.638	24.9284	33.373
-1.05936	140.12	24.8378	33.4283
-1.06777	139.615	24.7528	33.4823
-1.07654	139.096	24.6662	33.5382
-1.07736	138.59	24.5869	33.5924
-1.07807	138.11	24.5155	33.6442
-1.07063	137.615	24.45	33.698
-1.06633	137.15	24.3899	33.7487
-1.05011	136.661	24.326	33.8017
-1.0341	136.179	24.2635	33.854
-1.01258	135.682	24.2018	33.9086
-0.995636	135.2	24.1405	33.9616
-0.963628	134.705	24.0773	34.016
-0.941791	134.206	24.0168	34.071
-0.905142	133.695	23.9508	34.127
-0.878292	133.205	23.8893	34.1806
-0.839163	132.708	23.8233	34.2347
-0.809213	132.22	23.7571	34.2879
-0.784869	131.71	23.6871	34.3432
-0.749943	131.203	23.6141	34.3982
-0.713252	130.707	23.5403	34.4527
-0.67672	130.229	23.4676	34.5046
-0.630313	129.755	23.3944	34.5564
-0.595085	129.295	23.3211	34.6064
-0.562345	128.787	23.2382	34.6611
-0.53679	128.302	23.157	34.7135
-0.498005	127.819	23.0748	34.7656
-0.472292	127.349	22.9931	34.8163
-0.454357	126.827	22.9008	34.8716
-0.424464	126.352	22.8158	34.9224
-0.386699	125.834	22.723	34.9774
-0.359218	125.347	22.6335	35.029
-0.340298	124.85	22.5446	35.0813
-0.322113	124.361	22.4582	35.1332
-0.306203	123.861	22.371	35.1864
-0.30302	123.383	22.289	35.2375
-0.304791	122.904	22.208	35.2888
-0.308026	122.436	22.1322	35.3391
-0.320483	121.914	22.0498	35.3953
-0.329426	121.399	21.9716	35.4508
-0.348574	120.91	21.9008	35.5037
-0.37395	120.445	21.8376	35.5547
-0.386469	119.936	21.7715	35.611
-0.413872	119.48	21.7114	35.6613
-0.458981	118.989	21.6456	35.7159
-0.498504	118.536	21.5862	35.7664
-0.523981	118.053	21.5257	35.8201
-0.565165	117.602	21.4683	35.8705
-0.607704	117.153	21.4091	35.9207
-0.654144	116.693	21.3442	35.9722
-0.693792	116.216	21.2731	36.025
-0.742342	115.754	21.2026	36.0762
-0.766211	115.252	21.1219	36.1314
-0.813443	114.744	21.0363	36.1869
-0.837296	114.225	20.9426	36.2427
-0.875196	113.762	20.8504	36.2928
-0.903349	113.289	20.7527	36.3429
-0.939784	112.818	20.6579	36.393
-0.974859	112.291	20.5551	36.4491
-1.0072	111.768	20.46	36.505
-1.02539	111.288	20.3735	36.5564
-1.03916	110.818	20.2878	36.6067
-1.05236	110.331	20.2023	36.6588
-1.06169	109.862	20.1202	36.7092
-1.06787	109.361	20.037	36.7634
-1.07274	108.865	19.9569	36.8168
-1.07395	108.354	19.8755	36.8717
-1.06998	107.849	19.7976	36.9261
-1.06509	107.373	19.7261	36.9777
-1.06192	106.901	19.6579	37.0291
-1.05445	106.43	19.5893	37.0808
-1.03474	105.935	19.5184	37.1348
-1.00292	105.467	19.4525	37.1867
-0.984648	104.99	19.3885	37.2396
-0.95485	104.516	19.3245	37.2924
-0.922047	104.04	19.2601	37.3458
-0.880935	103.557	19.1971	37.4007
-0.827578	103.071	19.1367	37.4555
-0.80093	102.618	19.0878	37.5061
-0.762713	102.141	19.0444	37.5599
-0.732177	101.664	18.996	37.6124
-0.681954	101.184	18.9383	37.6663
-0.649097	100.686	18.8686	37.7211
-0.59835	100.196	18.7917	37.775
-0.53849	99.7216	18.7137	37.8272
-0.509104	99.2282	18.6253	37.8802
-0.478337	98.7379	18.5332	37.9322
-0.442115	98.2535	18.4341	37.9837
-0.390349	97.7509	18.3288	38.0361
-0.365616	97.2505	18.2244	38.0882
-0.343384	96.7705	18.1261	38.1386
-0.324313	96.2609	18.024	38.1916
-0.309752	95.7704	17.9329	38.2429
-0.298712	95.2631	17.8435	38.2959
-0.292916	94.7572	17.7581	38.3492
-0.289547	94.2727	17.6802	38.401
-0.29551	93.7992	17.6095	38.452
-0.306597	93.2964	17.5401	38.5063
-0.334062	92.8123	17.4789	38.5595
-0.350409	92.3647	17.4303	38.6097
-0.382914	91.8675	17.3721	38.6655
-0.431637	91.3921	17.3221	38.7203
-0.491334	90.9021	17.2663	38.7764
-0.527123	90.4143	17.2138	38.8322
-0.568624	89.9738	17.1642	38.8823
-0.612968	89.5311	17.1108	38.9329
-0.659721	89.0865	17.0548	38.983
-0.692145	88.6324	16.9908	39.0333
-0.734424	88.1675	16.914	39.0848
-0.796496	87.6963	16.8282	39.1365
-0.807278	87.1936	16.7259	39.1896
-0.852938	86.7167	16.6282	39.2401
-0.907071	86.1866	16.5138	39.2964
-0.947164	85.7008	16.4028	39.3473
-0.981945	85.226	16.2939	39.3973
-1.00744	84.7002	16.1791	39.4528
-1.04525	84.1826	16.0779	39.5081
-1.06125	83.6732	15.9823	39.5626
-1.08145	83.1546	15.8921	39.6185
-1.09594	82.6468	15.8066	39.6736
-1.11017	82.1298	15.7251	39.7299
-1.1212	81.6656	15.6558	39.7805
-1.12093	81.1587	15.5861	39.8358
-1.11482	80.6987	15.5287	39.8869
-1.10768	80.2464	15.4773	39.9372
-1.0945	79.7876	15.4288	39.9882
-1.08343	79.2867	15.3784	40.0444
-1.05601	78.7972	15.3212	40.0998
-1.02946	78.3148	15.266	40.1553
-0.992477	77.8305	15.2079	40.211
-0.958735	77.3312	15.1479	40.267
-0.940224	76.8505	15.0977	40.3215
-0.9114	76.3616	15.0409	40.3763
-0.880018	75.8681	14.9783	40.4313
-0.857653	75.3918	14.9066	40.4832
-0.825442	74.9039	14.8283	40.5363
-0.781488	74.4081	14.7475	40.5898
-0.757078	73.8991	14.6577	40.6444
-0.723452	73.4198	14.5704	40.6958
-0.690002	72.8988	14.4711	40.7511
-0.650684	72.3877	14.3736	40.8059
-0.624449	71.908	14.279	40.8561
-0.589667	71.3814	14.172	40.9115
-0.568079	70.8674	14.0727	40.9659
-0.547415	70.3457	13.9708	41.0204
-0.529461	69.7952	13.8697	41.0782
-0.525779	69.2922	13.7771	41.131
-0.512849	68.8157	13.6954	41.1818
-0.498007	68.3277	13.6166	41.2338
-0.483468	67.8574	13.5451	41.2845
-0.473654	67.3774	13.4766	41.3367
-0.472384	66.9113	13.4143	41.3883
-0.478032	66.4452	13.3546	41.4402
-0.481051	65.9485	13.2954	41.4964
-0.503692	65.4809	13.2402	41.5493
-0.509813	65.0226	13.1944	41.6013
-0.52911	64.5416	13.1425	41.6551
-0.553945	64.0478	13.091	41.7104
-0.570289	63.5938	13.0369	41.7609
-0.590252	63.1283	12.9763	41.8121
-0.608815	62.6422	12.9076	41.865
-0.645	62.1545	12.8334	41.9181
-0.659418	61.6885	12.7591	41.9689
-0.672962	61.2232	12.679	42.0194
-0.670191	60.7032	12.5794	42.0755
-0.711455	60.2065	12.4816	42.1296
-0.736531	59.7243	12.3791	42.1807
-0.768411	59.2101	12.2739	42.2353
-0.805393	58.735	12.1746	42.2855
-0.86052	58.2034	12.0617	42.3421
-0.906778	57.728	11.967	42.3931
-0.959647	57.2186	11.8696	42.4477
-1.00469	56.7339	11.7775	42.4997
-1.04092	56.2189	11.6813	42.5551
-1.09105	55.6934	11.5903	42.6119
-1.13756	55.1825	11.5103	42.6673
-1.17947	54.6873	11.4399	42.7216
-1.21455	54.2286	11.3808	42.7722
-1.2456	53.7309	11.3163	42.8271
-1.27324	53.2409	11.2516	42.881
-1.29016	52.7523	11.1857	42.9353
-1.30566	52.2517	11.1202	42.9916
-1.31665	51.7635	11.0512	43.0457
-1.31604	51.2743	10.9798	43.1
-1.31	50.809	10.9083	43.1508
-1.29837	50.3108	10.8298	43.205
-1.32047	49.8415	10.7538	43.2558
-1.27739	49.3996	10.6876	43.3065
-1.25961	48.9312	10.6241	43.3579
-1.25347	48.4335	10.563	43.4128
-1.23069	47.9453	10.5014	43.4672
-1.21808	47.4545	10.4423	43.5222
-1.19165	46.9521	10.3795	43.5777
-1.16143	46.4594	10.3196	43.6324
-1.13804	45.9668	10.256	43.6868
-1.1056	45.4741	10.1917	43.7412
-1.07926	44.9965	10.123	43.794
-1.03006	44.51	10.0485	43.8478
-0.992765	43.9921	9.96601	43.9044
-0.954703	43.4907	9.88782	43.9586
-0.901964	43.0054	9.80951	44.0115
-0.848907	42.5044	9.72809	44.0656
-0.778227	42.0016	9.64815	44.1202
-0.726202	41.5146	9.57151	44.1728
-0.652775	40.995	9.48804	44.2291
-0.608739	40.4951	9.40293	44.2825
-0.561895	40.0016	9.31737	44.3353
-0.513667	39.4663	9.22043	44.3921
-0.479593	38.9878	9.13226	44.4426
-0.452994	38.4861	9.04094	44.4957
-0.425111	38.0024	8.95502	44.5472
-0.390771	37.5267	8.87245	44.5978
-0.36597	37.0547	8.79298	44.6481
-0.343279	36.5635	8.71436	44.7007
-0.332074	36.0848	8.64024	44.7518
-0.317942	35.6163	8.56662	44.8021
-0.302471	35.0926	8.48317	44.8586
-0.299894	34.5902	8.40162	44.9132
-0.300155	34.1198	8.32528	44.9644
-0.302311	33.6384	8.24685	45.0168
-0.307752	33.1563	8.16706	45.0689
-0.319588	32.6861	8.09045	45.1202
-0.337062	32.1657	8.00662	45.1767
-0.365525	31.6782	7.92874	45.2298
-0.387936	31.191	7.85056	45.2831
-0.415075	30.7354	7.77982	45.3331
-0.448151	30.2706	7.71052	45.384
-0.488854	29.7759	7.63967	45.4384
-0.51466	29.2769	7.57335	45.4936
-0.560512	28.777	7.50731	45.549
-0.599504	28.3175	7.4491	45.6
-0.628552	27.8308	7.38991	45.6545
-0.689274	27.3412	7.32587	45.7099
-0.725049	26.8715	7.26754	45.7627
-0.777761	26.3834	7.20401	45.8178
-0.814767	25.9215	7.14099	45.8692
-0.845806	25.4527	7.06856	45.9207
-0.86922	24.9424	6.98154	45.9763
-0.908239	24.4795	6.89473	46.0263
-0.962467	23.9543	6.78394	46.0825
-1.00688	23.477	6.67707	46.1332
-1.06563	22.973	6.56745	46.1874
-1.09456	22.4536	6.45385	46.2426
-1.12263	21.9572	6.35554	46.296
-1.14601	21.4827	6.26322	46.3466
-1.16813	20.9649	6.17019	46.4017
-1.17948	20.4313	6.07619	46.4584
-1.18988	19.9206	5.99481	46.5134
-1.1917	19.4138	5.91889	46.5681
-1.18991	18.9351	5.85052	46.6196
-1.18284	18.4705	5.78937	46.6699
-1.17227	18.005	5.72912	46.7209
-1.1623	17.493	5.66705	46.7771
-1.13167	17.0081	5.60865	46.8313
-1.10326	16.5612	5.55744	46.8813
-1.07092	16.0729	5.5027	46.9366
-1.01294	15.5826	5.44323	46.9918
-0.974069	15.115	5.38845	47.0449
-0.914954	14.6392	5.32928	47.0992
-0.86899	14.1644	5.27191	47.1531
-0.82758	13.6685	5.20187	47.2082
-0.7719	13.1942	5.12751	47.2612
-0.72168	12.6998	5.04353	47.3162
-0.66899	12.2367	4.96394	47.3672
-0.617491	11.7526	4.8817	47.4196
-0.549798	11.2241	4.78734	47.477
-0.488704	10.7366	4.69697	47.5297
-0.44576	10.2591	4.60571	47.581
-0.405871	9.74797	4.50178	47.6353
-0.365492	9.25286	4.40635	47.688
-0.316879	8.7104	4.30423	47.7452
-0.286028	8.23217	4.2172	47.7956
-0.259539	7.72544	4.12685	47.8493
-0.236632	7.23446	4.03972	47.9013
-0.225479	6.75767	3.95727	47.952
-0.219983	6.22897	3.86905	48.0083
-0.216941	5.74581	3.79198	48.0599
-0.221275	5.24943	3.71658	48.1133
-0.235302	4.73927	3.64103	48.1687
-0.2508	4.28066	3.57665	48.219
-0.266594	3.77616	3.51294	48.2745
-0.288266	3.32472	3.45983	48.3247
-0.315403	2.8674	3.40703	48.3758
-0.339615	2.38469	3.35104	48.4303
-0.376914	1.9269	3.30404	48.4833
-0.413282	1.46578	3.25427	48.5358
-0.464265	0.983893	3.19772	48.5904
-0.492658	0.519349	3.14243	48.6435
-0.552201	0.0350772	3.07542	48.6991
-0.599074	-0.40242	3.0094	48.7492
-0.640439	-0.844267	2.93619	48.7992
-0.676248	-1.33642	2.84759	48.8542
-0.731435	-1.80194	2.75801	48.9057
-0.803515	-2.30999	2.65583	48.9619
-0.84371	-2.8211	2.5451	49.0177
-0.9145	-3.31904	2.44285	49.0726
-0.95175	-3.80158	2.34138	49.125
-1.00644	-4.31062	2.24289	49.1807
-1.0321	-4.78809	2.15255	49.2321
-1.05655	-5.25925	2.06242	49.2826
-1.08411	-5.77037	1.97387	49.3375
-1.11581	-6.27888	1.88777	49.393
-1.1415	-6.73925	1.81737	49.4431
-1.16388	-7.20091	1.75123	49.4931
-1.18092	-7.69955	1.68056	49.5475
-1.18978	-8.19033	1.61344	49.6013
-1.19548	-8.67587	1.55114	49.655
-1.1864	-9.17726	1.48661	49.7099
-1.18226	-9.67058	1.42266	49.7647
-1.16465	-10.1648	1.35916	49.8192
-1.15162	-10.6209	1.30191	49.8698
-1.13312	-11.1088	1.24245	49.9244
-1.10862	-11.5718	1.18582	49.9758
-1.07793	-12.0662	1.12569	50.0306
-1.06524	-12.5801	1.06449	50.0871
-1.03834	-13.0888	0.995962	50.1431
-1.01426	-13.5855	0.923564	50.1982
-0.972728	-14.0727	0.854416	50.2534
-0.928903	-14.5785	0.784467	50.3098
-0.875342	-15.0667	0.720179	50.3647
-0.811575	-15.534	0.654708	50.4176
-0.720226	-16.0167	0.580539	50.472
-0.668661	-16.5008	0.498759	50.5258
-0.605416	-16.9837	0.409693	50.5796
-0.533331	-17.4747	0.306929	50.6342
-0.484145	-17.9813	0.204684	50.6892
-0.429167	-18.4863	0.102944	50.7436
-0.389765	-19.0012	0.00600719	50.7981
-0.33839	-19.52	-0.0890647	50.8527
-0.321312	-20.028	-0.183948	50.9057
-0.297038	-20.51	-0.273022	50.9558
-0.278904	-21.0128	-0.363615	51.0088
-0.261433	-21.5144	-0.451029	51.0615
-0.257576	-22.0383	-0.540043	51.1168
-0.256473	-22.5166	-0.620044	51.1675
-0.258969	-23.0151	-0.701948	51.221
-0.272036	-23.5011	-0.77952	51.2733
-0.292409	-23.9632	-0.848719	51.3235
-0.317056	-24.4279	-0.912447	51.3747
-0.358037	-24.9322	-0.978425	51.4309
-0.385446	-25.4123	-1.03409	51.4846
-0.428239	-25.8901	-1.08826	51.5378
-0.480025	-26.3537	-1.13534	51.5896
-0.522785	-26.8418	-1.18273	51.6435
-0.556153	-27.3246	-1.22682	51.6976
-0.618714	-27.7899	-1.28029	51.7504
-0.648066	-28.2644	-1.33781	51.8041
-0.688033	-28.7531	-1.40596	51.8588
-0.717366	-29.2127	-1.4749	51.9103
-0.758814	-29.7014	-1.55536	51.9648
-0.792572	-30.1892	-1.64308	52.018
-0.830536	-30.653	-1.73496	52.0688
-0.875196	-31.1572	-1.84366	52.1235
-0.924898	-31.6685	-1.94873	52.1789
-0.965605	-32.1885	-2.0546	52.2344
-0.995556	-32.6691	-2.15041	52.2855
-1.0253	-33.1379	-2.24389	52.3356
-1.05464	-33.6191	-2.33856	52.3869
-1.08825	-34.1326	-2.43485	52.4417
-1.10517	-34.6112	-2.52058	52.493
-1.11824	-35.1343	-2.60501	52.5494
-1.12763	-35.5971	-2.67901	52.5996
-1.13243	-36.0622	-2.75044	52.6505
-1.13205	-36.5593	-2.82143	52.7053
-1.12347	-37.071	-2.8941	52.7614
-1.1125	-37.5784	-2.95679	52.817
-1.08934	-38.0919	-3.01843	52.8733
-1.06933	-38.5756	-3.06865	52.9273
-1.02991	-39.0532	-3.12011	52.981
-1.0085	-39.53	-3.16428	53.0351
-0.95934	-40.009	-3.21478	53.0898
-0.946278	-40.4967	-3.26442	53.1454
-0.907529	-40.9933	-3.32447	53.2013
-0.899056	-41.4802	-3.387	53.256
-0.869981	-41.966	-3.4583	53.3102
-0.823525	-42.4383	-3.53357	53.3624
-0.803566	-42.9403	-3.62164	53.4172
-0.777479	-43.4215	-3.71042	53.4686
-0.743698	-43.8802	-3.80122	53.5187
-0.701455	-44.4077	-3.90938	53.5745
-0.670495	-44.882	-4.0051	53.625
-0.642959	-45.3574	-4.0993	53.6753
-0.607573	-45.8767	-4.19725	53.7306
-0.589921	-46.3813	-4.29367	53.7843
-0.569207	-46.8808	-4.38411	53.8375
-0.537637	-47.3908	-4.47402	53.8918
-0.515549	-47.8898	-4.56139	53.9455
-0.488935	-48.4156	-4.64793	54.0015
-0.466203	-48.9165	-4.72559	54.0551
-0.446598	-49.4129	-4.79747	54.1088
-0.429944	-49.9235	-4.8697	54.1641
-0.421499	-50.4234	-4.93985	54.219
-0.417008	-50.874	-5.00368	54.2692
-0.420695	-51.3356	-5.06705	54.3195
-0.435749	-51.8386	-5.13672	54.3745
-0.452383	-52.3266	-5.20845	54.4277
-0.484133	-52.8154	-5.2799	54.4812
-0.497345	-53.3296	-5.34973	54.5373
-0.532708	-53.8272	-5.41535	54.5919
-0.553126	-54.2878	-5.47212	54.6428
-0.577368	-54.7617	-5.52664	54.6951
-0.621292	-55.2628	-5.59085	54.7505
-0.660153	-55.727	-5.65291	54.8021
-0.684921	-56.2092	-5.71902	54.8551
-0.716468	-56.6818	-5.78512	54.9065
-0.755759	-57.1572	-5.8545	54.9582
-0.801833	-57.6541	-5.93408	55.012
-0.824598	-58.159	-6.02543	55.0665
-0.86207	-58.6524	-6.11989	55.1201
-0.909406	-59.1409	-6.21722	55.1732
-0.93293	-59.6277	-6.32022	55.2257
-0.979623	-60.0954	-6.41626	55.2766
-1.01472	-60.5741	-6.51141	55.3286
-1.06462	-61.058	-6.60357	55.3816
-1.08614	-61.5681	-6.69799	55.4371
-1.12519	-62.0904	-6.79224	55.4935
-1.13947	-62.5951	-6.88777	55.5484
-1.15456	-63.1153	-6.98457	55.605
-1.15953	-63.6362	-7.07238	55.6608
-1.16321	-64.1034	-7.15074	55.7111
-1.16505	-64.569	-7.22604	55.7613
-1.16186	-65.0678	-7.30341	55.8159
-1.15221	-65.5318	-7.3695	55.8666
-1.1318	-66.0374	-7.43285	55.9217
-1.11411	-66.5039	-7.48863	55.973
-1.09703	-67.0062	-7.54414	56.0285
-1.05575	-67.5069	-7.60648	56.0846
-1.03073	-68.0044	-7.66639	56.1404
-0.972351	-68.4886	-7.72483	56.195
-0.930954	-68.9617	-7.7745	56.2492
-0.868533	-69.4343	-7.82808	56.3029
-0.839386	-69.9059	-7.88291	56.356
-0.797581	-70.3942	-7.94764	56.4108
-0.747438	-70.8757	-8.01634	56.4649
-0.719341	-71.356	-8.08935	56.5188
-0.662244	-71.8613	-8.17143	56.5757
-0.621234	-72.3322	-8.25228	56.6284
-0.554145	-72.8129	-8.3377	56.6825
-0.513356	-73.2955	-8.42482	56.7348
-0.4772	-73.8008	-8.52102	56.7892
-0.418608	-74.284	-8.61645	56.842
-0.386801	-74.7967	-8.7205	56.8967
-0.344975	-75.2911	-8.81735	56.9506
-0.301463	-75.8145	-8.91972	57.0064
-0.270719	-76.3058	-9.014	57.0589
-0.240894	-76.8108	-9.10838	57.1131
-0.234125	-77.304	-9.19502	57.1664
-0.228339	-77.7845	-9.27321	57.2185
-0.225348	-78.2645	-9.34981	57.2708
-0.22321	-78.7347	-9.42413	57.3228
-0.224675	-79.1929	-9.49487	57.3729
-0.226954	-79.6924	-9.56846	57.4273
-0.238002	-80.1665	-9.63512	57.4794
-0.257915	-80.6543	-9.69997	57.5332
-0.276568	-81.1399	-9.75989	57.5872
-0.310577	-81.6368	-9.82198	57.6425
-0.330186	-82.1396	-9.87991	57.6985
-0.367618	-82.6146	-9.93771	57.7515
-0.400377	-83.0988	-9.99751	57.8052
-0.421833	-83.5937	-10.0551	57.8594
-0.462195	-84.1067	-10.117	57.9157
-0.481035	-84.5874	-10.1832	57.9681
-0.521702	-85.0406	-10.2516	58.0186
-0.566001	-85.4948	-10.3246	58.0694
-0.611841	-85.947	-10.4001	58.1198
-0.653216	-86.4032	-10.4793	58.1702
-0.696315	-86.8603	-10.562	58.2209
-0.764186	-87.3258	-10.6497	58.2729
-0.804671	-87.7855	-10.7388	58.3235
-0.84891	-88.2683	-10.8364	58.3756
-0.902964	-88.7654	-10.9325	58.4287
-0.976223	-89.257	-11.0243	58.4817
-1.02911	-89.757	-11.1159	58.5355
-1.06845	-90.2249	-11.2044	58.5859
-1.11778	-90.6838	-11.2905	58.636
-1.16222	-91.1607	-11.3775	58.6876
-1.21633	-91.6304	-11.4611	58.7381
-1.25374	-92.1282	-11.5447	58.7911
-1.29711	-92.6353	-11.6239	58.8458
-1.3313	-93.1372	-11.6988	58.9001
-1.362	-93.6471	-11.7737	58.9554
-1.3915	-94.1659	-11.8494	59.0114
-1.41226	-94.6687	-11.9219	59.0658
-1.42119	-95.1405	-11.9886	59.1167
-1.4255	-95.6017	-12.052	59.1672
-1.42472	-96.067	-12.1153	59.2179
-1.41904	-96.5309	-12.1784	59.2689
-1.409	-96.9889	-12.2409	59.3191
-1.39366	-97.4498	-12.3036	59.3697
-1.37206	-97.9506	-12.372	59.425
-1.33987	-98.438	-12.4354	59.4792
-1.30834	-98.8918	-12.4937	59.5298
-1.31655	-99.3248	-12.5453	59.5838
-1.29147	-99.7468	-12.596	59.6376
-1.24503	-100.236	-12.6583	59.6922
-1.20957	-100.716	-12.7195	59.7458
-1.17743	-101.187	-12.7834	59.799
-1.13982	-101.634	-12.8497	59.8491
-1.08878	-102.105	-12.9234	59.9023
-1.04864	-102.612	-13.008	59.9585
-0.983649	-103.098	-13.0896	60.0127
-0.94531	-103.589	-13.1755	60.0666
-0.906912	-104.058	-13.2577	60.1171
-0.856357	-104.572	-13.3491	60.1722
-0.783462	-105.047	-13.4399	60.2233
-0.74215	-105.568	-13.5416	60.2787
-0.675646	-106.055	-13.6323	60.3319
-0.631688	-106.569	-13.7297	60.387
-0.575522	-107.04	-13.8194	60.4378
-0.53827	-107.524	-13.9101	60.4903
-0.492888	-108.027	-14.0022	60.5451
-0.476265	-108.51	-14.0916	60.597
-0.456994	-108.993	-14.1767	60.6492
-0.441721	-109.482	-14.2591	60.7024
-0.42732	-109.996	-14.3429	60.7581
-0.422108	-110.491	-14.4199	60.8119
-0.423247	-110.972	-14.4921	60.8645
-0.428277	-111.463	-14.5633	60.9188
-0.441972	-111.944	-14.6322	60.9727
-0.453966	-112.431	-14.6949	61.0273
-0.485296	-112.927	-14.7572	61.0826
-0.517331	-113.399	-14.8126	61.1362
-0.542515	-113.867	-14.8588	61.1891
-0.587164	-114.355	-14.9133	61.244
-0.60964	-114.834	-14.9617	61.2984
-0.65064	-115.319	-15.0199	61.3531
-0.673099	-115.76	-15.0743	61.4035
-0.681513	-116.252	-15.1364	61.4594
-0.740897	-116.739	-15.2023	61.5154
-0.777777	-117.18	-15.2663	61.5656
-0.818057	-117.629	-15.3378	61.616
-0.852432	-118.116	-15.4275	61.6693
-0.902667	-118.578	-15.5205	61.7202
-0.957302	-119.045	-15.6218	61.7712
-1.01786	-119.541	-15.7334	61.8247
-1.05115	-120.037	-15.8487	61.8775
-1.08692	-120.554	-15.9561	61.9325
-1.13433	-121.029	-16.053	61.9831
-1.16313	-121.553	-16.1598	62.0395
-1.19057	-122.038	-16.2496	62.0914
-1.21615	-122.521	-16.3344	62.1431
-1.23551	-122.992	-16.4126	62.1936
-1.24855	-123.461	-16.4855	62.2444
-1.26219	-123.955	-16.556	62.2986
-1.26163	-124.46	-16.6244	62.3539
-1.26964	-124.962	-16.6814	62.4094
-1.24567	-125.443	-16.7314	62.4633
-1.23907	-125.889	-16.7752	62.5136
-1.20667	-126.373	-16.8223	62.569
-1.16375	-126.869	-16.8776	62.6253
-1.13437	-127.352	-16.929	62.6806
-1.08996	-127.794	-16.977	62.7313
-1.04565	-128.242	-17.0286	62.7821
-0.987666	-128.711	-17.0892	62.8358
-0.955276	-129.213	-17.1632	62.892
-0.909169	-129.667	-17.2371	62.9427
-0.857031	-130.164	-17.3192	62.9979
-0.802041	-130.651	-17.3979	63.052
-0.720795	-131.12	-17.4732	63.1048
-0.687014	-131.623	-17.5623	63.1591
-0.629751	-132.106	-17.6578	63.2117
-0.566787	-132.619	-17.7616	63.2671
-0.534222	-133.132	-17.8706	63.3212
-0.472201	-133.649	-17.9757	63.3763
-0.443495	-134.152	-18.0803	63.4295
-0.414499	-134.642	-18.1745	63.4812
-0.387658	-135.134	-18.2647	63.5337
-0.365874	-135.615	-18.3508	63.5848
-0.350786	-136.128	-18.4412	63.6393
-0.329083	-136.633	-18.5247	63.6938
-0.313392	-137.136	-18.6039	63.7479
-0.302095	-137.622	-18.6783	63.8002
-0.300136	-138.143	-18.7547	63.8569
-0.296661	-138.623	-18.8185	63.91
-0.309123	-139.105	-18.8789	63.9633
-0.320412	-139.574	-18.9336	64.0161
-0.339959	-140.025	-18.9824	64.0673
-0.35549	-140.492	-19.0289	64.1206
-0.386605	-140.943	-19.0798	64.1717
-0.42913	-141.407	-19.1347	64.2246
-0.462347	-141.864	-19.1907	64.2767
-0.492631	-142.346	-19.253	64.3313
-0.545027	-142.823	-19.3224	64.3852
-0.580561	-143.281	-19.3918	64.4367
-0.607103	-143.754	-19.4649	64.4903
-0.692402	-144.22	-19.5395	64.5442
-0.720522	-144.697	-19.6224	64.5974
-0.778151	-145.179	-19.7128	64.652
-0.8686	-145.651	-19.8083	64.7059
-0.904715	-146.138	-19.9132	64.7594
-0.971441	-146.6	-20.0089	64.8113
-1.03405	-147.116	-20.1163	64.8677
-1.06954	-147.645	-20.2211	64.9247
-1.10066	-148.113	-20.3123	64.9748
-1.13559	-148.589	-20.3993	65.0254
-1.16243	-149.066	-20.4812	65.0762
-1.18723	-149.535	-20.5555	65.1262
-1.20751	-150.016	-20.6272	65.1777
-1.22626	-150.51	-20.6945	65.2309
-1.23803	-150.986	-20.7571	65.2826
-1.23542	-151.455	-20.8147	65.3344
-1.23057	-151.928	-20.8697	65.3869
-1.22311	-152.384	-20.9154	65.4383
-1.19066	-152.892	-20.9747	65.4952
-1.16472	-153.347	-21.0268	65.5462
-1.13128	-153.792	-21.0794	65.5968
-1.09278	-154.267	-21.1345	65.6508
-1.04407	-154.751	-21.196	65.7053
-1.01905	-155.241	-21.2576	65.7602
-0.984769	-155.707	-21.3254	65.8121
-0.944158	-156.194	-21.4081	65.8659
-0.913198	-156.657	-21.4957	65.9167
-0.889982	-157.163	-21.5939	65.9715
-0.849151	-157.627	-21.6807	66.022
-0.825294	-158.101	-21.77	66.0722
-0.764044	-158.601	-21.8653	66.1262
-0.719608	-159.069	-21.9546	66.1768
-0.694528	-159.573	-22.0524	66.2311
-0.641764	-160.069	-22.1458	66.2851
-0.614905	-160.561	-22.2376	66.3378
-0.593037	-161.03	-22.3274	66.388
-0.58001	-161.546	-22.4296	66.4428
-0.555726	-162.05	-22.5247	66.4965
-0.540801	-162.552	-22.6198	66.5499
-0.52576	-163.054	-22.7084	66.6033
-0.505889	-163.565	-22.7951	66.6579
-0.492851	-164.08	-22.8776	66.7129
-0.483126	-164.574	-22.9528	66.7661
-0.479753	-165.054	-23.0228	66.8181
-0.474417	-165.528	-23.0885	66.8694
-0.471963	-166.01	-23.1536	66.9224
-0.47101	-166.486	-23.2125	66.9747
-0.475276	-166.968	-23.2603	67.0283
-0.483754	-167.452	-23.3081	67.082
-0.501974	-167.928	-23.354	67.1358
-0.519413	-168.377	-23.3965	67.1863
-0.527204	-168.849	-23.4393	67.2399
-0.554971	-169.321	-23.4894	67.2934
-0.592677	-169.787	-23.5428	67.3459
-0.607903	-170.252	-23.5999	67.3983
-0.630861	-170.714	-23.667	67.4498
-0.681662	-171.205	-23.7457	67.5045
-0.716713	-171.692	-23.8289	67.5584
-0.742246	-172.175	-23.9161	67.6116
-0.794142	-172.635	-24.0022	67.6633
-0.846732	-173.141	-24.1049	67.7186
-0.885233	-173.632	-24.2056	67.7719
-0.938504	-174.096	-24.3016	67.8223
-1.00391	-174.588	-24.4002	67.8763
-1.03193	-175.083	-24.5007	67.9302
-1.06101	-175.574	-24.5966	67.9837
-1.09988	-176.063	-24.6887	68.0371
-1.11465	-176.57	-24.7813	68.0917
-1.12954	-177.051	-24.8622	68.1436
-1.14465	-177.531	-24.9381	68.1954
-1.15631	-177.997	-25.0077	68.2462
-1.16585	-178.473	-25.0748	68.2977
-1.16963	-178.94	-25.1388	68.3483
-1.17492	-179.4	-25.1977	68.3987
-1.17197	-179.875	-25.26	68.4504
-1.15756	-180.339	-25.3197	68.5012
-1.13231	-180.811	-25.3796	68.5534
-1.09095	-181.282	-25.4387	68.6054
-1.05811	-181.766	-25.4958	68.6595
-1.01791	-182.239	-25.5549	68.7123
-0.974858	-182.69	-25.612	68.7629
-0.925299	-183.149	-25.6725	68.8144
-0.855401	-183.631	-25.7377	68.8686
-0.805001	-184.108	-25.8035	68.9217
-0.747508	-184.557	-25.8681	68.9719
-0.690246	-185.007	-25.9319	69.0221
-0.619728	-185.508	-26.0066	69.0779
-0.558424	-185.999	-26.0875	69.1321
-0.502693	-186.457	-26.1656	69.1824
-0.435427	-186.933	-26.2437	69.2348
-0.373067	-187.392	-26.3154	69.285
-0.285448	-187.877	-26.3921	69.3383
-0.241695	-188.391	-26.4778	69.3941
-0.186062	-188.852	-26.5581	69.4444
-0.118175	-189.366	-26.6541	69.5
-0.0717175	-189.853	-26.7488	69.5528
-0.0261542	-190.308	-26.8408	69.6031
0.00731507	-190.79	-26.9355	69.6548
0.0535195	-191.272	-27.0281	69.7071
0.0713945	-191.766	-27.1234	69.7602
0.103829	-192.276	-27.2157	69.8155
0.127923	-192.781	-27.304	69.8704
0.14976	-193.272	-27.3843	69.9237
0.174004	-193.757	-27.4608	69.9762
0.194023	-194.249	-27.536	70.0295
0.210274	-194.754	-27.6126	70.0842
0.225046	-195.243	-27.6847	70.1373
0.238284	-195.722	-27.7519	70.1895
0.245428	-196.197	-27.8196	70.2411
0.248168	-196.67	-27.8881	70.2931
0.244125	-197.138	-27.9565	70.3448
0.232835	-197.641	-28.0295	70.4
0.218766	-198.126	-28.1008	70.4534
0.193028	-198.61	-28.1703	70.5067
0.174465	-199.102	-28.2374	70.5606
0.146395	-199.598	-28.3048	70.6154
0.12832	-200.091	-28.3684	70.6697
0.110423	-200.569	-28.4316	70.722
0.0862972	-201.048	-28.4967	70.7747
0.0517896	-201.521	-28.5617	70.8265
0.0174642	-201.992	-28.6255	70.8783
-0.0146439	-202.49	-28.691	70.9325
-0.0449608	-202.968	-28.757	70.9847
-0.092581	-203.435	-28.8227	71.0361
-0.118222	-203.925	-28.8963	71.0896
-0.150584	-204.399	-28.9718	71.1417
-0.182883	-204.87	-29.0476	71.1929
-0.235277	-205.374	-29.1272	71.2483
-0.269205	-205.846	-29.2022	71.3006
-0.307477	-206.326	-29.2804	71.3539
-0.359788	-206.799	-29.3617	71.406
-0.423695	-207.29	-29.453	71.4606
-0.477761	-207.755	-29.5441	71.5123
-0.522924	-208.227	-29.6413	71.5639
-0.569091	-208.698	-29.7388	71.6154
-0.628866	-209.16	-29.8344	71.6657
-0.669859	-209.639	-29.9305	71.717
-0.714045	-210.159	-30.032	71.7722
-0.752889	-210.635	-30.117	71.8226
-0.79249	-211.155	-30.2022	71.878
-0.832837	-211.652	-30.2761	71.9311
-0.86355	-212.143	-30.3445	71.9842
-0.88426	-212.627	-30.408	72.0368
-0.898698	-213.099	-30.4661	72.0887
-0.904786	-213.551	-30.5182	72.1388
-0.908095	-214.019	-30.5674	72.1914
-0.903677	-214.487	-30.6219	72.2435
-0.887023	-214.967	-30.68	72.2971
-0.854684	-215.411	-30.7336	72.3471
-0.825246	-215.883	-30.792	72.4007
-0.790887	-216.366	-30.8579	72.4547
-0.74152	-216.851	-30.9271	72.5091
-0.701671	-217.35	-30.9983	72.5641
-0.661037	-217.812	-31.0673	72.6144
-0.617649	-218.281	-31.1405	72.6655
-0.558782	-218.78	-31.2223	72.7197
-0.515205	-219.262	-31.3071	72.7711
-0.462316	-219.732	-31.3893	72.8219
-0.417315	-220.238	-31.4751	72.8755
-0.349123	-220.724	-31.5564	72.9276
-0.292731	-221.2	-31.6355	72.9789
-0.248035	-221.711	-31.7223	73.034
-0.174584	-222.192	-31.8021	73.0866
-0.14217	-222.711	-31.8857	73.1432
-0.0762054	-223.221	-31.9666	73.1995
-0.0318195	-223.714	-32.0452	73.2539
0.0252229	-224.207	-32.1267	73.3081
0.0690778	-224.673	-32.2053	73.3585
0.104918	-225.183	-32.2926	73.4135
0.145568	-225.667	-32.3745	73.4661
0.182407	-226.154	-32.4576	73.5184
0.21915	-226.649	-32.543	73.5715
0.251076	-227.157	-32.6283	73.6261
0.282471	-227.662	-32.7108	73.6802
0.302428	-228.139	-32.7863	73.7309
0.319163	-228.631	-32.8614	73.7842
0.333856	-229.111	-32.9331	73.8363
0.340646	-229.603	-33.0066	73.89
0.333898	-230.099	-33.0806	73.944
0.33292	-230.585	-33.1533	73.9973
0.320883	-231.063	-33.2229	74.0498
0.302041	-231.549	-33.2956	74.103
0.285769	-232.01	-33.367	74.1541
0.268002	-232.477	-33.4363	74.2054
0.239285	-232.993	-33.5078	74.2617
0.224136	-233.483	-33.5756	74.3151
0.196059	-233.952	-33.6395	74.3668
0.176341	-234.436	-33.7055	74.4202
0.166509	-234.918	-33.7707	74.4729
0.118749	-235.432	-33.8448	74.5291
0.0849416	-235.891	-33.9113	74.5794
0.0459476	-236.381	-33.9818	74.6333
-0.00640755	-236.866	-34.0533	74.6864
-0.0565826	-237.38	-34.1303	74.7424
-0.120011	-237.884	-34.2081	74.7977
-0.171033	-238.364	-34.2833	74.8505
-0.211881	-238.84	-34.3607	74.9029
-0.260744	-239.312	-34.4397	74.9549
-0.312216	-239.764	-34.518	75.0053
-0.367122	-240.221	-34.5978	75.0564
-0.435114	-240.702	-34.6817	75.1101
-0.480909	-241.16	-34.7637	75.1613
-0.545807	-241.614	-34.8447	75.2124
-0.594716	-242.074	-34.9271	75.2638
-0.661281	-242.563	-35.0147	75.3182
-0.703315	-243.048	-35.1033	75.371
-0.743817	-243.536	-35.1952	75.4235
-0.790109	-244.036	-35.2867	75.4775
-0.840053	-244.497	-35.3699	75.5278
-0.877256	-244.98	-35.4558	75.5801
-0.907562	-245.476	-35.5428	75.6335
-0.936062	-245.953	-35.6207	75.6848
-0.962126	-246.46	-35.6993	75.7398
-0.975539	-246.96	-35.7751	75.7946
-0.98695	-247.44	-35.8479	75.8478
-0.985871	-247.932	-35.9199	75.9018
-0.979735	-248.442	-35.9935	75.9579
-0.963848	-248.945	-36.0665	76.0135
-0.944733	-249.444	-36.142	76.0684
-0.91982	-249.913	-36.2122	76.1202
-0.890023	-250.429	-36.2831	76.1767
-0.857578	-250.896	-36.3447	76.2277
-0.805932	-251.353	-36.4063	76.2778
-0.763977	-251.81	-36.468	76.3284
-0.732578	-252.317	-36.5362	76.3842
-0.68664	-252.785	-36.5984	76.4364
-0.619316	-253.241	-36.6562	76.4876
-0.587989	-253.724	-36.7125	76.5418
-0.538354	-254.203	-36.7719	76.5959
-0.470184	-254.669	-36.8328	76.6491
-0.428228	-255.136	-36.8949	76.7023
-0.374826	-255.611	-36.9619	76.7559
-0.333374	-256.063	-37.0289	76.8059
-0.267582	-256.56	-37.1104	76.8612
-0.226658	-257.044	-37.2012	76.9148
-0.173155	-257.527	-37.2952	76.9683
-0.142027	-258.031	-37.3972	77.0231
-0.0740741	-258.53	-37.495	77.0778
-0.0286895	-258.999	-37.5906	77.1285
0.0181087	-259.478	-37.6852	77.1802
0.055109	-259.98	-37.7813	77.2346
0.107233	-260.484	-37.8706	77.2896
0.144137	-260.962	-37.9538	77.3411
0.168131	-261.465	-38.0394	77.3955
0.204139	-261.945	-38.1178	77.4479
0.230809	-262.43	-38.1969	77.5009
0.256822	-262.895	-38.2718	77.5517
0.278975	-263.373	-38.3469	77.6039
0.302179	-263.899	-38.4273	77.6602
0.316389	-264.392	-38.5022	77.7135
0.324825	-264.862	-38.5729	77.7648
0.325968	-265.363	-38.6475	77.8195
0.327422	-265.87	-38.7204	77.8745
0.308239	-266.384	-38.7943	77.9307
0.282665	-266.871	-38.8639	77.9846
0.240902	-267.347	-38.9347	78.0374
0.197481	-267.823	-39.0071	78.0901
0.160234	-268.294	-39.0762	78.1418
0.116073	-268.801	-39.1486	78.1973
0.0646962	-269.28	-39.2142	78.2506
0.0238695	-269.741	-39.2742	78.3021
-0.0176328	-270.201	-39.3358	78.3536
-0.0656691	-270.652	-39.3935	78.4044
-0.118328	-271.1	-39.4507	78.4553
-0.19214	-271.578	-39.5152	78.51
-0.233937	-272.048	-39.5849	78.5634
-0.286681	-272.488	-39.6634	78.614
-0.356638	-272.933	-39.744	78.6661
-0.44291	-273.391	-39.8262	78.7191
-0.506026	-273.852	-39.9119	78.7715
-0.553408	-274.345	-40.0118	78.8264
-0.663539	-274.82	-40.1069	78.8806
-0.724159	-275.281	-40.1973	78.932
-0.770778	-275.738	-40.2876	78.9829
-0.82508	-276.215	-40.3795	79.0355
-0.881154	-276.68	-40.4695	79.0864
-0.933948	-277.196	-40.5683	79.1423
-0.963827	-277.704	-40.6569	79.1971
-0.991445	-278.201	-40.7397	79.2508
-1.00679	-278.709	-40.8192	79.3055
-1.01497	-279.224	-40.8957	79.3615
-1.01743	-279.732	-40.9653	79.4171
-0.997506	-280.23	-41.0298	79.472
-0.980026	-280.7	-41.0779	79.5246
-0.935057	-281.197	-41.1281	79.5813
-0.902524	-281.634	-41.1684	79.6318
-0.874983	-282.069	-41.2043	79.6827
-0.848401	-282.505	-41.2476	79.7328
-0.812401	-282.996	-41.3027	79.7884
-0.797885	-283.455	-41.3636	79.8396
-0.785239	-283.93	-41.4423	79.8925
-0.759336	-284.381	-41.5227	79.9425
-0.720101	-284.868	-41.6078	79.9968
-0.663972	-285.359	-41.6903	80.051
-0.639357	-285.845	-41.775	80.1037
-0.598262	-286.35	-41.8655	80.1586
-0.556324	-286.867	-41.9681	80.2136
-0.489727	-287.383	-42.0708	80.2694
-0.44168	-287.87	-42.1696	80.3224
-0.413132	-288.377	-42.2724	80.3768
-0.370046	-288.877	-42.3682	80.4308
-0.338764	-289.342	-42.4557	80.4809
-0.314945	-289.846	-42.5471	80.5354
-0.290498	-290.345	-42.6314	80.5897
-0.277941	-290.839	-42.712	80.6437
-0.268378	-291.301	-42.7833	80.6941
-0.268583	-291.802	-42.8555	80.7492
-0.273416	-292.285	-42.915	80.8031
-0.281185	-292.749	-42.9656	80.855
-0.302321	-293.22	-43.0108	80.9088
-0.316849	-293.662	-43.0485	80.9602
-0.335837	-294.103	-43.0863	81.0118
-0.349131	-294.561	-43.1279	81.0654
-0.367116	-295.025	-43.1836	81.1189
-0.424022	-295.468	-43.2436	81.1708
-0.44744	-295.936	-43.3123	81.2247
-0.501325	-296.425	-43.3886	81.2799
-0.531072	-296.895	-43.4688	81.3332
-0.580082	-297.354	-43.5546	81.3844
-0.61677	-297.826	-43.6491	81.437
-0.681103	-298.289	-43.748	81.4888
-0.697708	-298.798	-43.8632	81.5431
-0.734973	-299.296	-43.9709	81.5969
-0.768742	-299.784	-44.0739	81.6493
-0.785848	-300.261	-44.1711	81.7002
-0.800601	-300.742	-44.2659	81.7517
-0.813056	-301.218	-44.3568	81.8027
-0.822974	-301.7	-44.442	81.8544
-0.823237	-302.166	-44.5137	81.9054
-0.807543	-302.658	-44.5824	81.9596
-0.791564	-303.121	-44.6385	82.0109
-0.773411	-303.573	-44.6859	82.0618
-0.750465	-304.046	-44.7298	82.116
-0.706511	-304.501	-44.776	82.1687
-0.660106	-304.97	-44.8243	82.2229
-0.626511	-305.432	-44.8655	82.2765
-0.588928	-305.883	-44.9102	82.3282
-0.546016	-306.348	-44.962	82.3809
-0.519443	-306.864	-45.0312	82.4382
-0.466327	-307.331	-45.1076	82.49
-0.440328	-307.839	-45.1965	82.546
-0.383675	-308.33	-45.2819	82.6008
-0.347032	-308.828	-45.3699	82.6552
-0.26427	-309.331	-45.4634	82.7111
-0.210866	-309.795	-45.5565	82.7625
-0.166117	-310.279	-45.6584	82.815
-0.110333	-310.781	-45.7584	82.869
-0.0768952	-311.305	-45.8644	82.9247
-0.040028	-311.778	-45.9556	82.9751
-0.0146868	-312.271	-46.0458	83.0271
0.0052067	-312.754	-46.1317	83.0781
0.0215841	-313.276	-46.2204	83.1335
0.0299794	-313.749	-46.2966	83.184
0.0316618	-314.222	-46.3698	83.2349
0.0189857	-314.731	-46.4451	83.2897
0.0097551	-315.231	-46.5133	83.3441
-0.0122162	-315.725	-46.5781	83.3988
-0.0513119	-316.179	-46.6327	83.4494
-0.0832718	-316.652	-46.6852	83.5028
-0.109952	-317.111	-46.7297	83.555
-0.163514	-317.597	-46.7839	83.6105
-0.199308	-318.063	-46.8301	83.6642
-0.243899	-318.53	-46.8831	83.7175
-0.305474	-319.009	-46.9407	83.7719
-0.352464	-319.454	-46.9991	83.8228
-0.385899	-319.929	-47.0643	83.876
-0.422379	-320.389	-47.1323	83.9267
-0.490902	-320.879	-47.2086	83.9814
-0.531712	-321.371	-47.29	84.0358
-0.595191	-321.86	-47.3724	84.09
-0.647278	-322.347	-47.4581	84.1429
-0.681107	-322.834	-47.5475	84.1954
-0.727969	-323.311	-47.636	84.2472
-0.766537	-323.788	-47.7252	84.2989
-0.819683	-324.258	-47.813	84.3506
-0.855165	-324.735	-47.9004	84.4024
-0.880074	-325.23	-47.9936	84.4559
-0.915861	-325.729	-48.0849	84.51
-0.955709	-326.203	-48.1702	84.5617
-0.985199	-326.678	-48.2501	84.6132
-1.02133	-327.184	-48.3316	84.6675
-1.0569	-327.678	-48.4089	84.7213
-1.09049	-328.188	-48.4883	84.7766
-1.11885	-328.669	-48.5622	84.8288
-1.14415	-329.144	-48.6323	84.8806
-1.16477	-329.63	-48.702	84.9333
-1.18659	-330.114	-48.7732	84.9861
-1.19962	-330.586	-48.8431	85.0373
-1.20789	-331.05	-48.9149	85.0881
-1.20895	-331.523	-48.9876	85.1394
-1.20618	-331.99	-49.0595	85.1904
-1.19951	-332.479	-49.1342	85.2437
-1.19245	-332.949	-49.2056	85.2951
-1.17917	-333.43	-49.2788	85.3475
-1.1633	-333.91	-49.3516	85.3999
-1.13923	-334.385	-49.4219	85.4519
-1.11792	-334.868	-49.4895	85.505
-1.09037	-335.361	-49.5569	85.5591
-1.0594	-335.844	-49.62	85.6124
-1.02663	-336.321	-49.6761	85.6656
-0.991612	-336.779	-49.7328	85.7164
-0.951654	-337.255	-49.7966	85.7691
-0.899799	-337.736	-49.866	85.8223
-0.862547	-338.215	-49.9376	85.8749
-0.820669	-338.675	-50.008	85.9256
-0.769467	-339.175	-50.0847	85.9803
-0.736437	-339.668	-50.1602	86.0342
-0.706805	-340.173	-50.2385	86.0894
-0.664387	-340.687	-50.3208	86.1456
-0.642307	-341.172	-50.4012	86.1978
-0.596964	-341.674	-50.4871	86.2527
-0.577434	-342.201	-50.5825	86.31
-0.536666	-342.682	-50.6729	86.3619
-0.504562	-343.156	-50.7633	86.4139
-0.489715	-343.668	-50.8604	86.4683
-0.460943	-344.152	-50.9467	86.5204
-0.446997	-344.672	-51.0363	86.576
-0.433099	-345.167	-51.1157	86.629
-0.411641	-345.654	-51.1896	86.6817
-0.397681	-346.165	-51.2637	86.7369
-0.383891	-346.674	-51.3392	86.792
-0.373863	-347.183	-51.4152	86.847
-0.369796	-347.678	-51.4894	86.9006
-0.368216	-348.179	-51.5633	86.9549
-0.36989	-348.701	-51.6407	87.0109
-0.382274	-349.189	-51.7126	87.064
-0.389733	-349.663	-51.7815	87.1158
-0.409223	-350.126	-51.8492	87.1661
-0.430218	-350.62	-51.9207	87.2203
-0.465629	-351.087	-51.9875	87.271
-0.500098	-351.575	-52.0568	87.3254
-0.540739	-352.073	-52.1299	87.3803
-0.588451	-352.556	-52.2023	87.4339
-0.62864	-353.019	-52.272	87.4848
-0.669929	-353.51	-52.3472	87.5393
-0.739466	-353.992	-52.4224	87.5931
-0.786507	-354.452	-52.4937	87.6442
-0.833665	-354.919	-52.5645	87.6963
-0.883999	-355.387	-52.6353	87.7483
-0.95233	-355.85	-52.7063	87.8007
-1.00504	-356.331	-52.783	87.8541
-1.04583	-356.82	-52.8657	87.9081
-1.0979	-357.294	-52.9464	87.9608
-1.14737	-357.748	-53.0233	88.0109
-1.20153	-358.225	-53.1009	88.0641
-1.24285	-358.707	-53.1764	88.1177
-1.28948	-359.203	-53.2561	88.1718
-1.31937	-359.676	-53.3353	88.2232
-1.35051	-360.171	-53.4215	88.2769
-1.37227	-360.647	-53.5026	88.3285
-1.39195	-361.13	-53.5853	88.3813
-1.40948	-361.603	-53.6674	88.4323
-1.42488	-362.075	-53.7493	88.4839
-1.43964	-362.547	-53.8312	88.535
-1.44944	-363.033	-53.9122	88.5876
-1.45579	-363.512	-53.9889	88.6399
-1.45765	-363.991	-54.062	88.6919
-1.45645	-364.478	-54.1338	88.7455
-1.45423	-364.946	-54.2052	88.7967
-1.44779	-365.449	-54.2842	88.8515
-1.43188	-365.937	-54.3587	88.9049
-1.41176	-366.425	-54.4321	88.9581
-1.3861	-366.891	-54.5044	89.0098
-1.35527	-367.356	-54.5788	89.0612
-1.32093	-367.833	-54.6551	89.1139
-1.28437	-368.294	-54.7273	89.1649
-1.16282	-368.708	-54.7932	89.2163
-1.12146	-369.177	-54.8648	89.2679
-1.07773	-369.633	-54.932	89.3183
-1.03144	-370.091	-54.9972	89.3691
-0.984524	-370.6	-55.0688	89.4247
-0.930081	-371.104	-55.1364	89.4799
-1.29219	-371.62	-55.2007	89.5357
-1.18463	-372.024	-55.2542	89.5886
-1.14086	-372.481	-55.3166	89.6398
-1.09857	-372.952	-55.3832	89.6914
-1.05105	-373.422	-55.4516	89.743
-1.00638	-373.876	-55.52	89.7931
-0.966605	-374.365	-55.5959	89.8462
-0.935864	-374.841	-55.6731	89.8974
-0.886022	-375.35	-55.7576	89.9526
-0.854236	-375.851	-55.8457	90.0056
-0.814849	-376.328	-55.9299	90.0565
-0.749559	-376.855	-56.0228	90.1134
-0.724301	-377.363	-56.1158	90.1676
-0.682118	-377.861	-56.2058	90.2211
-0.660493	-378.378	-56.3008	90.276
-0.633696	-378.9	-56.393	90.3317
-0.608202	-379.404	-56.4825	90.3857
-0.592279	-379.908	-56.568	90.4398
-0.577978	-380.401	-56.6497	90.4928
-0.571909	-380.902	-56.7318	90.546
-0.563515	-381.422	-56.8152	90.6015
-0.560325	-381.921	-56.8944	90.6547
-0.560205	-382.429	-56.9733	90.7091
-0.566217	-382.932	-57.0503	90.7633
-0.57236	-383.442	-57.1277	90.8181
-0.585144	-383.923	-57.1994	90.8699
-0.609228	-384.408	-57.27	90.9226
-0.62051	-384.897	-57.3387	90.9762
-0.636192	-385.379	-57.4072	91.0287
-0.657845	-385.843	-57.4714	91.0799
-0.686801	-386.306	-57.5322	91.1312
-0.706364	-386.777	-57.5939	91.1833
-0.72426	-387.257	-57.6575	91.2368
-0.748684	-387.725	-57.7219	91.2891
-0.797623	-388.198	-57.7871	91.3422
-0.829057	-388.687	-57.8585	91.3965
-0.880125	-389.17	-57.9373	91.4499
-0.947894	-389.66	-58.0282	91.5038
-1.01426	-390.13	-58.1263	91.5561
-1.04606	-390.616	-58.2348	91.6095
-1.09876	-391.098	-58.3341	91.6631
-1.11933	-391.57	-58.4288	91.7151
-1.12971	-392.054	-58.5227	91.7675
-1.14224	-392.517	-58.6054	91.8178
-1.14957	-392.991	-58.6863	91.8689
-1.15823	-393.456	-58.761	91.9191
-1.1605	-393.944	-58.8351	91.9718
-1.16283	-394.416	-58.9012	92.0231
-1.17178	-394.902	-58.9634	92.0764
-1.16698	-395.367	-59.0225	92.1277
-1.15539	-395.837	-59.0808	92.1797
-1.12524	-396.324	-59.1393	92.2334
-1.10169	-396.791	-59.1902	92.2861
-1.07294	-397.264	-59.246	92.3392
-1.02542	-397.737	-59.3039	92.3925
-0.991466	-398.199	-59.363	92.4442
-0.965614	-398.671	-59.4279	92.497
-0.926861	-399.136	-59.5014	92.5488
-0.885303	-399.607	-59.5802	92.601
-0.832124	-400.065	-59.6594	92.6521
-0.801085	-400.532	-59.7413	92.7027
-0.7598	-400.996	-59.8258	92.7531
-0.720723	-401.458	-59.9116	92.8032
-0.687411	-401.926	-59.9989	92.8534
-0.659336	-402.406	-60.0874	92.9042
-0.635887	-402.943	-60.1866	92.9609
-0.605451	-403.463	-60.2797	93.0162
-0.58104	-403.958	-60.367	93.0685
-0.561948	-404.431	-60.4445	93.1192
-0.545189	-404.939	-60.5238	93.1733
-0.537951	-405.442	-60.5979	93.2272
-0.535336	-405.951	-60.6733	93.2828
-0.538356	-406.435	-60.7432	93.3357
-0.547966	-406.92	-60.8093	93.3885
-0.561868	-407.384	-60.8714	93.4391
-0.587651	-407.883	-60.9366	93.494
-0.604384	-408.362	-60.9927	93.5472
-0.62956	-408.844	-61.0517	93.6004
-0.668743	-409.314	-61.1099	93.6528
-0.696954	-409.812	-61.1692	93.7082
-0.743848	-410.314	-61.2325	93.7643
-0.76857	-410.783	-61.2912	93.8174
-0.79519	-411.257	-61.3592	93.8702
-0.83737	-411.708	-61.4297	93.9204
-0.89016	-412.215	-61.5168	93.9769
-0.932964	-412.674	-61.6011	94.0276
-0.968993	-413.142	-61.6927	94.0786
-1.01592	-413.63	-61.7915	94.1323
-1.07415	-414.131	-61.8976	94.1871
-1.11563	-414.615	-61.9917	94.2397
-1.17716	-415.114	-62.0842	94.294
-1.20671	-415.594	-62.1735	94.346
-1.2399	-416.077	-62.265	94.3975
-1.26314	-416.555	-62.3484	94.449
-1.28346	-417.045	-62.4264	94.5017
-1.30317	-417.512	-62.4945	94.5526
-1.32413	-417.996	-62.5611	94.6051
-1.34863	-418.499	-62.6287	94.66
-1.36702	-418.978	-62.6933	94.7126
-1.38356	-419.477	-62.7566	94.7672
-1.39089	-419.96	-62.817	94.8201
-1.39193	-420.457	-62.8776	94.8746
-1.38794	-420.916	-62.937	94.9259
-1.39101	-421.375	-62.9991	94.9771
-1.37804	-421.849	-63.0686	95.0298
-1.35459	-422.295	-63.1368	95.0799
-1.33228	-422.76	-63.2145	95.1321
-1.28867	-423.21	-63.2947	95.1825
-1.25859	-423.666	-63.382	95.2334
-1.2348	-424.126	-63.4702	95.2839
-1.20935	-424.598	-63.561	95.3355
-1.19249	-425.063	-63.6495	95.3863
-1.17835	-425.537	-63.7403	95.4374
-1.16532	-426.032	-63.8266	95.4901
-1.15816	-426.507	-63.9051	95.5415
-1.16221	-427.001	-63.9807	95.5944
-1.1631	-427.486	-64.0466	95.6471
-1.16673	-427.967	-64.0978	95.7002
-1.17874	-428.435	-64.1448	95.7525
-1.21323	-428.887	-64.1912	95.8036
-1.23485	-429.348	-64.2447	95.8555
-1.25909	-429.797	-64.3045	95.9066
-1.26601	-430.253	-64.3757	95.9581
-1.28764	-430.705	-64.457	96.0084
-1.30814	-431.202	-64.5512	96.0635
-1.3222	-431.706	-64.6547	96.1185
-1.32972	-432.181	-64.7502	96.1697
-1.32967	-432.648	-64.8429	96.2198
-1.32265	-433.171	-64.9371	96.2753
-1.3077	-433.652	-65.0172	96.3269
-1.28616	-434.119	-65.0834	96.3771
-1.26361	-434.581	-65.1431	96.4274
-1.29445	-434.983	-65.1871	96.4786
-1.27766	-435.437	-65.2344	96.5294
-1.24859	-435.929	-65.2852	96.585
-1.24386	-436.423	-65.3357	96.6413
-1.2111	-436.9	-65.3928	96.6954
-1.20198	-437.383	-65.4515	96.7504
-1.17797	-437.828	-65.5099	96.8011
-1.14968	-438.314	-65.5789	96.856
-1.14458	-438.811	-65.654	96.9108
-1.11916	-439.289	-65.7318	96.9636
-1.10181	-439.766	-65.8107	97.0156
-1.08339	-440.273	-65.8929	97.0705
-1.05126	-440.761	-65.9703	97.1233
-1.02346	-441.278	-66.0508	97.1793
-0.988737	-441.773	-66.1285	97.2334
-0.955836	-442.275	-66.2063	97.2881
-0.919755	-442.795	-66.2862	97.3442
-0.884271	-443.307	-66.3648	97.3998
-0.850531	-443.821	-66.4455	97.4556
-0.81832	-444.323	-66.5248	97.5108
-0.793814	-444.782	-66.5943	97.5611
-0.768903	-445.286	-66.6703	97.616
-0.747839	-445.78	-66.7457	97.6701
-0.73039	-446.272	-66.8218	97.724
-0.714991	-446.753	-66.8962	97.7769
-0.700944	-447.234	-66.9716	97.8296
-0.690081	-447.722	-67.0485	97.8828
-0.679957	-448.212	-67.1259	97.9361
-0.667887	-448.711	-67.205	97.9904
-0.658608	-449.205	-67.2833	98.0442
-0.650546	-449.684	-67.3582	98.0963
-0.64212	-450.187	-67.4375	98.1511
-0.636665	-450.679	-67.5148	98.2044
-0.631879	-451.145	-67.5879	98.2548
-0.628443	-451.663	-67.669	98.3108
-0.627438	-452.176	-67.7487	98.366
-0.628446	-452.687	-67.8273	98.4211
-0.630546	-453.212	-67.9082	98.4774
-0.633486	-453.718	-67.9866	98.5315
-0.63703	-454.224	-68.0656	98.5858
-0.641486	-454.725	-68.1447	98.6395
-0.646719	-455.223	-68.2234	98.6927
-0.652438	-455.72	-68.3022	98.7457
-0.658116	-456.209	-68.3795	98.798
-0.664683	-456.708	-68.4584	98.8513
-0.669998	-457.187	-68.5337	98.9026
-0.675548	-457.705	-68.6158	98.9579
-0.681438	-458.202	-68.6946	99.011
-0.686001	-458.683	-68.7709	99.0622
-0.690632	-459.191	-68.8515	99.1166
-0.694703	-459.688	-68.9302	99.1701
-0.697829	-460.197	-69.0101	99.2248
-0.700896	-460.716	-69.0909	99.2803
-0.703526	-461.205	-69.1672	99.3331
-0.706399	-461.684	-69.2418	99.3848
-0.70969	-462.168	-69.3175	99.4367
-0.715098	-462.656	-69.3936	99.489
-0.720398	-463.151	-69.4708	99.5419
-0.725503	-463.642	-69.5483	99.5945
-0.729487	-464.126	-69.6251	99.6464
-0.729883	-464.618	-69.704	99.6992
-0.728106	-465.105	-69.7821	99.7516
-0.727251	-465.621	-69.8642	99.8065
-0.724871	-466.141	-69.9479	99.8616
-0.726017	-466.63	-70.0257	99.9135
-0.734757	-467.146	-70.1071	99.9684
-0.738821	-467.645	-70.1861	100.021
-0.749269	-468.154	-70.2665	100.075
-0.762685	-468.672	-70.3468	100.13
-0.775749	-469.169	-70.4238	100.183
-0.793722	-469.661	-70.501	100.236
-0.793573	-470.156	-70.5797	100.289
-0.795656	-470.643	-70.6547	100.342
-0.798789	-471.126	-70.7268	100.395
-0.806095	-471.631	-70.8039	100.449
-0.815182	-472.128	-70.8825	100.502
-0.827291	-472.615	-70.9608	100.554
-0.841813	-473.109	-71.0402	100.607
-0.861528	-473.607	-71.1213	100.659
-0.879947	-474.107	-71.2018	100.713
-0.89964	-474.601	-71.2819	100.766
-0.923209	-475.084	-71.3604	100.818
-0.955858	-475.615	-71.4481	100.875
-0.983052	-476.083	-71.5262	100.926
-1.0091	-476.547	-71.6052	100.976
-1.0432	-477.045	-71.6903	101.029
-1.07245	-477.54	-71.7705	101.083
-1.1088	-478.043	-71.8504	101.138
-1.13555	-478.56	-71.9313	101.194
-1.16045	-479.074	-72.0102	101.249
-1.18114	-479.588	-72.0895	101.305
-1.20813	-480.103	-72.1693	101.361
-1.24279	-480.618	-72.2489	101.417
-1.25756	-481.125	-72.3251	101.473
-1.28562	-481.586	-72.3953	101.524
-1.3121	-482.058	-72.467	101.575
