x	y	z	t
0.312208	450.094	73.4982	0.0559998
0.350325	449.596	73.421	0.10895
0.396864	449.105	73.3446	0.161214
0.436696	448.615	73.2677	0.213211
0.474683	448.132	73.1917	0.264403
0.509904	447.66	73.1178	0.314722
0.546492	447.176	73.0418	0.36651
0.578779	446.704	72.9674	0.417028
0.61716	446.172	72.8834	0.473816
0.650108	445.662	72.8025	0.52881
0.674375	445.152	72.7215	0.583523
0.700022	444.643	72.6404	0.638177
0.725555	444.123	72.5569	0.694343
0.748965	443.608	72.4755	0.749786
0.767021	443.096	72.3937	0.805085
0.786592	442.578	72.311	0.860918
0.801594	442.053	72.2278	0.91737
0.819051	441.526	72.1455	0.973732
0.831341	441.055	72.0722	1.02429
0.846633	440.539	71.9915	1.07962
0.856066	440.03	71.911	1.1342
0.866767	439.561	71.8358	1.18455
0.877555	439.018	71.7482	1.24227
0.884204	438.512	71.6671	1.29637
0.892764	438.007	71.5872	1.35033
0.897432	437.501	71.5088	1.40419
0.904784	436.994	71.431	1.45825
0.914133	436.473	71.3507	1.51385
0.92144	435.962	71.2722	1.56856
0.930889	435.445	71.1946	1.62351
0.93858	434.936	71.1162	1.67775
0.944411	434.468	71.0441	1.72787
0.946581	433.96	70.9682	1.78261
0.944795	433.437	70.8891	1.83901
0.938273	432.923	70.8093	1.89409
0.928869	432.413	70.729	1.94898
0.916584	431.889	70.6459	2.0053
0.904282	431.376	70.5641	2.06039
0.895222	430.881	70.4845	2.11387
0.883426	430.389	70.4054	2.16705
0.866446	429.892	70.3264	2.22046
0.857001	429.399	70.2502	2.27353
0.845049	428.896	70.1738	2.32757
0.824216	428.398	70.0974	2.38156
0.810263	427.912	70.0225	2.43392
0.789995	427.445	69.9505	2.48417
0.768376	426.943	69.8729	2.53774
0.740589	426.443	69.7949	2.59103
0.716305	425.937	69.716	2.64474
0.689879	425.421	69.6357	2.69941
0.655661	424.942	69.5613	2.75045
0.626007	424.434	69.4828	2.80421
0.59538	423.926	69.4036	2.85803
0.559214	423.402	69.3205	2.91343
0.527156	422.924	69.2443	2.96407
0.494649	422.447	69.1681	3.01469
0.455163	421.922	69.0836	3.07066
0.419725	421.402	69.0002	3.12608
0.386418	420.908	68.9205	3.17865
0.349334	420.404	68.8397	3.23222
0.317423	419.881	68.7558	3.28803
0.286213	419.395	68.6789	3.33967
0.248999	418.907	68.6031	3.39195
0.21924	418.403	68.5248	3.44567
0.191538	417.905	68.4465	3.49857
0.154825	417.393	68.3658	3.55298
0.125577	416.926	68.2921	3.60305
0.0938493	416.433	68.2139	3.65564
0.0630486	415.942	68.1358	3.70787
0.0338711	415.472	68.0616	3.75808
0.00304836	415.002	67.9887	3.80856
-0.0337576	414.483	67.9084	3.86425
-0.0657436	413.974	67.829	3.91928
-0.104802	413.443	67.7461	3.97621
-0.134663	412.963	67.6703	4.02726
-0.173289	412.461	67.5907	4.08112
-0.201723	411.954	67.5108	4.13545
-0.234108	411.482	67.4369	4.1858
-0.274066	410.983	67.3589	4.23991
-0.306099	410.491	67.282	4.29237
-0.339739	409.969	67.2001	4.34814
-0.381829	409.459	67.1189	4.40312
-0.415095	408.931	67.0348	4.45941
-0.45753	408.448	66.9579	4.51115
-0.489276	407.937	66.8775	4.56587
-0.531738	407.416	66.7964	4.62194
-0.565988	406.927	66.7192	4.67451
-0.596661	406.43	66.64	4.72785
-0.637891	405.922	66.5594	4.78274
-0.668679	405.408	66.4783	4.838
-0.704943	404.889	66.3983	4.89381
-0.733957	404.397	66.3221	4.9469
-0.769041	403.869	66.2383	5.00379
-0.793956	403.358	66.1578	5.05852
-0.816828	402.888	66.0842	5.10915
-0.843723	402.381	66.0062	5.16379
-0.864198	401.868	65.9268	5.2189
-0.885537	401.355	65.8465	5.27425
-0.903481	400.833	65.7652	5.33025
-0.92291	400.33	65.6884	5.38431
-0.937568	399.829	65.6114	5.43817
-0.953425	399.341	65.5348	5.49068
-0.967012	398.843	65.4554	5.54421
-0.980105	398.337	65.3759	5.59839
-0.994457	397.845	65.2987	5.6515
-1.00286	397.345	65.2193	5.70537
-1.00962	396.852	65.1422	5.75891
-1.01647	396.344	65.0635	5.81355
-1.02067	395.818	64.9839	5.86996
-1.02581	395.321	64.9114	5.92286
-1.02417	394.822	64.8377	5.97612
-1.02516	394.335	64.7603	6.02782
-1.02767	393.86	64.6857	6.07852
-1.03157	393.377	64.6102	6.12996
-1.03638	392.889	64.534	6.1818
-1.04393	392.404	64.4588	6.23335
-1.05448	391.871	64.3767	6.29011
-1.06022	391.355	64.2971	6.34553
-1.06331	390.824	64.21	6.40244
-1.06381	390.297	64.1218	6.45857
-1.05654	389.761	64.037	6.51564
-1.04395	389.225	63.9536	6.57291
-1.0305	388.75	63.8836	6.62366
-1.01591	388.269	63.8123	6.67512
-0.999864	387.781	63.7367	6.727
-0.986346	387.287	63.6594	6.77934
-0.969857	386.818	63.587	6.82952
-0.948545	386.299	63.5049	6.88508
-0.927836	385.798	63.4239	6.93833
-0.908133	385.324	63.3466	6.98897
-0.880415	384.797	63.2617	7.04525
-0.853574	384.284	63.1811	7.10029
-0.817201	383.774	63.1027	7.15496
-0.785637	383.262	63.0243	7.2097
-0.745711	382.742	62.9424	7.26521
-0.708646	382.224	62.8602	7.32088
-0.666161	381.712	62.7792	7.37572
-0.631607	381.217	62.7016	7.42895
-0.592353	380.744	62.6271	7.47948
-0.545887	380.254	62.5495	7.5328
-0.503854	379.779	62.474	7.58339
-0.464023	379.252	62.3905	7.63941
-0.41322	378.745	62.311	7.69383
-0.3712	378.233	62.2304	7.74831
-0.331375	377.747	62.1543	7.79978
-0.285067	377.219	62.0712	7.85595
-0.249983	376.72	61.9927	7.91002
-0.205907	376.213	61.9132	7.9645
-0.17023	375.717	61.8349	8.01782
-0.137203	375.223	61.756	8.07099
-0.0937455	374.697	61.6715	8.12757
-0.0533249	374.196	61.5921	8.18142
-0.0228946	373.703	61.5153	8.23451
0.0117643	373.2	61.4361	8.28875
0.0576872	372.693	61.3562	8.34347
0.0942138	372.166	61.2737	8.40013
0.140348	371.65	61.1938	8.45583
0.178714	371.145	61.1155	8.51034
0.226632	370.655	61.0394	8.56347
0.263268	370.174	60.9642	8.61509
0.305975	369.655	60.8827	8.67122
0.355179	369.162	60.8054	8.72453
0.394999	368.664	60.728	8.77826
0.435593	368.187	60.6525	8.82999
0.484824	367.713	60.5771	8.88144
0.525193	367.218	60.4984	8.9348
0.567087	366.713	60.4184	8.98937
0.621454	366.222	60.3405	9.04251
0.665207	365.741	60.264	9.09447
0.703472	365.238	60.1839	9.14862
0.752079	364.736	60.1044	9.20248
0.796337	364.218	60.0219	9.25803
0.837329	363.743	59.9464	9.30911
0.876536	363.256	59.8688	9.36099
0.921923	362.776	59.7919	9.41224
0.959088	362.276	59.7116	9.46544
0.993744	361.809	59.638	9.51563
1.03339	361.287	59.5571	9.57207
1.05791	360.776	59.4776	9.62694
1.08928	360.262	59.3971	9.68208
1.1112	359.73	59.3126	9.73917
1.1381	359.214	59.2303	9.79449
1.15682	358.738	59.1553	9.84525
1.17968	358.213	59.0768	9.9015
1.20097	357.736	59.006	9.95247
1.21939	357.24	58.9295	10.0053
1.23669	356.761	58.8537	10.0564
1.25372	356.284	58.7784	10.1077
1.2728	355.758	58.6945	10.1639
1.28443	355.224	58.6079	10.2211
1.29608	354.702	58.5238	10.2768
1.30374	354.216	58.4462	10.3286
1.31281	353.709	58.3659	10.383
1.31647	353.202	58.2842	10.4376
1.32042	352.706	58.205	10.491
1.32392	352.18	58.1216	10.5472
1.32813	351.674	58.0414	10.6014
1.33421	351.155	57.9585	10.6567
1.33925	350.685	57.8847	10.7068
1.34406	350.17	57.8042	10.7618
1.34939	349.649	57.7228	10.8174
1.35362	349.122	57.6404	10.8738
1.35505	348.6	57.5576	10.9295
1.35312	348.095	57.4771	10.9833
1.34762	347.579	57.3943	11.0386
1.34118	347.076	57.3141	11.0924
1.3323	346.57	57.236	11.1467
1.3241	346.087	57.1622	11.1987
1.31361	345.594	57.0861	11.2517
1.30658	345.096	57.0101	11.3052
1.30026	344.596	56.9336	11.359
1.28837	344.093	56.856	11.4131
1.2813	343.595	56.7799	11.4665
1.26936	343.076	56.7017	11.5221
1.25238	342.584	56.6268	11.5752
1.23409	342.067	56.5467	11.6311
1.2105	341.55	56.466	11.687
1.18943	341.041	56.3865	11.7419
1.16257	340.538	56.3081	11.7958
1.13981	340.046	56.2326	11.8488
1.1116	339.536	56.1541	11.9035
1.08624	339.031	56.0758	11.9577
1.06286	338.54	55.9986	12.0104
1.03292	338.05	55.9211	12.063
1.00906	337.558	55.8427	12.1155
0.983523	337.079	55.7671	12.1669
0.955075	336.571	55.687	12.2218
0.921696	336.083	55.6101	12.2744
0.894588	335.574	55.5293	12.3289
0.859465	335.085	55.4514	12.3814
0.829315	334.58	55.3711	12.4355
0.798136	334.08	55.2913	12.489
0.758945	333.551	55.2065	12.5456
0.725777	333.048	55.1265	12.5995
0.687019	332.539	55.0453	12.6543
0.650751	332.07	54.9709	12.7046
0.611768	331.596	54.8958	12.7554
0.577331	331.116	54.8204	12.8066
0.537025	330.599	54.7398	12.8623
0.502548	330.081	54.6599	12.9179
0.456941	329.557	54.5784	12.9744
0.421701	329.023	54.4951	13.0314
0.381833	328.501	54.4142	13.0872
0.345297	328.018	54.3387	13.1388
0.302737	327.507	54.2585	13.1936
0.265788	327.036	54.1847	13.2437
0.22804	326.562	54.11	13.2947
0.189353	326.077	54.0336	13.3462
0.150232	325.55	53.9505	13.4022
0.100052	325.015	53.8664	13.4592
0.0619966	324.545	53.7926	13.5093
0.0202655	324.061	53.7167	13.5609
-0.0276975	323.56	53.6395	13.6144
-0.0651606	323.079	53.5677	13.6657
-0.0987001	322.559	53.4908	13.7214
-0.138543	322.039	53.4129	13.7771
-0.169789	321.545	53.3368	13.8302
-0.21073	321.025	53.2558	13.886
-0.239508	320.497	53.1718	13.9424
-0.276142	319.994	53.0919	13.9964
-0.307964	319.483	53.0124	14.0514
-0.342413	318.962	52.9311	14.1073
-0.371162	318.445	52.8497	14.163
-0.410524	317.964	52.7735	14.2145
-0.440013	317.447	52.691	14.2703
-0.477374	316.943	52.6107	14.3249
-0.505251	316.42	52.5269	14.3814
-0.538242	315.894	52.4431	14.4378
-0.564915	315.408	52.3667	14.4904
-0.600965	314.914	52.2892	14.5437
-0.621603	314.426	52.2129	14.5964
-0.643719	313.938	52.1375	14.649
-0.672105	313.423	52.0594	14.7045
-0.692839	312.922	51.9817	14.7584
-0.71393	312.424	51.9032	14.8121
-0.737197	311.945	51.8284	14.8639
-0.752462	311.422	51.7476	14.9201
-0.77075	310.925	51.6716	14.9736
-0.784862	310.459	51.5993	15.0238
-0.798664	309.956	51.5209	15.0784
-0.812854	309.461	51.4427	15.1319
-0.828217	308.958	51.3617	15.186
-0.836936	308.442	51.2783	15.2413
-0.848669	307.937	51.198	15.296
-0.854476	307.456	51.1238	15.3476
-0.859079	306.964	51.048	15.4004
-0.861956	306.47	50.971	15.4534
-0.862174	305.977	50.8941	15.5062
-0.869221	305.491	50.8169	15.558
-0.875885	304.987	50.7355	15.6117
-0.877187	304.504	50.6605	15.6637
-0.882268	304.006	50.5872	15.7173
-0.879902	303.5	50.511	15.772
-0.874112	302.989	50.4337	15.8269
-0.863916	302.487	50.3596	15.8807
-0.848476	301.992	50.2886	15.9342
-0.833229	301.501	50.2169	15.987
-0.815056	300.996	50.1366	16.041
-0.790087	300.476	50.0522	16.0967
-0.769541	299.963	49.9691	16.1519
-0.735958	299.438	49.8854	16.208
-0.705281	298.923	49.8022	16.2629
-0.664299	298.4	49.7167	16.3184
-0.620525	297.866	49.6313	16.3756
-0.579759	297.385	49.5553	16.4269
-0.541525	296.866	49.4734	16.4823
-0.492255	296.325	49.3881	16.5401
-0.452413	295.843	49.3117	16.5914
-0.411512	295.362	49.2353	16.6426
-0.36401	294.828	49.1494	16.6989
-0.326247	294.351	49.0729	16.7495
-0.278906	293.821	48.9884	16.8061
-0.235082	293.342	48.9113	16.8573
-0.194715	292.848	48.832	16.9099
-0.151205	292.368	48.7554	16.9612
-0.100315	291.855	48.6736	17.0165
-0.0552329	291.335	48.5904	17.0723
-0.000545222	290.837	48.511	17.1263
0.0426008	290.325	48.4295	17.1813
0.0953987	289.802	48.348	17.2376
0.136369	289.308	48.2721	17.2907
0.188367	288.808	48.1955	17.3446
0.227098	288.292	48.1169	17.3998
0.27617	287.774	48.0371	17.4553
0.316086	287.293	47.9622	17.5068
0.354501	286.788	47.8822	17.5611
0.402876	286.283	47.8027	17.6153
0.439	285.762	47.7202	17.671
0.475225	285.276	47.6437	17.7228
0.519688	284.778	47.5654	17.7765
0.552443	284.289	47.4889	17.8294
0.591318	283.799	47.4114	17.8825
0.631405	283.327	47.3368	17.9336
0.658626	282.824	47.2572	17.9879
0.690327	282.335	47.18	18.0407
0.731505	281.839	47.1019	18.0943
0.762601	281.355	47.0258	18.1468
0.79263	280.854	46.9459	18.2011
0.833436	280.354	46.8672	18.2551
0.863423	279.837	46.7859	18.3109
0.903333	279.341	46.7075	18.3645
0.93046	278.846	46.6293	18.4178
0.96294	278.349	46.5508	18.4714
1.00304	277.849	46.4727	18.5253
1.03032	277.351	46.3963	18.5788
1.06214	276.871	46.3219	18.6307
1.09406	276.393	46.2482	18.6821
1.1238	275.919	46.1746	18.7332
1.16152	275.424	46.0965	18.7868
1.19159	274.93	46.018	18.8398
1.21962	274.449	45.9422	18.8915
1.25369	273.949	45.8634	18.9452
1.27959	273.459	45.7861	18.9978
1.30674	272.94	45.7048	19.0537
1.33612	272.433	45.6245	19.108
1.35809	271.941	45.5463	19.1607
1.37935	271.448	45.4683	19.2137
1.40281	270.971	45.3934	19.2652
1.41844	270.484	45.3167	19.3177
1.43418	269.999	45.24	19.3698
1.44944	269.514	45.1637	19.4227
1.464	269.033	45.0877	19.4744
1.48099	268.567	45.014	19.5248
1.49448	268.057	44.9329	19.5794
1.50971	267.538	44.8505	19.6349
1.52272	267.025	44.7706	19.69
1.53579	266.506	44.6894	19.7459
1.54572	266.036	44.6161	19.796
1.55101	265.499	44.5325	19.8532
1.55832	265.024	44.458	19.9038
1.56445	264.55	44.3841	19.9548
1.5714	264.02	44.3022	20.0113
1.57857	263.503	44.2203	20.0664
1.58577	262.969	44.1345	20.1231
1.59534	262.45	44.0529	20.1784
1.60502	261.938	43.9746	20.2329
1.61661	261.418	43.8952	20.2883
1.62401	260.918	43.8191	20.3416
1.63099	260.409	43.7424	20.3959
1.63611	259.891	43.6638	20.4512
1.63749	259.384	43.5863	20.5054
1.63664	258.895	43.5093	20.5579
1.63005	258.385	43.4269	20.6125
1.62411	257.88	43.3459	20.6668
1.61853	257.353	43.2612	20.7231
1.61268	256.835	43.1767	20.7785
1.60549	256.31	43.0922	20.8346
1.59958	255.815	43.0128	20.888
1.59576	255.314	42.9347	20.9416
1.58528	254.817	42.8587	20.9949
1.58072	254.317	42.7835	21.0486
1.57248	253.818	42.7075	21.1021
1.56381	253.32	42.6301	21.1556
1.54707	252.844	42.5555	21.2072
1.53468	252.345	42.4777	21.2609
1.51793	251.865	42.4021	21.3125
1.49669	251.376	42.3228	21.3652
1.47601	250.863	42.239	21.4202
1.4558	250.373	42.1612	21.4733
1.42982	249.855	42.0821	21.5291
1.41066	249.364	42.0074	21.5822
1.38741	248.873	41.9324	21.6352
1.36827	248.377	41.8562	21.6886
1.34904	247.907	41.7834	21.7395
1.33273	247.415	41.7074	21.7922
1.31573	246.931	41.6319	21.8443
1.29445	246.448	41.5556	21.8964
1.2781	245.973	41.4803	21.9477
1.26288	245.497	41.4043	21.9987
1.24625	245.027	41.3294	22.049
1.23038	244.538	41.2514	22.1013
1.21548	244.057	41.175	22.1525
1.20231	243.563	41.0968	22.2053
1.18644	243.076	41.0207	22.2573
1.17304	242.589	40.9434	22.3093
1.15866	242.085	40.8629	22.363
1.14129	241.59	40.7844	22.4159
1.12451	241.082	40.7047	22.4701
1.10923	240.601	40.6296	22.5216
1.09481	240.122	40.5553	22.5732
1.08139	239.639	40.48	22.625
1.06414	239.155	40.4045	22.6769
1.04956	238.685	40.3308	22.7278
1.0364	238.211	40.2569	22.7787
1.02388	237.745	40.1844	22.8288
1.01111	237.278	40.1119	22.8791
0.999456	236.808	40.0384	22.9299
0.986962	236.306	39.9598	22.9839
0.971237	235.781	39.8773	23.0401
0.955594	235.266	39.7951	23.0952
0.940094	234.736	39.7093	23.1521
0.924261	234.249	39.6307	23.204
0.90566	233.723	39.5464	23.2603
0.890654	233.24	39.4704	23.3123
0.869266	232.718	39.389	23.3685
0.854439	232.199	39.3087	23.4241
0.833151	231.703	39.2325	23.4769
0.812858	231.22	39.1575	23.5286
0.79346	230.709	39.0762	23.5834
0.766993	230.201	38.9946	23.6377
0.744096	229.708	38.9151	23.6906
0.720836	229.212	38.8356	23.7437
0.689015	228.707	38.7546	23.7984
0.663049	228.191	38.6719	23.8538
0.628648	227.692	38.592	23.9073
0.598369	227.198	38.5126	23.9603
0.568461	226.724	38.4366	24.0108
0.528338	226.21	38.3556	24.0658
0.4957	225.716	38.2786	24.1186
0.463661	225.197	38.1983	24.1742
0.42327	224.7	38.1218	24.2275
0.389653	224.181	38.0415	24.2829
0.354068	223.709	37.968	24.3334
0.312639	223.204	37.8894	24.3875
0.277571	222.705	37.8114	24.441
0.243083	222.219	37.735	24.4932
0.20543	221.733	37.659	24.5453
0.160978	221.26	37.5849	24.5963
0.126534	220.748	37.5047	24.6509
0.0886812	220.273	37.43	24.7019
0.0508755	219.782	37.3529	24.7546
0.00792831	219.287	37.2752	24.8076
-0.0271406	218.804	37.1995	24.8595
-0.0596675	218.319	37.1236	24.9117
-0.0927235	217.838	37.0481	24.9641
-0.131664	217.348	36.9711	25.0166
-0.163526	216.857	36.8944	25.0694
-0.192681	216.327	36.8125	25.1263
-0.22622	215.812	36.7329	25.1814
-0.254246	215.328	36.6573	25.2335
-0.280626	214.858	36.5836	25.2843
-0.305152	214.384	36.5094	25.3354
-0.333642	213.919	36.4366	25.3855
-0.356509	213.425	36.3593	25.4385
-0.381416	212.916	36.2799	25.493
-0.401518	212.444	36.2067	25.5437
-0.426552	211.923	36.1253	25.5997
-0.449434	211.399	36.0426	25.6555
-0.469703	210.927	35.9684	25.706
-0.493386	210.392	35.8842	25.763
-0.516444	209.896	35.8065	25.8161
-0.534584	209.408	35.7308	25.8684
-0.553813	208.922	35.6551	25.9206
-0.571865	208.423	35.5769	25.9738
-0.589309	207.947	35.5012	26.025
-0.60769	207.478	35.4258	26.0754
-0.630449	206.953	35.3407	26.1317
-0.648035	206.482	35.2655	26.1822
-0.665742	206.012	35.1907	26.2328
-0.689748	205.488	35.1082	26.2891
-0.704724	205.011	35.0347	26.3403
-0.720477	204.511	34.9579	26.3941
-0.741162	203.982	34.8769	26.4505
-0.756195	203.512	34.8043	26.501
-0.772744	203.038	34.7308	26.5518
-0.78734	202.541	34.6528	26.6049
-0.808105	202.015	34.5709	26.6613
-0.825818	201.505	34.4917	26.7162
-0.850811	201.029	34.4175	26.7672
-0.869771	200.551	34.3424	26.8183
-0.889394	200.079	34.2676	26.869
-0.909772	199.567	34.1873	26.9239
-0.933348	199.075	34.1108	26.9769
-0.953229	198.578	34.0337	27.0302
-0.974158	198.07	33.9538	27.0845
-0.997428	197.552	33.8723	27.1399
-1.01573	197.04	33.7916	27.1951
-1.03861	196.545	33.7127	27.2485
-1.05365	196.022	33.6285	27.3044
-1.07449	195.499	33.5453	27.3603
-1.08887	194.986	33.464	27.4152
-1.10674	194.461	33.3816	27.4715
-1.12192	193.946	33.3017	27.5267
-1.13127	193.433	33.2217	27.5817
-1.14395	192.94	33.1451	27.6348
-1.15752	192.443	33.0662	27.6883
-1.16609	191.963	32.9916	27.7402
-1.17024	191.485	32.9171	27.7917
-1.17524	191.006	32.8418	27.8436
-1.18256	190.5	32.7632	27.898
-1.1823	190.019	32.6905	27.95
-1.17997	189.516	32.6139	28.004
-1.17926	189.031	32.5368	28.0561
-1.17804	188.533	32.4572	28.1096
-1.18219	188.056	32.3812	28.1608
-1.18541	187.559	32.3046	28.2143
-1.18529	187.067	32.2294	28.2673
-1.18893	186.589	32.1564	28.319
-1.19421	186.11	32.0836	28.3711
-1.1928	185.616	32.0068	28.4243
-1.18663	185.135	31.9307	28.4762
-1.17233	184.668	31.8576	28.5271
-1.15522	184.2	31.7863	28.5781
-1.1336	183.736	31.7166	28.6286
-1.10882	183.266	31.6461	28.6799
-1.07744	182.783	31.5723	28.7323
-1.04313	182.307	31.4994	28.7837
-1.00797	181.81	31.4214	28.8372
-0.967306	181.34	31.3471	28.8878
-0.927533	180.846	31.27	28.9409
-0.893319	180.366	31.1946	28.9927
-0.856514	179.868	31.1163	29.0462
-0.811045	179.377	31.0387	29.099
-0.778276	178.905	30.9631	29.1501
-0.742938	178.433	30.8873	29.2008
-0.706828	177.931	30.8071	29.2544
-0.670622	177.435	30.7286	29.3076
-0.622741	176.97	30.6557	29.3577
-0.579108	176.452	30.5751	29.4136
-0.53513	175.983	30.5021	29.4642
-0.487272	175.476	30.4228	29.5191
-0.444851	175.01	30.3498	29.5693
-0.400766	174.537	30.2748	29.6204
-0.35694	174.072	30.2011	29.6707
-0.318261	173.564	30.1205	29.7256
-0.273471	173.087	30.0455	29.7768
-0.23609	172.583	29.9657	29.8309
-0.198038	172.114	29.891	29.8814
-0.15915	171.622	29.8134	29.9338
-0.113983	171.104	29.7327	29.9892
-0.0737865	170.589	29.6538	30.0443
-0.0346841	170.11	29.5796	30.0953
0.0102834	169.613	29.5022	30.1483
0.0459181	169.086	29.4207	30.2047
0.0900103	168.577	29.3417	30.2596
0.123328	168.08	29.2635	30.3131
0.157466	167.6	29.1873	30.3648
0.199683	167.079	29.1047	30.4208
0.230954	166.556	29.0222	30.4769
0.269121	166.071	28.9454	30.5295
0.300429	165.555	28.8638	30.5849
0.339703	165.031	28.7809	30.6413
0.366021	164.518	28.7006	30.6966
0.403977	164.035	28.6248	30.7483
0.430899	163.511	28.5424	30.8046
0.472712	163	28.462	30.8595
0.503775	162.481	28.3794	30.9156
0.546279	161.964	28.2984	30.9712
0.586518	161.493	28.2275	31.0221
0.622412	161.007	28.1538	31.0746
0.659701	160.528	28.079	31.1264
0.702973	160.056	28.0042	31.1775
0.75273	159.563	27.9267	31.2306
0.789571	159.083	27.851	31.2828
0.829554	158.606	27.7764	31.3346
0.866939	158.14	27.7036	31.3852
0.912718	157.639	27.6254	31.4392
0.951993	157.157	27.5494	31.4913
0.988009	156.663	27.4713	31.5446
1.02615	156.176	27.3945	31.5972
1.07386	155.697	27.3194	31.6492
1.10819	155.223	27.2457	31.7005
1.14154	154.744	27.1701	31.7522
1.17536	154.254	27.0929	31.8049
1.21781	153.736	27.012	31.8612
1.25083	153.227	26.9328	31.9164
1.29407	152.701	26.8483	31.9733
1.32727	152.218	26.7701	32.0252
1.36196	151.7	26.6873	32.0812
1.39049	151.232	26.6134	32.1316
1.42016	150.752	26.5368	32.1833
1.45207	150.279	26.4617	32.2342
1.47846	149.781	26.3828	32.2877
1.5087	149.299	26.3076	32.3397
1.53091	148.809	26.2324	32.3924
1.55565	148.286	26.1513	32.4487
1.57466	147.821	26.0791	32.4988
1.58833	147.348	26.0047	32.5496
1.59876	146.829	25.9253	32.6057
1.61022	146.355	25.8529	32.6567
1.6227	145.843	25.7741	32.7123
1.63066	145.336	25.6954	32.7671
1.63907	144.87	25.6234	32.8174
1.6504	144.404	25.5506	32.8677
1.65256	143.93	25.4751	32.9188
1.65879	143.404	25.3905	32.9755
1.66513	142.92	25.3134	33.0278
1.67244	142.45	25.2388	33.0784
1.6771	141.976	25.1639	33.1295
1.68269	141.506	25.0897	33.1801
1.68858	141.035	25.0156	33.2313
1.69585	140.532	24.9362	33.2853
1.70004	140.023	24.8568	33.3398
1.70591	139.522	24.78	33.3934
1.7086	139.037	24.7048	33.4455
1.70849	138.531	24.6263	33.4997
1.70787	138.048	24.5523	33.5516
1.7057	137.557	24.4777	33.6044
1.70136	137.059	24.4023	33.6582
1.69325	136.574	24.3287	33.7106
1.6867	136.092	24.2543	33.7623
1.67951	135.61	24.1793	33.8145
1.67071	135.102	24.1001	33.8688
1.65917	134.579	24.0178	33.9247
1.64783	134.109	23.9432	33.9747
1.63493	133.613	23.8645	34.0283
1.6179	133.113	23.7858	34.0818
1.60197	132.631	23.7093	34.1337
1.5862	132.124	23.6305	34.1877
1.56954	131.632	23.5532	34.2403
1.55532	131.118	23.4726	34.2948
1.53928	130.641	23.3973	34.3464
1.52436	130.16	23.3215	34.3977
1.50945	129.684	23.2459	34.4484
1.4913	129.195	23.1677	34.5007
1.47619	128.711	23.0901	34.5524
1.46063	128.229	23.0131	34.6038
1.44632	127.726	22.9333	34.6575
1.43009	127.237	22.8557	34.7098
1.41009	126.74	22.7765	34.7628
1.39319	126.249	22.6986	34.8156
1.37441	125.767	22.6227	34.8674
1.35615	125.292	22.5486	34.9185
1.3352	124.829	22.4776	34.9689
1.31551	124.327	22.402	35.023
1.29641	123.822	22.324	35.0778
1.27545	123.351	22.2516	35.1285
1.24898	122.847	22.1741	35.1832
1.2257	122.334	22.0942	35.2391
1.20295	121.872	22.0232	35.2891
1.1776	121.402	21.9513	35.3399
1.15365	120.898	21.8725	35.3947
1.13021	120.416	21.7964	35.4465
1.1083	119.951	21.7245	35.4968
1.08605	119.478	21.6521	35.548
1.0626	119.004	21.5781	35.5991
1.04313	118.537	21.5038	35.6497
1.02401	118.049	21.4256	35.7022
1.00464	117.528	21.3426	35.7585
0.982107	117.067	21.2694	35.8086
0.95591	116.602	21.1954	35.8588
0.931535	116.128	21.1205	35.91
0.90865	115.616	21.0397	35.9654
0.8749	115.096	20.9575	36.0217
0.851599	114.587	20.8778	36.0767
0.821101	114.08	20.7993	36.1315
0.797081	113.614	20.7281	36.182
0.774544	113.097	20.6489	36.2378
0.748552	112.616	20.5746	36.2895
0.719204	112.108	20.4961	36.3448
0.691197	111.643	20.4236	36.3952
0.657582	111.126	20.3424	36.4509
0.629349	110.66	20.2696	36.5012
0.598408	110.171	20.1933	36.5538
0.567719	109.706	20.1202	36.6042
0.531298	109.185	20.0381	36.6602
0.501056	108.667	19.9566	36.7155
0.466047	108.133	19.873	36.7725
0.435888	107.637	19.7943	36.8255
0.408195	107.151	19.7168	36.8778
0.374823	106.662	19.639	36.9301
0.347298	106.182	19.5641	36.9815
0.319557	105.684	19.4876	37.0349
0.287202	105.152	19.4046	37.0917
0.262003	104.669	19.3278	37.1435
0.237576	104.196	19.254	37.1947
0.205094	103.671	19.1719	37.2508
0.17574	103.156	19.0898	37.3062
0.150117	102.667	19.011	37.3583
0.118088	102.148	18.9277	37.4138
0.0896427	101.655	18.8499	37.4668
0.0509088	101.144	18.7695	37.5216
0.0184283	100.639	18.6896	37.5759
-0.0182072	100.126	18.6105	37.631
-0.0486898	99.6232	18.5338	37.6853
-0.08157	99.1389	18.4595	37.7375
-0.120174	98.6227	18.3797	37.7935
-0.151155	98.1003	18.2973	37.8499
-0.192825	97.5973	18.2167	37.904
-0.22487	97.1358	18.1432	37.9541
-0.259801	96.6717	18.0699	38.005
-0.292327	96.1766	17.9918	38.0582
-0.333609	95.7017	17.9169	38.1095
-0.367985	95.2086	17.8404	38.1627
-0.400451	94.7243	17.7657	38.2152
-0.439711	94.2512	17.6922	38.2664
-0.478744	93.7788	17.6189	38.3174
-0.51963	93.2788	17.5413	38.3712
-0.556618	92.7922	17.4645	38.4236
-0.593756	92.2871	17.3842	38.4782
-0.63046	91.8232	17.3108	38.5282
-0.671824	91.3154	17.2301	38.5833
-0.704867	90.8037	17.1481	38.6387
-0.736861	90.343	17.075	38.689
-0.774236	89.8225	16.9924	38.7452
-0.804281	89.3583	16.9189	38.7953
-0.838467	88.8528	16.8402	38.85
-0.865886	88.3689	16.768	38.9029
-0.893402	87.8566	16.6939	38.9586
-0.927422	87.3636	16.6192	39.0116
-0.951186	86.8989	16.5462	39.0617
-0.974029	86.4292	16.471	39.1122
-0.995463	85.9593	16.3969	39.1629
-1.01569	85.4302	16.3139	39.2202
-1.03457	84.9639	16.2411	39.2705
-1.05825	84.4662	16.1636	39.3248
-1.07835	83.9602	16.0854	39.3797
-1.10275	83.4569	16.0054	39.4341
-1.12315	82.932	15.9229	39.4907
-1.14494	82.4274	15.8439	39.5453
-1.16111	81.9579	15.7695	39.5959
-1.17608	81.4925	15.6952	39.6461
-1.19506	80.977	15.614	39.7016
-1.2097	80.4933	15.5366	39.7535
-1.2234	80.0268	15.4622	39.8038
-1.23589	79.5527	15.3859	39.8547
-1.25001	79.0449	15.3046	39.9095
-1.26199	78.5368	15.224	39.9643
-1.27092	78.0085	15.1411	40.0213
-1.28216	77.4934	15.0602	40.0766
-1.29183	77.0275	14.9874	40.1269
-1.3003	76.5453	14.9125	40.179
-1.30837	76.0736	14.8385	40.2297
-1.31566	75.5958	14.7634	40.2813
-1.32293	75.0973	14.6847	40.3348
-1.32677	74.604	14.6087	40.3875
-1.32939	74.1006	14.5308	40.4415
-1.33187	73.6062	14.4546	40.4945
-1.33375	73.1008	14.3771	40.5486
-1.33394	72.5961	14.3001	40.6025
-1.33168	72.0774	14.222	40.6579
-1.3296	71.5714	14.1459	40.7119
-1.27908	71.1262	14.078	40.7657
-1.27628	70.6285	14.001	40.8189
-1.27409	70.1308	13.9222	40.8721
-1.27174	69.6438	13.8445	40.9244
-1.26613	69.1677	13.7707	40.9756
-1.25836	68.6958	13.6971	41.0263
-1.24604	68.2103	13.6174	41.0782
-1.22876	67.7302	13.5376	41.1296
-1.20752	67.2517	13.4597	41.1809
-1.17716	66.7303	13.3758	41.2371
-1.39986	66.3004	13.3089	41.2911
-1.35592	65.8273	13.2343	41.3423
-1.31434	65.3396	13.157	41.3949
-1.2722	64.8562	13.0813	41.4472
-1.22279	64.3828	13.0084	41.4988
-1.17713	63.9109	12.9358	41.5499
-1.13064	63.4477	12.8658	41.6001
-1.08518	62.9828	12.7959	41.6503
-1.02987	62.5079	12.7239	41.702
-0.987532	62.0302	12.6496	41.7535
-0.940524	61.5659	12.5773	41.8037
-0.895584	61.0639	12.4982	41.858
-0.845229	60.5458	12.416	41.9141
-0.79859	60.0477	12.3365	41.9679
-0.752748	59.5789	12.2622	42.0184
-0.691839	59.0601	12.1802	42.0745
-0.643191	58.5429	12.098	42.1304
-0.58396	58.0411	12.0196	42.1848
-0.538709	57.5473	11.9431	42.2381
-0.480716	57.0436	11.8637	42.2932
-0.435212	56.556	11.7863	42.3458
-0.382959	56.0383	11.7055	42.402
-0.341411	55.5226	11.626	42.4579
-0.298877	55.0511	11.5524	42.509
-0.245144	54.5489	11.4738	42.5633
-0.205551	54.0207	11.3915	42.6202
-0.155614	53.518	11.3131	42.675
-0.118447	53.0196	11.235	42.729
-0.0678639	52.5187	11.1559	42.7834
-0.0326339	52.0247	11.0779	42.8367
0.00396826	51.5401	11.002	42.8892
0.0397104	51.0723	10.929	42.9397
0.0786469	50.5816	10.8529	42.9929
0.114919	50.1144	10.78	43.0435
0.146965	49.6138	10.7017	43.0977
0.181572	49.1484	10.629	43.1484
0.213695	48.6705	10.5552	43.2001
0.258301	48.1631	10.4769	43.2553
0.291097	47.6597	10.399	43.3102
0.32481	47.1927	10.3259	43.361
0.364948	46.7155	10.251	43.413
0.394093	46.2217	10.1748	43.4669
0.437507	45.7201	10.0984	43.5217
0.471583	45.2277	10.0239	43.5753
0.510241	44.7638	9.9528	43.6256
0.544482	44.2888	9.87861	43.6769
0.580761	43.7971	9.80177	43.7301
0.620354	43.3038	9.72498	43.7832
0.652942	42.8182	9.64915	43.8354
0.684862	42.3085	9.56944	43.89
0.723602	41.8125	9.49119	43.9434
0.756031	41.288	9.4081	43.9996
0.790339	40.7682	9.32504	44.0552
0.820073	40.2731	9.24522	44.1084
0.847869	39.7691	9.16451	44.1625
0.877015	39.2519	9.08215	44.2178
0.898616	38.7577	9.00433	44.2708
0.919581	38.2869	8.9309	44.3215
0.939495	37.8231	8.8585	44.3715
0.962715	37.353	8.7849	44.4221
0.981699	36.8673	8.70792	44.4744
0.999051	36.3899	8.63256	44.5256
1.01674	35.8708	8.55138	44.5815
1.03534	35.4021	8.47803	44.6319
1.04882	34.9284	8.40319	44.683
1.05845	34.437	8.32478	44.7357
1.07227	33.9408	8.24598	44.789
1.08625	33.4395	8.16605	44.8427
1.09653	32.9725	8.09081	44.8933
1.10609	32.5074	8.01605	44.9435
1.11611	32.0242	7.93891	44.9956
1.12314	31.559	7.86409	45.0456
1.1272	31.0911	7.78865	45.096
1.13262	30.5845	7.70836	45.1512
1.13902	30.0761	7.62752	45.2064
1.14365	29.5753	7.54951	45.261
1.14833	29.1081	7.47723	45.3116
1.15389	28.6042	7.40007	45.366
1.15839	28.0791	7.31967	45.4228
1.16492	27.6106	7.24642	45.4738
1.16587	27.0946	7.16429	45.5295
1.16847	26.6227	7.08962	45.5802
1.17024	26.1528	7.01503	45.6309
1.17094	25.6785	6.93921	45.6819
1.17351	25.1577	6.85659	45.7382
1.16966	24.6525	6.77781	45.7928
1.1687	24.1819	6.70563	45.8433
1.17151	23.6663	6.63001	45.8988
1.16916	23.2024	6.56128	45.9488
1.16025	22.6958	6.48487	46.0035
1.15611	22.1947	6.40946	46.0576
1.14103	21.689	6.33161	46.1122
1.12662	21.1767	6.2506	46.1676
1.10352	20.6715	6.16891	46.2225
1.08223	20.2026	6.09253	46.2731
1.05714	19.7085	6.01374	46.327
1.033	19.2458	5.94141	46.3771
1.00171	18.7388	5.8621	46.432
0.973759	18.267	5.78806	46.4829
0.946338	17.7974	5.7152	46.5337
0.918284	17.2771	5.63436	46.5899
0.883016	16.7693	5.55381	46.645
0.850158	16.2556	5.47201	46.7004
0.810158	15.733	5.38858	46.7568
0.777833	15.2431	5.31088	46.8099
0.738178	14.7471	5.23315	46.8638
0.707926	14.2553	5.15643	46.9173
0.676175	13.7568	5.07832	46.9712
0.634297	13.2629	5.00102	47.0247
0.593312	12.7798	4.92496	47.0768
0.553297	12.284	4.84761	47.1302
0.510918	11.8118	4.77504	47.1814
0.456541	11.2797	4.69432	47.2385
0.414193	10.79	4.62025	47.2916
0.35787	10.262	4.54119	47.3484
0.311992	9.77435	4.46705	47.4018
0.256659	9.28315	4.39062	47.4552
0.206173	8.77684	4.31022	47.5101
0.153736	8.28525	4.23231	47.5631
0.0962358	7.77784	4.15202	47.6176
0.0447151	7.30187	4.07705	47.669
-0.00969434	6.81303	3.99919	47.7222
-0.0639994	6.3506	3.92479	47.7724
-0.118765	5.88713	3.84965	47.8229
-0.183861	5.36829	3.7656	47.8787
-0.240288	4.90184	3.69147	47.9292
-0.298284	4.43932	3.61915	47.9795
-0.354984	3.95924	3.54445	48.0315
-0.418771	3.47938	3.46921	48.0836
-0.470033	2.97039	3.3886	48.1384
-0.523394	2.45908	3.30773	48.1936
-0.590634	1.9885	3.23329	48.2449
-0.642833	1.51415	3.15792	48.2962
-0.694746	1.0298	3.08237	48.349
-0.751646	0.547779	3.00761	48.4015
-0.800664	0.0874602	2.93636	48.4517
-0.850035	-0.374513	2.86374	48.5021
-0.912082	-0.888932	2.78188	48.5583
-0.965003	-1.35481	2.70781	48.6091
-1.00956	-1.82076	2.63416	48.6597
-1.06564	-2.31518	2.55662	48.7142
-1.10665	-2.78051	2.48283	48.7648
-1.14693	-3.29313	2.40007	48.8209
-1.18805	-3.76547	2.3236	48.8721
-1.22809	-4.27474	2.24219	48.9275
-1.25746	-4.74167	2.16743	48.9782
-1.28828	-5.22298	2.08983	49.0301
-1.32358	-5.72598	2.01089	49.0845
-1.34755	-6.23697	1.93212	49.1399
-1.37124	-6.69935	1.86253	49.1899
-1.39807	-7.20171	1.78653	49.2444
-1.41735	-7.71003	1.70728	49.2995
-1.44076	-8.20727	1.6291	49.3538
-1.45591	-8.70956	1.54848	49.4082
-1.47211	-9.22186	1.46763	49.4632
-1.48742	-9.71736	1.38887	49.5175
-1.4986	-10.2287	1.3099	49.5727
-1.51092	-10.7462	1.23258	49.6284
-1.51821	-11.2406	1.15743	49.6824
-1.5225	-11.7098	1.08684	49.7328
-1.52678	-12.1737	1.01579	49.7829
-1.52944	-12.6895	0.938051	49.8385
-1.53165	-13.1924	0.860178	49.8925
-1.53388	-13.701	0.781094	49.9472
-1.5386	-14.2083	0.703095	50.0016
-1.54499	-14.7079	0.627465	50.0554
-1.55211	-15.2224	0.550195	50.1104
-1.55425	-15.7084	0.475864	50.163
-1.55407	-16.1971	0.400387	50.2161
-1.55232	-16.7092	0.320784	50.2715
-1.54745	-17.208	0.242805	50.3254
-1.5182	-17.645	0.175936	50.3785
-1.50586	-18.149	0.0998175	50.433
-1.49001	-18.6644	0.0215809	50.4885
-1.47574	-19.152	-0.0534683	50.5411
-1.45873	-19.6626	-0.130923	50.5954
-1.43617	-20.1874	-0.212635	50.6511
-1.41174	-20.6918	-0.292725	50.7049
-1.37674	-21.1866	-0.372681	50.7575
-1.34142	-21.6854	-0.452862	50.8108
-1.5706	-22.1107	-0.519441	50.8633
-1.52216	-22.5938	-0.596467	50.9152
-1.47862	-23.0863	-0.676585	50.968
-1.43103	-23.5527	-0.752262	51.0183
-1.38364	-24.0193	-0.826736	51.0686
-1.33065	-24.5002	-0.90302	51.1204
-1.2851	-24.9731	-0.978567	51.1714
-1.24008	-25.4479	-1.0538	51.2225
-1.18354	-25.9449	-1.13151	51.2759
-1.13799	-26.422	-1.20631	51.3272
-1.09131	-26.9231	-1.28568	51.3807
-1.04435	-27.4021	-1.36183	51.4323
-0.992848	-27.9027	-1.4402	51.4859
-0.942391	-28.4014	-1.51982	51.5394
-0.897549	-28.8822	-1.59665	51.591
-0.842568	-29.3835	-1.67675	51.6448
-0.793452	-29.8746	-1.75544	51.6976
-0.75013	-30.3505	-1.83196	51.7487
-0.695878	-30.8698	-1.91432	51.8051
-0.653351	-31.3774	-1.99454	51.8604
-0.609201	-31.8392	-2.06825	51.9107
-0.565985	-32.3432	-2.1479	51.9657
-0.531522	-32.818	-2.22152	52.0171
-0.492164	-33.2849	-2.29348	52.0679
-0.457582	-33.7943	-2.37332	52.1233
-0.411756	-34.2948	-2.45378	52.178
-0.377201	-34.7726	-2.53074	52.2298
-0.323571	-35.2846	-2.6103	52.2856
-0.27568	-35.7734	-2.68626	52.3386
-0.217254	-36.2798	-2.76646	52.394
-0.169541	-36.7872	-2.84873	52.4495
-0.115394	-37.2541	-2.92377	52.5004
-0.0552457	-37.7611	-3.00432	52.5555
-0.0128897	-38.2714	-3.0844	52.6112
0.0366408	-38.7444	-3.15744	52.6628
0.10012	-39.2314	-3.23261	52.7165
0.146176	-39.7247	-3.30856	52.7704
0.206479	-40.2174	-3.38513	52.8243
0.26237	-40.6977	-3.45976	52.8764
0.316859	-41.2115	-3.54043	52.9324
0.377329	-41.7005	-3.61807	52.9857
0.426491	-42.1774	-3.69314	53.0373
0.477332	-42.6486	-3.76667	53.0884
0.527273	-43.1615	-3.84733	53.1442
0.590748	-43.6346	-3.92207	53.1955
0.639447	-44.1473	-4.00306	53.2512
0.696252	-44.6608	-4.08463	53.3071
0.74216	-45.1341	-4.16014	53.3582
0.787236	-45.6485	-4.24139	53.414
0.839607	-46.145	-4.31987	53.4681
0.878142	-46.6337	-4.39818	53.5212
0.914568	-47.1179	-4.47481	53.574
0.954137	-47.5994	-4.55063	53.6265
0.988643	-48.0622	-4.62403	53.6766
1.01942	-48.5535	-4.70201	53.7299
1.056	-49.057	-4.78038	53.7849
1.07981	-49.5537	-4.85802	53.8388
1.11168	-50.0657	-4.93903	53.8943
1.12924	-50.5502	-5.01582	53.9463
1.15079	-51.0427	-5.09258	53.9995
1.16913	-51.5508	-5.16948	54.0541
1.19012	-52.0369	-5.24349	54.1066
1.20481	-52.5306	-5.32098	54.1598
1.21835	-53.0251	-5.39874	54.213
1.23607	-53.5144	-5.47475	54.2657
1.2469	-53.9894	-5.54838	54.3168
1.25688	-54.4715	-5.62238	54.3688
1.26677	-54.9959	-5.70281	54.4253
1.28043	-55.4724	-5.77687	54.4769
1.28984	-55.9363	-5.8479	54.527
1.29997	-56.4118	-5.92099	54.5782
1.30696	-56.8953	-5.99666	54.6301
1.31718	-57.3864	-6.07322	54.6829
1.32519	-57.8879	-6.1499	54.7368
1.33412	-58.3902	-6.22866	54.7907
1.34218	-58.8789	-6.30181	54.8428
1.34995	-59.3652	-6.3712	54.8945
1.35851	-59.8365	-6.43991	54.9453
1.35993	-60.3204	-6.5145	54.9972
1.35744	-60.7974	-6.59175	55.0486
1.35352	-61.2859	-6.67085	55.1008
1.34891	-61.8035	-6.75208	55.1564
1.33864	-62.3117	-6.833	55.2113
1.32777	-62.8224	-6.91736	55.2664
1.31794	-63.2982	-6.99412	55.3177
1.30768	-63.7689	-7.06766	55.3685
1.29605	-64.2859	-7.14859	55.4246
1.28271	-64.8015	-7.23289	55.4802
1.26869	-65.3293	-7.31863	55.5371
1.25595	-65.7989	-7.39533	55.5877
1.24204	-66.2686	-7.47161	55.6383
1.23095	-66.7383	-7.546	55.6888
1.21819	-67.2047	-7.61798	55.739
1.20852	-67.7153	-7.69709	55.7941
1.19478	-68.2272	-7.77712	55.8492
1.18275	-68.6931	-7.84983	55.8993
1.16972	-69.1978	-7.92769	55.9536
1.14974	-69.701	-8.00698	56.0078
1.12946	-70.1968	-8.08558	56.0612
1.10908	-70.708	-8.16683	56.1162
1.08995	-71.223	-8.24923	56.1716
1.06233	-71.7364	-8.33116	56.2268
1.03696	-72.2511	-8.41324	56.2819
1.00618	-72.7524	-8.49254	56.3361
0.981098	-73.222	-8.56616	56.3871
0.951792	-73.736	-8.64674	56.4426
0.921179	-74.2391	-8.72669	56.4971
0.893712	-74.751	-8.80846	56.5523
0.859988	-75.2557	-8.88803	56.6068
0.832663	-75.7617	-8.96649	56.6615
0.802743	-76.2684	-9.04527	56.7164
0.777897	-76.7745	-9.12263	56.7711
0.748266	-77.2553	-9.19641	56.8235
0.712508	-77.7421	-9.27203	56.8765
0.681808	-78.2257	-9.3472	56.9293
0.650792	-78.7204	-9.42416	56.9831
0.606058	-79.2234	-9.50223	57.0376
0.577419	-79.7148	-9.57805	57.091
0.543342	-80.1988	-9.65311	57.1437
0.502229	-80.701	-9.73046	57.1986
0.469416	-81.195	-9.80287	57.2524
0.434	-81.6662	-9.87477	57.3034
0.387621	-82.1809	-9.95547	57.3594
0.346189	-82.648	-10.0297	57.4099
0.311406	-83.1303	-10.1061	57.4617
0.270411	-83.6448	-10.1883	57.5168
0.218371	-84.1699	-10.2724	57.573
0.177948	-84.642	-10.3478	57.6239
0.136081	-85.1212	-10.4233	57.6754
0.0913745	-85.5883	-10.4951	57.7259
0.0366225	-86.0511	-10.5651	57.776
-0.00782825	-86.5243	-10.6375	57.8271
-0.0518683	-86.9978	-10.7123	57.8781
-0.0951985	-87.4908	-10.7912	57.931
-0.14848	-88.0049	-10.8731	57.9867
-0.192852	-88.4751	-10.9473	58.0374
-0.236111	-88.9677	-11.0262	58.0903
-0.289983	-89.468	-11.1061	58.1443
-0.343598	-89.9643	-11.1848	58.1978
-0.390162	-90.4432	-11.259	58.2497
-0.434444	-90.9131	-11.3315	58.3007
-0.482572	-91.4282	-11.4124	58.3563
-0.532248	-91.9268	-11.4889	58.4103
-0.573859	-92.4383	-11.5672	58.4661
-0.622234	-92.9545	-11.6487	58.5223
-0.67694	-93.4513	-11.729	58.5766
-0.718891	-93.9477	-11.8077	58.6313
-0.763141	-94.406	-11.88	58.6814
-0.806141	-94.8654	-11.9523	58.7315
-0.864846	-95.3751	-12.0318	58.7871
-0.906707	-95.88	-12.1101	58.8423
-0.945836	-96.3501	-12.1834	58.8931
-0.998665	-96.8586	-12.2629	58.9484
-1.04018	-97.3413	-12.3404	59.0007
-1.08802	-97.8457	-12.4204	59.0559
-1.13972	-98.3487	-12.4986	59.1107
-1.18283	-98.812	-12.5699	59.1614
-1.22592	-99.3042	-12.646	59.2153
-1.27678	-99.8149	-12.7241	59.2708
-1.31538	-100.301	-12.7964	59.3239
-1.36311	-100.795	-12.8698	59.3777
-1.39785	-101.296	-12.9463	59.4322
-1.44331	-101.808	-13.0274	59.4879
-1.47234	-102.3	-13.1053	59.5413
-1.50681	-102.811	-13.1862	59.5965
-1.53069	-103.326	-13.269	59.652
-1.5609	-103.807	-13.346	59.7039
-1.59026	-104.325	-13.4293	59.7598
-1.61017	-104.83	-13.5105	59.8146
-1.63698	-105.334	-13.5907	59.8694
-1.65431	-105.831	-13.6725	59.9233
-1.67446	-106.336	-13.7547	59.9779
-1.69097	-106.82	-13.8317	60.0303
-1.71066	-107.321	-13.9108	60.0842
-1.72663	-107.818	-13.99	60.1379
-1.73952	-108.3	-14.0661	60.1902
-1.75395	-108.776	-14.1434	60.242
-1.76548	-109.282	-14.2252	60.2966
-1.77606	-109.762	-14.301	60.3485
-1.78651	-110.253	-14.3745	60.4015
-1.79448	-110.718	-14.4449	60.4517
-1.80337	-111.224	-14.5244	60.5064
-1.62628	-111.727	-14.6086	60.5608
-1.68669	-112.185	-14.6799	60.616
-1.69614	-112.681	-14.7566	60.6702
-1.70575	-113.163	-14.8307	60.7225
-1.71495	-113.626	-14.9052	60.7739
-1.72617	-114.121	-14.9823	60.8273
-1.73509	-114.587	-15.0551	60.8774
-1.74358	-115.057	-15.1269	60.928
-1.75109	-115.529	-15.2	60.9788
-1.76187	-115.996	-15.2743	61.0292
-1.77568	-116.507	-15.355	61.0842
-1.78572	-116.988	-15.4275	61.1361
-1.79535	-117.472	-15.5	61.1881
-1.79958	-117.989	-15.5799	61.2437
-1.79979	-118.468	-15.6552	61.2951
-1.80001	-118.948	-15.7305	61.3468
-1.80029	-119.453	-15.8093	61.4008
-1.80048	-119.953	-15.8878	61.4543
-1.80031	-120.455	-15.9667	61.5081
-1.80009	-120.928	-16.0407	61.559
-1.79979	-121.395	-16.1135	61.6092
-1.79987	-121.861	-16.1867	61.6594
-1.80063	-122.377	-16.2678	61.7149
-1.80065	-122.861	-16.3434	61.7668
-1.80023	-123.336	-16.4177	61.8177
-1.80148	-123.853	-16.4998	61.8735
-1.80269	-124.322	-16.5683	61.9241
-1.79482	-124.828	-16.6481	61.9788
-1.78663	-125.324	-16.7252	62.0323
-1.77844	-125.831	-16.8053	62.087
-1.76804	-126.307	-16.8801	62.1381
-1.75773	-126.778	-16.9546	62.1889
-1.74913	-127.252	-17.0273	62.2396
-1.73619	-127.729	-17.1013	62.291
-1.7225	-128.244	-17.1816	62.3464
-1.70691	-128.749	-17.2609	62.401
-1.68955	-129.261	-17.3423	62.4563
-1.67113	-129.77	-17.4225	62.5112
-1.65481	-130.273	-17.5017	62.5657
-1.66474	-130.717	-17.5691	62.62
-1.64132	-131.206	-17.646	62.6729
-1.62077	-131.699	-17.7237	62.7263
-1.59948	-132.203	-17.8024	62.7808
-1.57404	-132.686	-17.8787	62.8333
-1.55223	-133.177	-17.9568	62.8867
-1.5307	-133.646	-18.0306	62.937
-1.50825	-134.152	-18.11	62.9916
-1.48156	-134.622	-18.1842	63.042
-1.45932	-135.132	-18.2653	63.0968
-1.64138	-135.581	-18.3354	63.1512
-1.61781	-136.09	-18.4168	63.2064
-1.58593	-136.581	-18.4944	63.2598
-1.56108	-137.074	-18.5726	63.3132
-1.53578	-137.554	-18.6476	63.3655
-1.49852	-138.047	-18.7243	63.419
-1.47059	-138.54	-18.801	63.4726
-1.43814	-139.029	-18.8776	63.5257
-1.4044	-139.508	-18.9532	63.5778
-1.37077	-139.999	-19.0307	63.6313
-1.34005	-140.498	-19.1097	63.6851
-1.29976	-140.98	-19.1856	63.738
-1.26966	-141.488	-19.2641	63.7928
-1.23721	-141.966	-19.3388	63.845
-1.19547	-142.476	-19.4198	63.9003
-1.16773	-142.99	-19.5011	63.9557
-1.13025	-143.486	-19.579	64.0094
-1.09787	-143.983	-19.6565	64.0631
-1.06572	-144.47	-19.7323	64.1161
-1.02287	-144.971	-19.8108	64.1705
-0.989064	-145.472	-19.89	64.2247
-0.948298	-145.962	-19.967	64.2778
-0.912614	-146.468	-20.0461	64.3326
-0.875653	-146.93	-20.1184	64.3826
-0.832489	-147.449	-20.1999	64.4386
-0.797409	-147.925	-20.2748	64.4899
-0.762047	-148.402	-20.3492	64.5414
-0.728396	-148.892	-20.4251	64.5943
-0.696046	-149.36	-20.4971	64.6447
-0.663133	-149.835	-20.5708	64.696
-0.62289	-150.333	-20.6484	64.7496
-0.590325	-150.821	-20.7246	64.802
-0.560054	-151.337	-20.8062	64.8575
-0.520625	-151.837	-20.885	64.9115
-0.491305	-152.31	-20.9595	64.9624
-0.463705	-152.795	-21.0357	65.0146
-0.434535	-153.299	-21.1159	65.0687
-0.399593	-153.792	-21.1948	65.1218
-0.368762	-154.307	-21.2771	65.1775
-0.332963	-154.771	-21.3503	65.2278
-0.309426	-155.236	-21.4232	65.278
-0.271574	-155.733	-21.5008	65.3321
-0.245064	-156.246	-21.5802	65.3871
-0.212024	-156.741	-21.6567	65.441
-0.182477	-157.232	-21.7325	65.4945
-0.155364	-157.695	-21.8038	65.5446
-0.123581	-158.195	-21.8809	65.5991
-0.0955809	-158.708	-21.9605	65.6545
-0.0593375	-159.216	-22.0392	65.7096
-0.0270173	-159.728	-22.1186	65.7652
0.0134042	-160.254	-22.2012	65.8225
0.0439831	-160.747	-22.2793	65.8758
0.0785202	-161.256	-22.3603	65.9316
0.106952	-161.769	-22.4421	65.9871
0.145708	-162.272	-22.5218	66.0419
0.178711	-162.751	-22.5973	66.0941
0.210174	-163.223	-22.6707	66.1458
0.249611	-163.729	-22.7498	66.2007
0.279008	-164.234	-22.8284	66.2554
0.321634	-164.727	-22.9052	66.3093
0.356704	-165.232	-22.9838	66.3641
0.399111	-165.746	-23.0643	66.42
0.432398	-166.256	-23.1452	66.4753
0.462904	-166.715	-23.2179	66.5255
0.498703	-167.214	-23.297	66.58
0.532874	-167.704	-23.3741	66.6332
0.567806	-168.165	-23.4462	66.6832
0.606949	-168.687	-23.5278	66.7397
0.636773	-169.176	-23.6047	66.7927
0.670494	-169.654	-23.6799	66.8449
0.703838	-170.132	-23.7544	66.8969
0.743228	-170.609	-23.8285	66.9488
0.771935	-171.124	-23.9083	67.0047
0.805996	-171.608	-23.9833	67.0574
0.840529	-172.102	-24.0607	67.1111
0.867919	-172.58	-24.1351	67.1632
0.893353	-173.082	-24.2136	67.2177
0.92847	-173.583	-24.2911	67.272
0.95311	-174.06	-24.3629	67.3234
0.979186	-174.556	-24.4377	67.3771
1.00934	-175.048	-24.5105	67.4307
1.03473	-175.535	-24.5813	67.4838
1.06372	-176.035	-24.6588	67.5381
1.09648	-176.521	-24.7381	67.5908
1.12304	-177.01	-24.8171	67.6438
1.14977	-177.489	-24.8946	67.6956
1.17422	-177.96	-24.9709	67.7469
1.20724	-178.483	-25.0542	67.8034
1.23344	-178.948	-25.1275	67.8539
1.25508	-179.415	-25.2003	67.9043
1.27058	-179.894	-25.2748	67.9556
1.28618	-180.39	-25.3528	68.0089
1.30274	-180.882	-25.4305	68.062
1.31108	-181.373	-25.5101	68.1148
1.32344	-181.863	-25.5835	68.167
1.34314	-182.345	-25.6509	68.2182
1.36229	-182.836	-25.7282	68.2701
1.37593	-183.328	-25.8108	68.3227
1.38786	-183.804	-25.8899	68.3737
1.39511	-184.282	-25.9691	68.4247
1.39496	-184.798	-26.0509	68.4799
1.38574	-185.305	-26.1248	68.5346
1.37339	-185.804	-26.1972	68.5887
1.35847	-186.284	-26.27	68.6402
1.33877	-186.786	-26.348	68.6946
1.32119	-187.29	-26.4277	68.7491
1.30025	-187.813	-26.5115	68.8052
1.28219	-188.281	-26.5872	68.8553
1.26471	-188.754	-26.6629	68.9059
1.24631	-189.243	-26.7409	68.9582
1.22525	-189.726	-26.8199	69.0099
1.20036	-190.241	-26.9063	69.0653
1.17442	-190.751	-26.9913	69.1203
1.14811	-191.272	-27.0787	69.1764
1.11906	-191.78	-27.1627	69.2319
1.10168	-192.271	-27.2433	69.2849
1.08446	-192.765	-27.3214	69.3385
1.06371	-193.252	-27.3955	69.3916
1.05128	-193.739	-27.4671	69.4445
1.03976	-194.234	-27.5426	69.4983
1.01688	-194.725	-27.6166	69.5517
1.00272	-195.23	-27.6905	69.6064
0.97766	-195.724	-27.7638	69.6601
0.952491	-196.194	-27.8352	69.711
0.927751	-196.679	-27.9101	69.7638
0.900317	-197.184	-27.9883	69.8188
0.865308	-197.676	-28.0653	69.8726
0.834148	-198.154	-28.1389	69.9247
0.802482	-198.655	-28.2163	69.979
0.764259	-199.159	-28.2944	70.0337
0.735728	-199.661	-28.3716	70.088
0.695056	-200.136	-28.448	70.1398
0.663426	-200.631	-28.5289	70.1934
0.631488	-201.1	-28.602	70.2443
0.597232	-201.579	-28.6778	70.2967
0.555743	-202.072	-28.7586	70.3502
0.525415	-202.592	-28.8402	70.4065
0.492863	-203.06	-28.9118	70.4576
0.45452	-203.525	-28.9878	70.5087
0.413227	-203.986	-29.067	70.5588
0.370718	-204.461	-29.1423	70.6108
0.336609	-204.944	-29.2146	70.6632
0.303904	-205.445	-29.2927	70.7177
0.251279	-205.932	-29.3688	70.7709
0.212161	-206.414	-29.4414	70.8235
0.172222	-206.88	-29.5111	70.8741
0.133919	-207.373	-29.5886	70.9275
0.0805725	-207.85	-29.6641	70.9795
0.0351485	-208.319	-29.7358	71.0308
-0.00977487	-208.791	-29.8098	71.0823
-0.0575453	-209.257	-29.8857	71.1331
-0.10629	-209.745	-29.9624	71.1858
-0.164938	-210.267	-30.0407	71.2423
-0.216704	-210.773	-30.1205	71.297
-0.278208	-211.283	-30.2032	71.3522
-0.329658	-211.798	-30.2835	71.4073
-0.378478	-212.283	-30.3615	71.4594
-0.444749	-212.789	-30.4476	71.514
-0.493411	-213.268	-30.5329	71.5655
-0.542144	-213.735	-30.6117	71.6159
-0.596398	-214.224	-30.6941	71.6687
-0.65668	-214.736	-30.7785	71.7238
-0.706975	-215.199	-30.8501	71.7744
-0.751925	-215.66	-30.9178	71.8245
-0.798369	-216.143	-30.9891	71.8776
-0.853003	-216.63	-31.0625	71.9315
-0.894047	-217.144	-31.1385	71.9873
-0.947454	-217.65	-31.2125	72.0434
-0.9898	-218.158	-31.2852	72.099
-1.05083	-218.653	-31.3606	72.1536
-1.09959	-219.153	-31.4378	72.2086
-1.15924	-219.66	-31.514	72.2644
-1.21017	-220.127	-31.5838	72.3153
-1.26333	-220.595	-31.656	72.3662
-1.32365	-221.11	-31.737	72.4224
-1.37292	-221.613	-31.8136	72.4774
-1.42765	-222.106	-31.8882	72.5314
-1.47758	-222.596	-31.962	72.5853
-1.5254	-223.096	-32.0384	72.6399
-1.5719	-223.579	-32.1095	72.6926
-1.61235	-224.065	-32.1798	72.7456
-1.65254	-224.569	-32.2558	72.8004
-1.68569	-225.064	-32.3313	72.8541
-1.71452	-225.543	-32.405	72.906
-1.74592	-226.039	-32.4825	72.9595
-1.77656	-226.55	-32.5638	73.0145
-1.79676	-227.017	-32.64	73.0647
-1.81442	-227.533	-32.7244	73.1203
-1.8384	-228.022	-32.803	73.1733
-1.85745	-228.509	-32.8825	73.2263
-1.87824	-228.98	-32.9599	73.2774
-1.89938	-229.475	-33.0386	73.3308
-1.91396	-229.95	-33.1103	73.3823
-1.92893	-230.441	-33.1841	73.4356
-1.94128	-230.934	-33.2612	73.489
-1.95087	-231.414	-33.3358	73.5413
-1.95764	-231.893	-33.406	73.5938
-1.96822	-232.38	-33.4766	73.6465
-1.97875	-232.857	-33.5497	73.6986
-1.98778	-233.335	-33.6253	73.7506
-1.99671	-233.844	-33.7064	73.8059
-2.00566	-234.321	-33.7799	73.8579
-2.01511	-234.785	-33.8516	73.9081
-2.02358	-235.285	-33.9294	73.9621
-2.0334	-235.771	-34.0059	74.015
-2.04059	-236.255	-34.0835	74.0672
-2.04613	-236.748	-34.1629	74.1204
-2.05067	-237.234	-34.241	74.1729
-2.05536	-237.706	-34.3161	74.2244
-2.06165	-238.195	-34.3931	74.2772
-2.06679	-238.671	-34.469	74.3286
-2.07172	-239.145	-34.5446	74.3799
-2.07172	-239.64	-34.6221	74.4332
-2.07172	-240.121	-34.6976	74.4853
-2.07172	-240.598	-34.7724	74.5369
-2.07172	-241.079	-34.8477	74.5889
-2.07172	-241.566	-34.924	74.6415
-2.07172	-242.054	-35.0005	74.6943
-2.07172	-242.558	-35.0795	74.7481
-2.07172	-243.057	-35.1577	74.8015
-2.07172	-243.556	-35.236	74.8549
-2.07172	-244.026	-35.3095	74.9055
-2.07172	-244.542	-35.3904	74.961
-2.07172	-245.021	-35.4655	75.0123
-2.07172	-245.524	-35.5443	75.0666
-2.07172	-245.992	-35.6177	75.1169
-2.07172	-246.516	-35.6999	75.1732
-2.06927	-247.014	-35.7783	75.2266
-2.05653	-247.535	-35.8606	75.2829
-2.03786	-248.04	-35.9406	75.3375
-2.01908	-248.54	-36.02	75.3917
-1.98352	-248.991	-36.0918	75.446
-1.95969	-249.469	-36.1672	75.4977
-1.93426	-249.936	-36.2404	75.548
-1.90706	-250.406	-36.3132	75.5987
-1.87813	-250.88	-36.3867	75.6498
-1.84602	-251.345	-36.4596	75.6999
-1.80428	-251.859	-36.5412	75.7554
-1.76704	-252.375	-36.623	75.8107
-1.72783	-252.885	-36.7053	75.8654
-1.92981	-253.33	-36.7779	75.9193
-1.88204	-253.845	-36.8602	75.9747
-1.83467	-254.333	-36.939	76.0275
-1.78862	-254.831	-37.019	76.0811
-1.74247	-255.352	-37.1029	76.1371
-1.70029	-255.84	-37.1809	76.19
-1.64817	-256.332	-37.2599	76.2432
-1.60395	-256.842	-37.3417	76.2982
-1.54993	-257.336	-37.4204	76.3518
-1.50827	-257.851	-37.5024	76.4073
-1.46195	-258.349	-37.5804	76.4615
-1.4052	-258.845	-37.6566	76.5159
-1.36328	-259.334	-37.7315	76.5689
-1.30685	-259.812	-37.8045	76.6214
-1.26243	-260.317	-37.8823	76.6762
-1.2218	-260.792	-37.9562	76.7281
-1.17392	-261.28	-38.0319	76.7814
-1.13059	-261.756	-38.1061	76.8333
-1.09054	-262.23	-38.181	76.885
-1.05047	-262.708	-38.2561	76.9369
-1.00354	-263.196	-38.3326	76.9903
-0.954979	-263.682	-38.4099	77.043
-0.90677	-264.172	-38.4881	77.0969
-0.865723	-264.651	-38.5633	77.1493
-0.815552	-265.131	-38.6389	77.2014
-0.772845	-265.641	-38.7194	77.2569
-0.726812	-266.131	-38.7942	77.3103
-0.682806	-266.598	-38.8623	77.3609
-0.629151	-267.095	-38.9351	77.4155
-0.593792	-267.566	-39.0039	77.4672
-0.547338	-268.063	-39.0792	77.5217
-0.501806	-268.566	-39.1544	77.5766
-0.464387	-269.05	-39.228	77.6294
-0.429836	-269.526	-39.302	77.6812
-0.384524	-270.005	-39.3778	77.7336
-0.351344	-270.466	-39.4515	77.7839
-0.315902	-270.932	-39.5266	77.8347
-0.279347	-271.435	-39.6078	77.889
-0.241317	-271.911	-39.6849	77.9411
-0.204483	-272.37	-39.7589	77.9913
-0.157518	-272.842	-39.8342	78.0427
-0.120277	-273.328	-39.9112	78.0957
-0.0772114	-273.797	-39.9854	78.147
-0.0342293	-274.306	-40.0653	78.2017
0.00815658	-274.805	-40.143	78.2556
0.0438468	-275.273	-40.2155	78.3062
0.0782383	-275.761	-40.2912	78.359
0.117789	-276.274	-40.3711	78.4141
0.146681	-276.755	-40.4464	78.4659
0.175312	-277.221	-40.5202	78.5163
0.204389	-277.682	-40.5933	78.5665
0.229529	-278.199	-40.6746	78.6223
0.260222	-278.678	-40.7499	78.6746
0.284921	-279.157	-40.8245	78.7263
0.306747	-279.645	-40.901	78.7789
0.325534	-280.14	-40.9788	78.8325
0.346863	-280.607	-41.0528	78.8828
0.367624	-281.088	-41.1294	78.9346
0.382441	-281.562	-41.2048	78.9858
0.395995	-282.067	-41.2841	79.0399
0.409032	-282.532	-41.3551	79.09
0.425469	-283.046	-41.4346	79.1457
0.441374	-283.516	-41.5078	79.1964
0.459993	-284.017	-41.5875	79.2501
0.479486	-284.533	-41.6704	79.3057
0.498056	-285.028	-41.748	79.3592
0.517623	-285.517	-41.8227	79.4122
0.534116	-286.002	-41.8975	79.4649
0.545436	-286.512	-41.9773	79.52
0.562718	-287.027	-42.0573	79.5758
0.572907	-287.518	-42.1334	79.6289
0.583747	-287.998	-42.209	79.6812
0.596727	-288.462	-42.2832	79.7313
0.612735	-288.943	-42.36	79.7835
0.619339	-289.464	-42.4426	79.8397
0.631666	-289.972	-42.523	79.8945
0.634574	-290.474	-42.6028	79.9488
0.639892	-290.961	-42.6821	80.0017
0.655854	-291.47	-42.7673	80.0569
0.677666	-291.959	-42.846	80.1104
0.705046	-292.435	-42.9191	80.1621
0.731448	-292.918	-42.9916	80.2143
0.757493	-293.392	-43.062	80.2657
0.783769	-293.869	-43.1328	80.3175
0.807478	-294.364	-43.2088	80.3712
0.834227	-294.856	-43.2851	80.4243
0.855916	-295.343	-43.3601	80.477
0.874842	-295.811	-43.434	80.5277
0.896599	-296.28	-43.5086	80.5778
0.915864	-296.769	-43.5864	80.6306
0.939728	-297.275	-43.6659	80.6853
0.954365	-297.768	-43.7428	80.7386
0.969308	-298.256	-43.8194	80.7913
0.984612	-298.741	-43.8952	80.8437
0.996595	-299.227	-43.9711	80.8966
1.0113	-299.707	-44.048	80.9489
1.02414	-300.185	-44.1204	81.0002
1.03811	-300.656	-44.1884	81.0509
1.04995	-301.13	-44.2598	81.102
1.05723	-301.616	-44.3392	81.1544
1.05805	-302.098	-44.4187	81.2064
1.05564	-302.58	-44.4978	81.2585
1.04972	-303.066	-44.5727	81.3113
1.03888	-303.526	-44.6431	81.3617
1.0273	-304.018	-44.7208	81.4153
1.01615	-304.503	-44.797	81.468
1.00806	-304.996	-44.8725	81.5218
0.998397	-305.48	-44.9474	81.5744
0.985549	-305.98	-45.0277	81.6286
0.975758	-306.454	-45.1036	81.6795
0.966323	-306.94	-45.1793	81.732
0.956966	-307.463	-45.2609	81.7885
0.947236	-307.979	-45.3436	81.8443
0.934789	-308.48	-45.4242	81.8984
0.925551	-308.998	-45.5067	81.9545
0.915679	-309.516	-45.5884	82.01
0.907322	-310.022	-45.6675	82.0646
0.898745	-310.495	-45.7408	82.1154
0.892499	-311.008	-45.8213	82.1708
0.886068	-311.483	-45.8983	82.2222
0.879056	-311.963	-45.9752	82.2735
0.865555	-312.471	-46.0533	82.3275
0.857729	-313	-46.1334	82.3841
0.849992	-313.468	-46.204	82.4344
0.84332	-313.985	-46.2813	82.49
0.837434	-314.456	-46.3537	82.5405
0.826366	-314.926	-46.4268	82.5912
0.810856	-315.387	-46.4992	82.6413
0.790821	-315.882	-46.5765	82.695
0.774212	-316.372	-46.6544	82.748
0.754688	-316.857	-46.7318	82.8005
0.7286	-317.376	-46.8146	82.8566
0.705363	-317.866	-46.8917	82.9097
0.679378	-318.365	-46.969	82.9637
0.656342	-318.852	-47.0451	83.0167
0.633318	-319.317	-47.1184	83.067
0.609414	-319.798	-47.1955	83.1191
0.580406	-320.318	-47.2787	83.1753
0.553089	-320.804	-47.3572	83.2284
0.527134	-321.313	-47.4385	83.2832
0.503016	-321.827	-47.5207	83.3385
0.481592	-322.302	-47.5966	83.3894
0.461732	-322.788	-47.6741	83.442
0.44035	-323.277	-47.7517	83.4949
0.422369	-323.753	-47.8279	83.5465
0.404713	-324.229	-47.9044	83.5979
0.388252	-324.697	-47.9784	83.6489
0.375826	-325.211	-48.0586	83.7043
0.357874	-325.701	-48.1352	83.7573
0.343042	-326.175	-48.2091	83.8085
0.330481	-326.647	-48.2827	83.8598
0.317576	-327.111	-48.3559	83.91
0.30453	-327.602	-48.4342	83.9632
0.286751	-328.081	-48.5105	84.0144
0.274703	-328.578	-48.5884	84.0683
0.262227	-329.059	-48.6632	84.1204
0.249102	-329.551	-48.74	84.1736
0.237207	-330.024	-48.8141	84.2244
0.224082	-330.518	-48.892	84.2778
0.21166	-330.985	-48.9653	84.3287
0.201375	-331.469	-49.0405	84.3813
0.192233	-331.934	-49.1123	84.4315
0.183366	-332.401	-49.1845	84.4821
0.171404	-332.905	-49.2627	84.5365
0.162404	-333.407	-49.3393	84.5906
0.15416	-333.87	-49.4102	84.641
0.143729	-334.34	-49.483	84.6918
0.132084	-334.846	-49.5627	84.7463
0.119005	-335.326	-49.6391	84.7982
0.10614	-335.793	-49.7129	84.8483
0.0940683	-336.285	-49.7902	84.9014
0.0795541	-336.769	-49.8663	84.9539
0.0620331	-337.256	-49.9432	85.0066
0.0481116	-337.77	-50.024	85.0623
0.0302276	-338.268	-50.1023	85.1157
0.0172696	-338.752	-50.1785	85.1676
0.00231226	-339.221	-50.2521	85.2182
-0.0105993	-339.727	-50.3309	85.2727
-0.0308877	-340.239	-50.4105	85.328
-0.0464682	-340.749	-50.4899	85.383
-0.0685841	-341.232	-50.5654	85.435
-0.0871533	-341.724	-50.6427	85.4886
-0.110989	-342.197	-50.7173	85.5397
-0.13752	-342.708	-50.7983	85.5949
-0.162906	-343.186	-50.8739	85.6463
-0.189998	-343.699	-50.9552	85.7012
-0.221842	-344.224	-51.0378	85.7578
-0.252956	-344.725	-51.1171	85.8121
-0.289125	-345.223	-51.1959	85.8655
-0.319375	-345.715	-51.2734	85.9184
-0.352781	-346.232	-51.354	85.9742
-0.388734	-346.695	-51.4262	86.0243
-0.425622	-347.187	-51.5024	86.0776
-0.460198	-347.678	-51.5774	86.1307
-0.503112	-348.182	-51.6545	86.1851
-0.534549	-348.692	-51.7322	86.2402
-0.570481	-349.17	-51.8054	86.2924
-0.610952	-349.65	-51.8797	86.3444
-0.64645	-350.131	-51.9552	86.3963
-0.682237	-350.623	-52.0337	86.4493
-0.717108	-351.089	-52.1082	86.4994
-0.748707	-351.581	-52.1868	86.5524
-0.791307	-352.079	-52.2659	86.6065
-0.82249	-352.587	-52.3455	86.6613
-0.859253	-353.086	-52.4232	86.7155
-0.889652	-353.593	-52.5027	86.7704
-0.922072	-354.063	-52.5768	86.8216
-0.951305	-354.532	-52.6507	86.8728
-0.980309	-355.014	-52.7262	86.9252
-1.01853	-355.497	-52.8012	86.9782
-1.04578	-355.965	-52.8726	87.0294
-1.07416	-356.455	-52.9464	87.0829
-1.11299	-356.935	-53.0187	87.1352
-1.13846	-357.432	-53.0941	87.189
-1.16728	-357.932	-53.1714	87.2433
-1.20358	-358.435	-53.2499	87.2977
-1.22758	-358.935	-53.329	87.352
-1.2585	-359.422	-53.4071	87.4051
-1.29261	-359.891	-53.4826	87.4564
-1.32015	-360.377	-53.5615	87.5092
-1.3461	-360.851	-53.6372	87.5606
-1.37134	-361.329	-53.7128	87.6123
-1.39575	-361.793	-53.7856	87.6631
-1.42009	-362.264	-53.8594	87.7143
-1.44902	-362.739	-53.9338	87.7661
-1.46859	-363.222	-54.0092	87.819
-1.49038	-363.702	-54.0835	87.8711
-1.50906	-364.175	-54.1575	87.9225
-1.53207	-364.671	-54.2363	87.9762
-1.54596	-365.156	-54.314	88.0289
-1.5606	-365.656	-54.393	88.0828
-1.57833	-366.139	-54.4695	88.1355
-1.59128	-366.631	-54.5475	88.1888
-1.60198	-367.097	-54.6218	88.2394
-1.61182	-367.562	-54.6959	88.2902
-1.62265	-368.044	-54.7725	88.3426
-1.63068	-368.507	-54.8446	88.3934
-1.63996	-368.983	-54.9179	88.4451
-1.64597	-369.444	-54.9893	88.4955
-1.64956	-369.94	-55.0663	88.5495
-1.65322	-370.46	-55.1459	88.6056
-1.65655	-370.97	-55.2246	88.6606
-1.6611	-371.475	-55.303	88.7151
-1.6649	-371.939	-55.3755	88.7654
-1.66861	-372.407	-55.4489	88.8161
-1.67213	-372.875	-55.5222	88.8668
-1.67318	-373.357	-55.5978	88.9191
-1.6758	-373.832	-55.6717	88.9707
-1.67494	-374.304	-55.7448	89.022
-1.66962	-374.806	-55.8209	89.0768
-1.66297	-375.269	-55.8903	89.1268
-1.6559	-375.733	-55.9602	89.177
-1.64512	-376.23	-56.0361	89.2309
-1.62474	-376.748	-56.1158	89.287
-1.60413	-377.243	-56.1932	89.3407
-1.57876	-377.741	-56.2728	89.3946
-1.54311	-378.253	-56.3552	89.4498
-1.51409	-378.755	-56.435	89.504
-1.47072	-379.241	-56.5114	89.5568
-1.43645	-379.748	-56.5906	89.6117
-1.3904	-380.249	-56.6689	89.6661
-1.35015	-380.776	-56.7518	89.7232
-1.30241	-381.287	-56.8318	89.7784
-1.25801	-381.8	-56.9129	89.8337
-1.20232	-382.315	-56.9943	89.8894
-1.15455	-382.805	-57.0719	89.9425
-1.09979	-383.309	-57.1514	89.9968
-1.04988	-383.811	-57.2307	90.051
-0.999094	-384.319	-57.3095	90.1059
-0.94137	-384.801	-57.3836	90.1587
-0.891371	-385.27	-57.4564	90.21
-0.842383	-385.741	-57.5304	90.2616
-0.79182	-386.216	-57.604	90.3137
-0.739216	-386.689	-57.6768	90.3657
-0.694932	-387.176	-57.7535	90.4189
-0.649678	-387.667	-57.8323	90.4722
-0.604717	-388.133	-57.9069	90.5233
-0.553381	-388.64	-57.9873	90.5782
-0.50886	-389.118	-58.0638	90.6303
-0.471093	-389.592	-58.1395	90.6814
-0.428097	-390.074	-58.2165	90.7339
-0.372481	-390.56	-58.2942	90.7868
-0.334497	-391.052	-58.3713	90.8403
-0.294214	-391.522	-58.4432	90.8916
-0.252517	-392.012	-58.5171	90.9452
-0.201615	-392.486	-58.5887	90.9973
-0.161319	-392.965	-58.6621	91.0497
-0.127377	-393.426	-58.7332	91.1004
-0.0862492	-393.882	-58.8051	91.1507
-0.0478157	-394.383	-58.8857	91.2058
-0.00562131	-394.858	-58.9622	91.2576
0.0320472	-395.317	-59.0355	91.3079
0.0716734	-395.789	-59.1108	91.3596
0.113304	-396.267	-59.1857	91.4117
0.154797	-396.734	-59.2577	91.4627
0.203676	-397.242	-59.3369	91.5179
0.241662	-397.744	-59.4151	91.5723
0.281879	-398.22	-59.4881	91.6243
0.325712	-398.704	-59.562	91.6769
0.365441	-399.17	-59.6343	91.7271
0.400896	-399.655	-59.711	91.7796
0.433936	-400.129	-59.7864	91.8308
0.464862	-400.596	-59.8601	91.8816
0.49194	-401.054	-59.9321	91.9317
0.523581	-401.559	-60.0121	91.9869
0.545223	-402.036	-60.0876	92.0382
0.567375	-402.511	-60.1627	92.0893
0.590318	-402.984	-60.237	92.1405
0.610504	-403.489	-60.3173	92.1952
0.636363	-403.974	-60.3949	92.2473
0.654042	-404.45	-60.4709	92.2984
0.667997	-404.939	-60.5486	92.3509
0.683415	-405.431	-60.6267	92.4039
0.698137	-405.899	-60.7006	92.4544
0.713998	-406.363	-60.7744	92.5044
0.728496	-406.846	-60.8503	92.5563
0.744142	-407.311	-60.9229	92.6067
0.763447	-407.815	-61.0016	92.6614
0.776689	-408.308	-61.0795	92.7152
0.793018	-408.793	-61.1578	92.7677
0.804148	-409.301	-61.2392	92.8229
0.818252	-409.816	-61.3182	92.8786
0.828018	-410.318	-61.3947	92.9329
0.83849	-410.816	-61.4708	92.9868
0.850661	-411.309	-61.5458	93.0402
0.860708	-411.816	-61.6219	93.0951
0.871165	-412.287	-61.6929	93.146
0.882558	-412.762	-61.765	93.1974
0.888204	-413.258	-61.8392	93.2515
0.895637	-413.747	-61.9151	93.3046
0.905258	-414.262	-61.9981	93.3603
0.911709	-414.751	-62.0808	93.4131
0.918079	-415.234	-62.1598	93.4656
0.925762	-415.711	-62.2335	93.5174
0.930186	-416.188	-62.3061	93.569
0.937986	-416.669	-62.3776	93.6209
0.942826	-417.161	-62.4501	93.6738
0.945865	-417.635	-62.5189	93.7249
0.948244	-418.127	-62.5952	93.7779
0.94799	-418.604	-62.6702	93.8293
0.949978	-419.093	-62.7458	93.8819
0.95041	-419.579	-62.8218	93.9341
0.948272	-420.075	-62.9006	93.9872
0.946506	-420.574	-62.9808	94.0407
0.944924	-421.048	-63.0569	94.0916
0.939716	-421.528	-63.1341	94.1431
0.935086	-422.017	-63.2138	94.1956
0.926345	-422.511	-63.2954	94.2489
0.921639	-422.979	-63.3722	94.2993
0.916199	-423.449	-63.4491	94.3501
0.911945	-423.92	-63.5249	94.4008
0.909329	-424.442	-63.6087	94.4571
0.905462	-424.921	-63.6845	94.5088
0.903486	-425.385	-63.7568	94.559
0.903821	-425.873	-63.8327	94.6116
0.903739	-426.34	-63.9065	94.6623
0.904375	-426.823	-63.9817	94.7143
0.906406	-427.297	-64.0562	94.7656
0.906658	-427.78	-64.1326	94.8178
0.91055	-428.278	-64.2111	94.8718
0.912512	-428.755	-64.2848	94.9236
0.914932	-429.233	-64.3575	94.9752
0.915943	-429.713	-64.4309	95.0274
0.917002	-430.189	-64.5056	95.0791
0.916874	-430.654	-64.5788	95.1294
0.915739	-431.155	-64.6577	95.1839
0.916086	-431.617	-64.7305	95.2342
0.915331	-432.08	-64.8037	95.2843
0.913737	-432.542	-64.8773	95.3348
0.915158	-433.002	-64.9501	95.385
0.920268	-433.497	-65.0276	95.4384
0.917985	-434.005	-65.1056	95.4933
0.921424	-434.473	-65.1772	95.5437
0.927655	-434.955	-65.2532	95.5954
0.938593	-435.423	-65.3273	95.6459
0.952496	-435.901	-65.4032	95.6972
0.972789	-436.378	-65.4777	95.7484
0.990822	-436.888	-65.5552	95.8038
1.00382	-437.366	-65.6297	95.8553
1.02114	-437.85	-65.705	95.9074
1.04631	-438.363	-65.7769	95.963
1.06976	-438.846	-65.8416	96.0153
1.08985	-439.331	-65.9116	96.0677
1.10559	-439.823	-65.9855	96.1206
1.12244	-440.333	-66.0622	96.1753
1.13245	-440.823	-66.137	96.2282
1.13605	-441.335	-66.2167	96.284
1.13563	-441.834	-66.2967	96.338
1.12977	-442.341	-66.3818	96.3929
1.1199	-442.854	-66.4677	96.448
1.10801	-443.319	-66.5468	96.4982
1.09289	-443.829	-66.6324	96.5535
1.07717	-444.352	-66.718	96.61
1.05803	-444.852	-66.7989	96.6642
1.04176	-445.342	-66.8765	96.7174
1.02285	-445.846	-66.9546	96.7721
1.00822	-446.316	-67.0249	96.8233
0.993987	-446.802	-67.0994	96.8762
0.979191	-447.286	-67.175	96.9287
0.961906	-447.776	-67.2512	96.9823
0.947455	-448.26	-67.329	97.0353
0.932937	-448.755	-67.4097	97.0891
0.921455	-449.243	-67.4892	97.1418
0.91004	-449.724	-67.5663	97.1938
0.901059	-450.227	-67.647	97.2477
0.8945	-450.718	-67.726	97.3004
0.890287	-451.222	-67.8069	97.3545
0.88551	-451.699	-67.8824	97.4059
0.882028	-452.178	-67.9572	97.4577
0.878905	-452.673	-68.0354	97.5111
0.876997	-453.158	-68.1114	97.5633
0.873361	-453.648	-68.1881	97.6163
0.868777	-454.124	-68.264	97.6676
0.862213	-454.593	-68.3387	97.7186
0.858287	-455.07	-68.4135	97.7703
0.853513	-455.556	-68.4897	97.8229
0.848015	-456.033	-68.5649	97.8745
0.841326	-456.524	-68.6421	97.9275
0.831125	-457.012	-68.7189	97.98
0.820723	-457.498	-68.7957	98.0326
0.815066	-457.984	-68.8714	98.0849
0.805999	-458.487	-68.9491	98.1391
0.795623	-458.994	-69.0276	98.194
0.783321	-459.49	-69.1041	98.2476
0.766033	-459.995	-69.1825	98.3021
0.751886	-460.511	-69.2627	98.3576
0.734131	-461.032	-69.3447	98.4135
0.719905	-461.517	-69.4208	98.4661
0.697181	-462.013	-69.4987	98.5198
0.677677	-462.499	-69.5756	98.5724
0.656535	-462.991	-69.6537	98.6255
0.631594	-463.481	-69.7306	98.6787
0.606395	-463.98	-69.8088	98.7328
0.583632	-464.468	-69.8854	98.7856
0.552327	-464.961	-69.9625	98.8391
0.526299	-465.437	-70.0374	98.8902
0.497805	-465.93	-70.1161	98.9435
0.46931	-466.448	-70.198	98.9992
0.433577	-466.96	-70.2784	99.0541
0.405391	-467.441	-70.3539	99.1058
0.376237	-467.938	-70.4313	99.1593
0.343851	-468.458	-70.5117	99.2151
0.309349	-468.985	-70.5939	99.2716
0.279686	-469.491	-70.6739	99.326
0.251262	-469.971	-70.749	99.3779
0.215241	-470.458	-70.8253	99.4301
0.188847	-470.936	-70.9004	99.4818
0.159701	-471.456	-70.9818	99.5374
0.121329	-471.971	-71.0625	99.5925
0.0890317	-472.457	-71.1388	99.6449
0.0556046	-472.958	-71.2178	99.6986
0.0162934	-473.432	-71.2931	99.7499
-0.014896	-473.954	-71.3763	99.8062
-0.0445985	-474.447	-71.4539	99.8593
-0.0865161	-474.919	-71.5282	99.91
-0.122579	-475.39	-71.6025	99.9613
-0.156038	-475.873	-71.6778	100.013
-0.186395	-476.349	-71.7515	100.064
-0.228285	-476.872	-71.8334	100.121
-0.260652	-477.368	-71.9106	100.175
-0.302375	-477.871	-71.989	100.229
-0.338745	-478.367	-72.0665	100.283
-0.374214	-478.887	-72.1493	100.339
-0.410163	-479.364	-72.225	100.39
-0.45294	-479.859	-72.3024	100.444
-0.489581	-480.349	-72.3787	100.497
-0.527248	-480.82	-72.453	100.548
-0.575684	-481.327	-72.5336	100.603
-0.618113	-481.802	-72.6093	100.654
-0.663943	-482.318	-72.6912	100.71
-0.704378	-482.83	-72.7731	100.765
-0.748933	-483.346	-72.8548	100.821
-0.784896	-483.811	-72.9272	100.871
-0.821648	-484.274	-72.9995	100.921
-0.857128	-484.791	-73.081	100.977
-0.897548	-485.303	-73.1619	101.033
-0.932411	-485.772	-73.2348	101.083
-0.96633	-486.244	-73.3068	101.134
-0.998483	-486.717	-73.3785	101.185
-1.02987	-487.195	-73.4514	101.237
-1.0574	-487.664	-73.5238	101.288
-1.08309	-488.131	-73.5965	101.338
-1.10693	-488.601	-73.6696	101.389
-1.13975	-489.105	-73.7485	101.444
-1.16649	-489.567	-73.8205	101.494
-1.20267	-490.083	-73.9015	101.55
-1.22987	-490.605	-73.9835	101.606
-1.26347	-491.122	-74.0647	101.662
-1.29383	-491.64	-74.145	101.718
-1.32723	-492.162	-74.2252	101.774
-1.36398	-492.674	-74.3048	101.829
-1.39374	-493.169	-74.3834	101.883
-1.42081	-493.671	-74.4633	101.938
-1.45428	-494.158	-74.5398	101.991
-1.4757	-494.643	-74.6151	102.044
-1.49746	-495.131	-74.6905	102.097
-1.51854	-495.611	-74.7657	102.149
-1.54224	-496.107	-74.843	102.202
-1.5576	-496.601	-74.9198	102.256
-1.57494	-497.084	-74.9961	102.308
-1.58926	-497.56	-75.0727	102.359
-1.60751	-498.043	-75.149	102.411
-1.6216	-498.521	-75.2226	102.462
-1.6362	-498.997	-75.2959	102.513
-1.64815	-499.469	-75.3696	102.564
-1.6583	-499.936	-75.4431	102.614
-1.66399	-500.454	-75.5236	102.67
-1.67252	-500.966	-75.6041	102.725
-1.68291	-501.484	-75.687	102.781
-1.68723	-501.981	-75.7674	102.835
-1.69426	-502.491	-75.8478	102.89
-1.70212	-503.004	-75.9264	102.945
-1.71416	-503.522	-76.0059	103
-1.72517	-504.003	-76.0814	103.052
-1.73583	-504.487	-76.1579	103.104
-1.74356	-505.002	-76.2358	103.159
-1.75343	-505.503	-76.3119	103.214
-1.7606	-506.011	-76.3942	103.268
-1.7692	-506.525	-76.479	103.324
-1.7721	-506.988	-76.5506	103.374
-1.77655	-507.45	-76.6205	103.424
-1.78277	-507.946	-76.6965	103.478
-1.78926	-508.437	-76.7729	103.531
-1.79611	-508.959	-76.8561	103.587
-1.802	-509.469	-76.9361	103.642
-1.8062	-509.937	-77.0101	103.693
-1.80885	-510.41	-77.0875	103.744
-1.81474	-510.887	-77.1655	103.796
-1.81841	-511.362	-77.2406	103.846
-1.81914	-511.855	-77.3157	103.9
-1.818	-512.322	-77.3857	103.95
-1.82217	-512.842	-77.465	104.006
-1.82219	-513.33	-77.5395	104.059
-1.81808	-513.812	-77.6146	104.111
-1.81797	-514.278	-77.687	104.162
-1.82019	-514.77	-77.7614	104.216
-1.81691	-515.232	-77.8312	104.266
-1.80866	-515.744	-77.9102	104.322
-1.79844	-516.243	-77.989	104.377
-1.78122	-516.709	-78.0628	104.428
-1.76034	-517.178	-78.1367	104.479
-1.73772	-517.641	-78.2097	104.529
-1.70884	-518.109	-78.2843	104.58
-1.68245	-518.608	-78.3641	104.634
-1.65765	-519.102	-78.4439	104.688
-1.62705	-519.589	-78.5216	104.74
-1.60422	-520.1	-78.6002	104.796
-1.57961	-520.59	-78.674	104.849
-1.54763	-521.07	-78.7468	104.901
-1.51863	-521.566	-78.8237	104.954
-1.49137	-522.063	-78.9015	105.008
-1.46255	-522.537	-78.9744	105.059
-1.42551	-523.007	-79.0484	105.11
-1.39069	-523.515	-79.1271	105.165
-1.35848	-523.98	-79.1989	105.216
-1.32586	-524.45	-79.2752	105.267
-1.29695	-524.925	-79.352	105.318
-1.26899	-525.405	-79.4239	105.37
-1.23922	-525.892	-79.4974	105.423
-1.21616	-526.371	-79.5734	105.475
-1.19174	-526.848	-79.6497	105.526
-1.17131	-527.323	-79.7239	105.578
-1.15383	-527.788	-79.7962	105.628
-1.1325	-528.279	-79.8741	105.682
-1.11391	-528.74	-79.9493	105.732
-1.09595	-529.229	-80.0285	105.785
-1.07832	-529.752	-80.109	105.841
-1.05812	-530.258	-80.1866	105.896
-1.03958	-530.764	-80.2656	105.951
-1.02621	-531.271	-80.3451	106.006
-1.01298	-531.76	-80.4224	106.059
-0.994945	-532.276	-80.503	106.115
-0.981212	-532.794	-80.5852	106.171
-0.964184	-533.304	-80.667	106.226
-0.945794	-533.815	-80.7478	106.281
-0.929367	-534.283	-80.8211	106.332
-0.912475	-534.769	-80.8969	106.384
-0.892287	-535.275	-80.9775	106.438
-0.873638	-535.762	-81.0557	106.491
-0.852717	-536.248	-81.1334	106.543
-0.836223	-536.735	-81.2114	106.595
-0.819842	-537.226	-81.2914	106.648
-0.803843	-537.73	-81.3731	106.702
-0.783756	-538.236	-81.4529	106.756
-0.766419	-538.703	-81.5255	106.806
-0.745334	-539.193	-81.6002	106.859
-0.72239	-539.677	-81.6712	106.911
-0.704404	-540.161	-81.7415	106.964
-0.691608	-540.661	-81.8159	107.018
-0.676029	-541.148	-81.8933	107.07
-0.658992	-541.661	-81.9765	107.125
-0.650432	-542.125	-82.0513	107.175
-0.643632	-542.619	-82.1296	107.229
-0.630375	-543.115	-82.2069	107.283
-0.62663	-543.634	-82.2886	107.338
-0.612462	-544.134	-82.3679	107.392
-0.601204	-544.624	-82.4459	107.445
-0.593669	-545.121	-82.5253	107.499
-0.576718	-545.617	-82.6057	107.552
-0.56441	-546.108	-82.6863	107.606
-0.550166	-546.589	-82.7634	107.658
-0.532917	-547.052	-82.8368	107.708
-0.512035	-547.525	-82.9118	107.759
-0.492717	-547.997	-82.9882	107.811
-0.469853	-548.49	-83.0675	107.864
-0.452159	-548.959	-83.1429	107.915
-0.435875	-549.417	-83.2163	107.965
-0.420742	-549.905	-83.2952	108.017
-0.405421	-550.38	-83.3722	108.069
-0.386383	-550.877	-83.4519	108.122
-0.371972	-551.366	-83.5293	108.176
-0.356331	-551.83	-83.6021	108.226
-0.340109	-552.309	-83.6779	108.278
-0.325563	-552.807	-83.7572	108.332
-0.30922	-553.3	-83.8348	108.385
-0.296971	-553.781	-83.9095	108.437
-0.286369	-554.249	-83.9829	108.488
-0.275324	-554.715	-84.0573	108.538
-0.262764	-555.227	-84.1387	108.594
-0.25245	-555.695	-84.213	108.645
-0.242307	-556.183	-84.2913	108.697
-0.23283	-556.674	-84.3705	108.75
-0.224009	-557.143	-84.4458	108.801
-0.21483	-557.629	-84.5232	108.853
-0.208452	-558.138	-84.6025	108.909
-0.203018	-558.619	-84.6773	108.96
-0.198763	-559.102	-84.7523	109.013
-0.195172	-559.576	-84.8248	109.064
-0.190326	-560.057	-84.8979	109.116
-0.188724	-560.565	-84.9751	109.171
-0.188613	-561.04	-85.0473	109.221
-0.190473	-561.513	-85.1201	109.272
-0.194577	-562.029	-85.1997	109.327
-0.200628	-562.538	-85.2791	109.382
-0.211429	-563.049	-85.3607	109.437
-0.224259	-563.562	-85.4438	109.493
-0.239594	-564.063	-85.5246	109.546
-0.251646	-564.576	-85.6053	109.601
-0.266324	-565.09	-85.6859	109.656
-0.275457	-565.572	-85.7612	109.708
-0.290166	-566.083	-85.8408	109.763
-0.298971	-566.58	-85.918	109.816
-0.31453	-567.049	-85.9924	109.866
-0.329335	-567.553	-86.072	109.921
-0.349036	-568.038	-86.1488	109.973
-0.367567	-568.517	-86.2242	110.024
-0.386848	-569.023	-86.3039	110.079
-0.410397	-569.511	-86.3797	110.132
-0.431194	-569.993	-86.4537	110.184
-0.451827	-570.467	-86.527	110.235
-0.473114	-570.947	-86.6008	110.287
-0.494337	-571.425	-86.6748	110.339
-0.520818	-571.915	-86.751	110.392
-0.54366	-572.388	-86.8237	110.443
-0.567224	-572.876	-86.8983	110.496
-0.588897	-573.371	-86.9762	110.55
-0.619424	-573.857	-87.054	110.602
-0.641949	-574.351	-87.1333	110.656
-0.667063	-574.823	-87.2094	110.707
-0.692284	-575.292	-87.2849	110.757
-0.718863	-575.774	-87.3621	110.81
-0.744739	-576.248	-87.4367	110.861
-0.769529	-576.711	-87.5091	110.912
-0.802512	-577.208	-87.5862	110.966
-0.823535	-577.702	-87.6616	111.02
-0.854387	-578.197	-87.737	111.075
-0.877508	-578.699	-87.8136	111.13
-0.907156	-579.191	-87.8893	111.184
-0.931702	-579.701	-87.9667	111.239
-0.961888	-580.193	-88.0414	111.293
-0.98522	-580.652	-88.1116	111.343
-1.0056	-581.108	-88.1821	111.394
-1.0295	-581.567	-88.2542	111.444
-1.04875	-582.027	-88.3273	111.494
-1.06677	-582.523	-88.4061	111.548
-1.09062	-583.026	-88.4852	111.604
-1.10842	-583.488	-88.5565	111.654
-1.12587	-583.947	-88.627	111.704
-1.14125	-584.45	-88.706	111.759
-1.15922	-584.95	-88.7847	111.813
-1.17177	-585.455	-88.8645	111.868
-1.19015	-585.966	-88.9454	111.924
-1.20468	-586.432	-89.0189	111.974
-1.2176	-586.938	-89.0984	112.03
-1.22967	-587.411	-89.1728	112.081
-1.24539	-587.881	-89.2468	112.133
-1.25746	-588.358	-89.322	112.184
-1.26742	-588.829	-89.3951	112.236
-1.27858	-589.299	-89.4684	112.287
-1.28746	-589.763	-89.5403	112.337
-1.29718	-590.258	-89.6166	112.392
-1.30967	-590.765	-89.6953	112.447
-1.32042	-591.261	-89.7726	112.501
-1.33356	-591.773	-89.8522	112.556
-1.3434	-592.26	-89.9276	112.61
-1.35465	-592.745	-90.0039	112.663
-1.36441	-593.243	-90.0827	112.716
-1.3711	-593.728	-90.1591	112.769
-1.37872	-594.232	-90.2388	112.823
-1.38709	-594.729	-90.3182	112.877
-1.39381	-595.233	-90.3988	112.931
-1.4021	-595.749	-90.4805	112.987
-1.40887	-596.263	-90.5617	113.042
-1.41569	-596.778	-90.6431	113.098
-1.42061	-597.247	-90.717	113.148
-1.42541	-597.76	-90.798	113.203
-1.43232	-598.263	-90.8773	113.258
-1.43829	-598.784	-90.9591	113.314
-1.44409	-599.286	-91.038	113.368
-1.45038	-599.802	-91.1191	113.424
-1.45785	-600.309	-91.1992	113.478
-1.46438	-600.82	-91.2801	113.533
-1.47267	-601.342	-91.3622	113.589
-1.47934	-601.845	-91.4415	113.644
-1.48754	-602.342	-91.5193	113.698
-1.49378	-602.85	-91.5984	113.752
-1.50055	-603.368	-91.6806	113.808
-1.5062	-603.836	-91.7551	113.859
-1.51125	-604.346	-91.8349	113.914
-1.51677	-604.813	-91.9082	113.964
-1.52448	-605.318	-91.9881	114.019
-1.52986	-605.798	-92.0648	114.071
-1.53451	-606.274	-92.1403	114.123
-1.5389	-606.742	-92.2147	114.173
-1.54364	-607.231	-92.2925	114.226
-1.54961	-607.723	-92.3714	114.28
-1.55399	-608.221	-92.4502	114.333
-1.55831	-608.698	-92.5262	114.385
-1.56346	-609.202	-92.607	114.439
-1.56757	-609.693	-92.6852	114.492
-1.57199	-610.184	-92.763	114.545
-1.57862	-610.695	-92.844	114.6
-1.5817	-611.199	-92.9235	114.654
-1.58725	-611.703	-93.002	114.709
-1.59205	-612.187	-93.077	114.761
-1.59649	-612.67	-93.152	114.813
-1.602	-613.139	-93.2247	114.864
-1.60779	-613.634	-93.2994	114.918
-1.61308	-614.1	-93.3709	114.969
-1.61816	-614.585	-93.4457	115.021
-1.62392	-615.084	-93.5229	115.075
