x	y	z	t
0.528583	449.95	73.7118	0.0560846
0.524035	449.27	73.5946	0.108083
0.537763	448.572	73.4717	0.161164
0.549059	447.864	73.3505	0.214813
0.569561	447.182	73.2348	0.266385
0.592521	446.515	73.1235	0.316892
0.61711	445.812	73.0081	0.370018
0.642868	445.115	72.9002	0.423087
0.680725	444.42	72.7982	0.476925
0.693614	443.691	72.696	0.533455
0.735353	442.99	72.5968	0.588237
0.76817	442.339	72.5033	0.638954
0.791386	441.664	72.4038	0.691779
0.821551	441.007	72.3002	0.742792
0.86539	440.321	72.1885	0.796394
0.897332	439.672	72.081	0.846857
0.923996	438.959	71.9614	0.901784
0.955271	438.289	71.8512	0.95342
0.995379	437.592	71.7378	1.00701
1.02408	436.891	71.6248	1.06099
1.04955	436.209	71.5154	1.11343
1.08077	435.493	71.4027	1.1682
1.10634	434.764	71.2887	1.22392
1.13063	434.037	71.1761	1.27938
1.15016	433.308	71.0635	1.33495
1.16746	432.588	70.9512	1.3898
1.17907	431.883	70.8404	1.44379
1.19012	431.191	70.7312	1.49678
1.19918	430.53	70.6268	1.54756
1.20689	429.861	70.5214	1.59891
1.21627	429.152	70.4102	1.65291
1.22247	428.457	70.3016	1.706
1.23164	427.751	70.1919	1.75979
1.23831	427.04	70.081	1.81412
1.24356	426.367	69.9759	1.86527
1.24586	425.685	69.8692	1.91697
1.24807	425.024	69.7658	1.96725
1.25113	424.298	69.652	2.02289
1.25485	423.619	69.5455	2.07442
1.26404	422.885	69.4284	2.13007
1.273	422.15	69.3083	2.18568
1.28086	421.398	69.1803	2.24227
1.28259	420.665	69.0533	2.29784
1.27082	419.953	68.9231	2.35153
1.25507	419.26	68.798	2.40396
1.23233	418.586	68.6753	2.45526
1.19952	417.903	68.5535	2.50708
1.1571	417.179	68.4268	2.56238
1.11402	416.517	68.3167	2.61292
1.06071	415.866	68.2127	2.66301
1.00217	415.184	68.1074	2.7158
0.925472	414.5	68.005	2.76902
0.85797	413.814	67.9071	2.82243
0.764844	413.098	67.8057	2.87836
0.688318	412.412	67.7115	2.93209
0.605702	411.724	67.6146	2.98629
0.509013	411.034	67.5173	3.04066
0.424669	410.395	67.4224	3.09102
0.344111	409.718	67.317	3.14446
0.231743	409.06	67.2082	3.1972
0.154353	408.397	67.0934	3.24945
0.0825863	407.695	66.9637	3.30503
-0.0244173	407.004	66.8353	3.36
-0.0901637	406.336	66.7041	3.41282
-0.158316	405.663	66.5768	3.46593
-0.234849	404.977	66.4477	3.52003
-0.266333	404.309	66.3188	3.57244
-0.302552	403.663	66.1998	3.62269
-0.335465	402.943	66.0716	3.67844
-0.338297	402.233	65.9461	3.73319
-0.339044	401.544	65.8315	3.78632
-0.33068	400.891	65.7285	3.83639
-0.30673	400.205	65.6268	3.8892
-0.275927	399.497	65.532	3.94364
-0.235554	398.845	65.4499	3.99422
-0.188075	398.207	65.3746	4.04424
-0.111026	397.509	65.2913	4.09881
-0.0490911	396.852	65.2158	4.15079
0.00465566	396.153	65.1378	4.20602
0.0995027	395.492	65.0566	4.25903
0.171994	394.853	64.9726	4.30975
0.243313	394.192	64.8766	4.36294
0.328134	393.543	64.7709	4.41473
0.448004	392.86	64.6478	4.46908
0.537808	392.229	64.5234	4.51953
0.590443	391.525	64.3729	4.5753
0.687416	390.857	64.2316	4.6287
0.7349	390.135	64.0767	4.68517
0.786155	389.481	63.9444	4.73598
0.820762	388.743	63.7997	4.79284
0.835199	388.077	63.677	4.84386
0.836289	387.4	63.5585	4.89556
0.827814	386.74	63.4483	4.94589
0.80136	385.996	63.3309	5.00261
0.767359	385.344	63.2338	5.05268
0.716666	384.635	63.134	5.10737
0.662321	383.96	63.0475	5.15965
0.614019	383.29	62.9749	5.21197
0.550469	382.589	62.8973	5.26669
0.464398	381.891	62.8289	5.3221
0.394162	381.248	62.7617	5.37367
0.333214	380.62	62.6923	5.42378
0.221089	379.943	62.6067	5.47918
0.155717	379.322	62.5163	5.52954
0.101366	378.667	62.4016	5.58338
-0.00745332	378.019	62.2772	5.63744
-0.0758357	377.394	62.1489	5.68846
-0.149597	376.75	62.0155	5.74082
-0.203647	376.091	61.8726	5.79376
-0.26544	375.456	61.7406	5.84449
-0.346008	374.75	61.6016	5.90041
-0.378659	374.061	61.4665	5.95397
-0.406083	373.406	61.3494	6.00484
-0.424638	372.725	61.236	6.05739
-0.417123	371.99	61.1235	6.11384
-0.397254	371.336	61.0331	6.16446
-0.362739	370.67	60.9495	6.21634
-0.304302	370.007	60.8743	6.26749
-0.24965	369.342	60.8033	6.31953
-0.190867	368.704	60.7378	6.36995
-0.138356	368.003	60.6664	6.42578
-0.0595464	367.315	60.5916	6.48145
0.0144286	366.64	60.5043	6.53586
0.124536	366.019	60.4151	6.58775
0.201951	365.406	60.3136	6.63931
0.283301	364.807	60.2057	6.68996
0.385828	364.201	60.0856	6.74135
0.462809	363.597	59.9529	6.79234
0.532523	362.933	59.817	6.84628
0.627663	362.293	59.6852	6.89794
0.688169	361.631	59.5514	6.95043
0.724858	360.926	59.4098	7.00557
0.773625	360.239	59.2833	7.05917
0.784281	359.532	59.1604	7.11396
0.791101	358.802	59.0435	7.17037
0.779063	358.083	58.9359	7.22622
0.747565	357.411	58.8398	7.2783
0.705476	356.747	58.7501	7.32978
0.653103	356.084	58.6665	7.3813
0.601502	355.389	58.5875	7.43667
0.504859	354.708	58.5086	7.49046
0.43941	354.014	58.4362	7.54607
0.316796	353.356	58.3651	7.60012
0.253661	352.699	58.2992	7.65382
0.158693	352.07	58.2237	7.70651
0.0263955	351.443	58.1341	7.75899
-0.0774693	350.842	58.0347	7.80938
-0.143343	350.202	57.9098	7.86274
-0.230322	349.565	57.7821	7.91627
-0.332431	348.944	57.6531	7.96742
-0.46632	348.303	57.519	8.02091
-0.529528	347.632	57.3749	8.07446
-0.629634	346.935	57.2384	8.1296
-0.684666	346.27	57.1131	8.18162
-0.72428	345.603	56.9915	8.23363
-0.755628	344.946	56.883	8.28453
-0.773017	344.261	56.7777	8.33746
-0.771152	343.589	56.6815	8.38959
-0.751308	342.924	56.592	8.44137
-0.718493	342.206	56.5045	8.49685
-0.656809	341.523	56.4245	8.55025
-0.60506	340.827	56.3548	8.60474
-0.538183	340.168	56.2848	8.65674
-0.43583	339.495	56.2099	8.71042
-0.374467	338.817	56.1327	8.76479
-0.303157	338.196	56.0512	8.8151
-0.212682	337.572	55.9594	8.86638
-0.108024	336.975	55.8595	8.91693
0.0324639	336.355	55.7432	8.96976
0.113316	335.706	55.6059	9.02375
0.20134	335.108	55.4768	9.07411
0.290075	334.466	55.3417	9.12696
0.390843	333.823	55.2109	9.17936
0.428283	333.153	55.0751	9.23229
0.481937	332.509	54.9517	9.28264
0.523443	331.781	54.8197	9.33885
0.536892	331.078	54.6973	9.39236
0.542094	330.365	54.5838	9.44703
0.535109	329.645	54.4791	9.50232
0.512515	328.946	54.3913	9.5563
0.465775	328.226	54.3058	9.61169
0.426652	327.524	54.2359	9.66621
0.371052	326.86	54.1658	9.71788
0.290776	326.181	54.0911	9.7708
0.228425	325.514	54.0147	9.82238
0.181318	324.843	53.9374	9.87577
0.113799	324.211	53.852	9.92639
0.00841416	323.541	53.7482	9.98008
-0.0324609	322.853	53.6293	10.0345
-0.129897	322.181	53.5045	10.0894
-0.19285	321.547	53.3813	10.1414
-0.231712	320.867	53.2397	10.1954
-0.320415	320.202	53.1043	10.2487
-0.374739	319.532	52.9683	10.3016
-0.402868	318.832	52.826	10.3562
-0.432766	318.18	52.7012	10.4067
-0.454983	317.505	52.576	10.459
-0.446049	316.81	52.4535	10.5126
-0.426916	316.092	52.3427	10.5678
-0.378036	315.422	52.2534	10.6195
-0.325232	314.759	52.177	10.6709
-0.260467	314.109	52.1105	10.7219
-0.190355	313.461	52.0546	10.7736
-0.115902	312.779	51.9827	10.8277
-0.0364046	312.15	51.9122	10.8788
0.0800932	311.499	51.8293	10.9327
0.151909	310.87	51.7374	10.9852
0.22092	310.223	51.6269	11.0375
0.293066	309.63	51.5137	11.0878
0.424184	309.016	51.3904	11.1406
0.485583	308.334	51.2461	11.1969
0.559566	307.728	51.1183	11.2471
0.61861	307.095	50.9868	11.2983
0.689953	306.473	50.8593	11.3487
0.7226	305.826	50.732	11.3998
0.74462	305.164	50.6085	11.4514
0.746011	304.493	50.4909	11.5032
0.739939	303.827	50.3868	11.5548
0.718761	303.15	50.2908	11.6075
0.669732	302.462	50.2024	11.6609
0.613634	301.811	50.1278	11.7119
0.549947	301.144	50.0638	11.7646
0.485773	300.482	49.9956	11.817
0.405539	299.844	49.9287	11.868
0.295891	299.171	49.8512	11.9229
0.233461	298.519	49.774	11.9766
0.163566	297.912	49.6892	12.0267
0.0878642	297.278	49.5888	12.0788
-0.00122577	296.671	49.483	12.1298
-0.125432	296.078	49.3703	12.1805
-0.184714	295.386	49.2274	12.2368
-0.260194	294.758	49.0955	12.2868
-0.346822	294.069	48.9521	12.3419
-0.389788	293.347	48.8002	12.3986
-0.447743	292.667	48.67	12.4509
-0.471379	291.948	48.5375	12.5063
-0.490518	291.254	48.4199	12.5595
-0.490736	290.565	48.3103	12.6124
-0.481501	289.845	48.207	12.6677
-0.438886	289.165	48.118	12.7202
-0.399347	288.447	48.0406	12.7756
-0.341205	287.78	47.9741	12.828
-0.240589	287.131	47.9133	12.8795
-0.148478	286.47	47.849	12.9331
-0.0813953	285.785	47.7798	12.9881
-0.00161649	285.146	47.7009	13.0397
0.0906296	284.483	47.606	13.094
0.181233	283.837	47.5007	13.1473
0.264456	283.233	47.3917	13.1978
0.355221	282.622	47.2747	13.2494
0.470293	281.985	47.1504	13.3019
0.530201	281.338	47.0158	13.354
0.591547	280.657	46.8799	13.4078
0.667853	279.999	46.7487	13.4598
0.708016	279.295	46.6099	13.5145
0.740494	278.623	46.4879	13.5664
0.765997	277.931	46.3699	13.6202
0.771269	277.239	46.2597	13.6737
0.764895	276.533	46.1542	13.7288
0.744845	275.888	46.0625	13.7794
0.702328	275.243	45.9724	13.8302
0.654876	274.604	45.8845	13.881
0.59533	273.959	45.7989	13.9322
0.528575	273.299	45.7209	13.9844
0.451175	272.645	45.6454	14.0363
0.331935	271.947	45.5646	14.0922
0.25103	271.303	45.4968	14.1445
0.163797	270.67	45.4226	14.1962
0.0409865	270.013	45.3415	14.2506
-0.0214945	269.327	45.2532	14.3061
-0.10272	268.688	45.1626	14.3588
-0.212657	268.032	45.0606	14.4129
-0.301363	267.397	44.9538	14.4648
-0.383709	266.767	44.8423	14.5151
-0.494974	266.061	44.7144	14.5713
-0.566801	265.406	44.5927	14.6224
-0.639175	264.745	44.4702	14.6738
-0.698194	264.05	44.3416	14.7271
-0.750967	263.39	44.2258	14.7778
-0.804748	262.702	44.1098	14.8303
-0.837294	262.037	44.0011	14.881
-0.85567	261.301	43.8845	14.9371
-0.869399	260.61	43.7775	14.9901
-0.867113	259.893	43.6683	15.0451
-0.854738	259.194	43.562	15.0988
-0.825766	258.495	43.4589	15.1526
-0.787597	257.793	43.3624	15.2068
-0.743685	257.13	43.2736	15.258
-0.691658	256.461	43.1871	15.3096
-0.615241	255.769	43.1009	15.3639
-0.55173	255.084	43.0248	15.4173
-0.47506	254.436	42.9515	15.4679
-0.368182	253.749	42.869	15.5222
-0.301789	253.086	42.7871	15.5747
-0.221528	252.426	42.6936	15.6271
-0.133847	251.764	42.5914	15.6801
-0.00445771	251.115	42.4812	15.7327
0.0710265	250.42	42.3475	15.7874
0.195404	249.753	42.2121	15.8413
0.268647	249.055	42.0567	15.8971
0.347656	248.405	41.9141	15.9497
0.459309	247.75	41.772	16.0024
0.504345	247.041	41.6142	16.0575
0.550991	246.376	41.4734	16.1093
0.606073	245.722	41.3397	16.1601
0.620788	245.001	41.1991	16.2159
0.627914	244.343	41.0823	16.2665
0.623024	243.677	40.9737	16.3181
0.604182	243.014	40.8748	16.3694
0.560801	242.345	40.7835	16.4211
0.5097	241.684	40.7012	16.4725
0.455634	240.974	40.6254	16.5278
0.385228	240.326	40.5587	16.5794
0.279789	239.69	40.497	16.6309
0.218624	239.003	40.4336	16.6859
0.0968683	238.337	40.363	16.7417
0.0153925	237.737	40.2952	16.7921
-0.0342978	237.088	40.2094	16.8455
-0.109512	236.465	40.1127	16.8973
-0.223606	235.818	39.9995	16.9524
-0.259153	235.153	39.8687	17.0067
-0.365395	234.457	39.7302	17.0632
-0.415794	233.803	39.589	17.1152
-0.478296	233.121	39.4503	17.1687
-0.551722	232.409	39.3075	17.2246
-0.58761	231.753	39.171	17.2752
-0.612946	231.066	39.0403	17.3277
-0.631285	230.373	38.9156	17.3809
-0.631611	229.682	38.8012	17.4337
-0.624087	228.969	38.6955	17.4881
-0.588773	228.27	38.6021	17.5416
-0.543382	227.579	38.5181	17.5952
-0.494235	226.891	38.449	17.6492
-0.399486	226.195	38.3796	17.7045
-0.335208	225.536	38.3293	17.7568
-0.221426	224.863	38.2669	17.8115
-0.131454	224.195	38.2049	17.8665
-0.0272999	223.588	38.1348	17.9168
0.0635336	222.928	38.0426	17.9712
0.192869	222.291	37.9418	18.0247
0.273823	221.685	37.8296	18.0757
0.367301	221.06	37.7078	18.1276
0.455994	220.422	37.5759	18.18
0.559207	219.798	37.4441	18.2307
0.634151	219.125	37.3043	18.2841
0.702956	218.484	37.1697	18.3346
0.752082	217.794	37.0261	18.3882
0.795039	217.138	36.9021	18.4392
0.831547	216.453	36.7818	18.4923
0.840243	215.778	36.67	18.5449
0.831295	215.082	36.5611	18.5995
0.805839	214.373	36.4556	18.6551
0.768163	213.738	36.3667	18.7053
0.719879	213.088	36.2762	18.7569
0.664475	212.429	36.1874	18.8091
0.598156	211.8	36.1093	18.8591
0.503806	211.136	36.0318	18.9121
0.422311	210.444	35.9581	18.9674
0.340122	209.812	35.8866	19.0186
0.238977	209.173	35.811	19.0712
0.110448	208.533	35.7302	19.1245
0.0319342	207.878	35.6407	19.1788
-0.0811476	207.25	35.5412	19.2313
-0.133286	206.585	35.4243	19.286
-0.228508	205.939	35.3044	19.3406
-0.34728	205.337	35.1871	19.3916
-0.430797	204.728	35.0635	19.4416
-0.499237	204.053	34.9203	19.4957
-0.559548	203.416	34.7891	19.5458
-0.615282	202.749	34.656	19.598
-0.671593	202.099	34.5311	19.6486
-0.731094	201.381	34.4017	19.7046
-0.754252	200.69	34.2836	19.7581
-0.764688	199.973	34.1735	19.8133
-0.754808	199.305	34.0819	19.8651
-0.726423	198.638	34.0047	19.9169
-0.680015	197.94	33.9264	19.971
-0.622451	197.287	33.861	20.0215
-0.534956	196.604	33.7927	20.0752
-0.45663	195.966	33.7294	20.1254
-0.383924	195.245	33.6558	20.1822
-0.275355	194.583	33.579	20.2348
-0.225838	193.889	33.4947	20.2898
-0.12634	193.194	33.3983	20.346
-0.0538874	192.502	33.2887	20.4012
0.0617055	191.83	33.1656	20.4564
0.150086	191.201	33.0408	20.5083
0.251092	190.59	32.91	20.559
0.366532	189.907	32.7645	20.6148
0.434838	189.266	32.6282	20.6658
0.483404	188.618	32.4829	20.7167
0.533469	187.959	32.3447	20.7681
0.588651	187.243	32.2023	20.8232
0.610636	186.558	32.0728	20.8757
0.617615	185.892	31.9554	20.927
0.614738	185.185	31.8445	20.9811
0.592842	184.534	31.7516	21.0314
0.557416	183.894	31.6688	21.0815
0.515651	183.187	31.587	21.1372
0.463743	182.53	31.5124	21.1889
0.402215	181.871	31.4402	21.241
0.32411	181.183	31.3719	21.2963
0.254306	180.525	31.3017	21.349
0.175249	179.878	31.2317	21.4016
0.095529	179.206	31.1575	21.4563
0.017551	178.584	31.0755	21.5077
-0.063374	177.931	30.9787	21.5611
-0.175242	177.279	30.8709	21.615
-0.248986	176.666	30.7599	21.6658
-0.298838	175.988	30.6244	21.7206
-0.39646	175.335	30.4918	21.7741
-0.452119	174.691	30.359	21.825
-0.503687	174.058	30.2277	21.8753
-0.544674	173.377	30.0853	21.9287
-0.59649	172.685	29.9525	21.9822
-0.615043	172.016	29.8281	22.0334
-0.622773	171.361	29.7119	22.0838
-0.616883	170.643	29.5922	22.1389
-0.595031	169.977	29.4896	22.1901
-0.559155	169.329	29.3981	22.2401
-0.492852	168.644	29.3112	22.2936
-0.427112	167.976	29.2355	22.3464
-0.351908	167.31	29.1741	22.3993
-0.246658	166.606	29.103	22.4554
-0.174838	165.951	29.0436	22.5081
-0.0767031	165.281	28.9681	22.5627
0.0326951	164.604	28.8856	22.6182
0.128126	163.975	28.7944	22.6694
0.273068	163.318	28.6877	22.7243
0.355893	162.635	28.5625	22.7801
0.449882	162.016	28.4389	22.8309
0.577771	161.386	28.307	22.8842
0.667004	160.757	28.1716	22.9358
0.730289	160.124	28.0251	22.987
0.790185	159.46	27.8831	23.0394
0.86101	158.79	27.746	23.092
0.891179	158.088	27.6089	23.1469
0.912506	157.389	27.4852	23.2007
0.920273	156.706	27.3704	23.2535
0.904678	156.013	27.2595	23.3071
0.876686	155.299	27.1528	23.3627
0.823555	154.626	27.0586	23.4151
0.764282	153.968	26.9738	23.4667
0.700039	153.263	26.8941	23.5225
0.600951	152.575	26.8237	23.5777
0.512103	151.938	26.7574	23.6288
0.412908	151.281	26.6874	23.6819
0.271779	150.688	26.6249	23.7324
0.177489	150.081	26.554	23.7831
0.069449	149.49	26.4763	23.8334
-0.0075532	148.804	26.373	23.8892
-0.133336	148.144	26.2609	23.9439
-0.233295	147.538	26.149	23.9951
-0.320686	146.865	26.0137	24.0501
-0.413007	146.246	25.8877	24.101
-0.532718	145.573	25.7517	24.1558
-0.600938	144.887	25.6093	24.2105
-0.690697	144.201	25.4778	24.2649
-0.744145	143.56	25.3591	24.3152
-0.778364	142.854	25.2364	24.3702
-0.801375	142.19	25.1264	24.4214
-0.809914	141.53	25.0215	24.4722
-0.803238	140.864	24.9197	24.5228
-0.779458	140.211	24.8237	24.573
-0.734726	139.509	24.7287	24.6272
-0.678715	138.847	24.6465	24.6784
-0.611367	138.164	24.57	24.7321
-0.505029	137.499	24.5021	24.7854
-0.423225	136.835	24.4431	24.8388
-0.338556	136.161	24.3724	24.8931
-0.226151	135.501	24.3037	24.9474
-0.127256	134.873	24.2249	24.9996
0.0223836	134.193	24.1271	25.0562
0.117153	133.566	24.0227	25.1079
0.214169	132.935	23.9066	25.1592
0.316833	132.285	23.7766	25.213
0.440672	131.673	23.6464	25.2642
0.579381	131.051	23.5122	25.3156
0.656672	130.407	23.3668	25.3678
0.73617	129.762	23.2287	25.4191
0.809007	129.104	23.0899	25.4709
0.878955	128.423	22.9541	25.5239
0.908404	127.752	22.8283	25.5758
0.925624	127.086	22.7134	25.6274
0.923465	126.416	22.608	25.6793
0.908989	125.729	22.5096	25.7326
0.872774	125.072	22.4228	25.784
0.825367	124.426	22.3435	25.8349
0.778431	123.75	22.2711	25.8879
0.713824	123.112	22.2028	25.9385
0.623318	122.431	22.1293	25.9931
0.5543	121.754	22.0637	26.0479
0.464581	121.137	21.9987	26.0987
0.385747	120.494	21.9257	26.1511
0.251466	119.831	21.843	26.2074
0.182768	119.22	21.7606	26.2584
0.10044	118.615	21.6666	26.3088
0.0303564	117.989	21.5599	26.36
-0.0806151	117.325	21.4381	26.4144
-0.145905	116.633	21.2996	26.4703
-0.227842	115.987	21.1678	26.5214
-0.298782	115.347	21.0354	26.5722
-0.360583	114.71	20.9046	26.6222
-0.422569	114.024	20.77	26.6758
-0.448025	113.307	20.6334	26.7312
-0.46729	112.649	20.5158	26.782
-0.478442	111.949	20.3971	26.836
-0.468227	111.272	20.2878	26.8878
-0.443448	110.6	20.1879	26.9398
-0.409869	109.935	20.097	26.9913
-0.349636	109.217	20.0057	27.0474
-0.27888	108.567	19.9314	27.098
-0.215507	107.921	19.8685	27.1486
-0.152049	107.24	19.7943	27.2023
-0.0441787	106.576	19.7214	27.2558
0.0212168	105.918	19.65	27.3089
0.137907	105.235	19.5622	27.3649
0.18856	104.582	19.4712	27.4181
0.273481	103.923	19.3681	27.4724
0.345704	103.303	19.261	27.523
0.46823	102.651	19.1398	27.5772
0.524387	102.029	19.0089	27.6281
0.592039	101.351	18.8695	27.6824
0.660337	100.706	18.7306	27.7334
0.729249	100.007	18.5752	27.7886
0.776833	99.3382	18.4357	27.8409
0.808886	98.6833	18.3049	27.8917
0.832591	98.0141	18.1797	27.9439
0.832249	97.3243	18.0607	27.9972
0.8146	96.6696	17.9573	28.0483
0.781239	95.9897	17.86	28.1013
0.728663	95.3226	17.7718	28.1538
0.656978	94.6492	17.6873	28.2066
0.582833	93.9974	17.6097	28.2584
0.498844	93.3338	17.5375	28.3113
0.380449	92.6722	17.4615	28.3646
0.285553	92.0616	17.3919	28.4148
0.191085	91.4395	17.3171	28.466
0.121693	90.7794	17.2322	28.5207
0.0215522	90.1561	17.1394	28.5729
-0.096224	89.5043	17.0345	28.6269
-0.168481	88.8475	16.9189	28.682
-0.312349	88.2001	16.803	28.7371
-0.388944	87.5753	16.6839	28.7892
-0.469946	86.943	16.5657	28.841
-0.550289	86.3237	16.4466	28.8914
-0.63057	85.6689	16.3219	28.9439
-0.704339	85.006	16.1971	28.9964
-0.743287	84.321	16.0695	29.0506
-0.783539	83.622	15.9497	29.1053
-0.79638	82.9087	15.8329	29.1606
-0.794028	82.1936	15.7233	29.2161
-0.771855	81.5509	15.6336	29.2662
-0.734402	80.9076	15.5528	29.3166
-0.684211	80.2041	15.4762	29.372
-0.619604	79.5403	15.4045	29.4245
-0.530601	78.8998	15.3358	29.4756
-0.45443	78.2091	15.2616	29.5314
-0.386716	77.5497	15.1824	29.584
-0.268108	76.9454	15.1066	29.6345
-0.195271	76.2881	15.0189	29.6889
-0.122214	75.6507	14.9243	29.7409
-0.0185146	75.0166	14.823	29.7936
0.0814414	74.4	14.7161	29.8442
0.201744	73.754	14.5983	29.8976
0.271107	73.0834	14.4651	29.952
0.356754	72.4511	14.339	30.0031
0.478476	71.7609	14.2031	30.0582
0.5362	71.056	14.0574	30.1136
0.624902	70.349	13.9173	30.1687
0.666019	69.6763	13.7793	30.2203
0.702704	68.983	13.6485	30.2735
0.725966	68.2894	13.5242	30.3267
0.728338	67.6255	13.4115	30.3777
0.714343	66.9554	13.3046	30.4294
0.690032	66.2717	13.2033	30.4821
0.653138	65.6134	13.112	30.533
0.589191	64.919	13.0203	30.5868
0.526486	64.2075	12.9361	30.6419
0.457238	63.5475	12.8595	30.6939
0.352167	62.9004	12.7865	30.7457
0.276889	62.2059	12.7115	30.801
0.197858	61.5541	12.6358	30.8539
0.122632	60.932	12.5613	30.905
0.0289786	60.2713	12.4741	30.9606
-0.0512406	59.6435	12.3802	31.0128
-0.169968	59.0285	12.2791	31.0652
-0.223394	58.3647	12.1624	31.1208
-0.310281	57.7248	12.0442	31.1734
-0.413697	57.0446	11.9154	31.2292
-0.468094	56.3608	11.7765	31.2838
-0.535458	55.7269	11.6498	31.3341
-0.610774	55.083	11.523	31.3848
-0.652184	54.3829	11.391	31.4388
-0.677866	53.6846	11.261	31.4928
-0.696318	52.984	11.1409	31.5467
-0.697038	52.2692	11.027	31.6016
-0.677698	51.5555	10.9231	31.6569
-0.64756	50.9133	10.8391	31.7071
-0.603794	50.2168	10.7611	31.7619
-0.54737	49.5678	10.6917	31.8131
-0.461656	48.9018	10.6231	31.8659
-0.380555	48.2772	10.5605	31.9163
-0.297521	47.6484	10.4941	31.9672
-0.22148	47.0063	10.4243	32.0195
-0.129574	46.368	10.3426	32.0718
-0.00246533	45.7178	10.2517	32.127
0.0942102	45.088	10.1549	32.1794
0.172431	44.4685	10.048	32.232
0.253029	43.8413	9.93123	32.284
0.37535	43.1727	9.80002	32.3392
0.450156	42.5292	9.66107	32.3926
0.524265	41.8786	9.52533	32.4444
0.60396	41.1776	9.37206	32.4999
0.663078	40.5335	9.23557	32.5502
0.710234	39.8315	9.09491	32.605
0.743022	39.1707	8.96809	32.6562
0.764945	38.4838	8.84564	32.7094
0.764652	37.8122	8.73287	32.7616
0.752414	37.1347	8.62916	32.814
0.716293	36.4562	8.53243	32.8669
0.668142	35.7707	8.44563	32.9202
0.613181	35.1213	8.36777	32.9709
0.550564	34.4254	8.28643	33.0252
0.470263	33.7155	8.21144	33.0811
0.366902	33.0308	8.13484	33.1357
0.284267	32.386	8.06371	33.1877
0.219756	31.7027	7.98906	33.2429
0.112248	31.0354	7.90542	33.2975
0.0478751	30.39	7.81579	33.3507
-0.0250489	29.7158	7.70972	33.4056
-0.132709	29.1177	7.60427	33.4562
-0.203011	28.4735	7.48466	33.5091
-0.258006	27.7944	7.34566	33.5643
-0.334106	27.1655	7.21587	33.615
-0.428767	26.5157	7.08098	33.6668
-0.477844	25.8143	6.93551	33.7211
-0.537446	25.102	6.79994	33.7765
-0.570081	24.4448	6.67964	33.8272
-0.590315	23.7513	6.56068	33.8805
-0.602155	23.0439	6.44938	33.9353
-0.596858	22.3397	6.345	33.9899
-0.578124	21.6468	6.25113	34.0438
-0.546126	20.9938	6.16754	34.0946
-0.486374	20.3396	6.09043	34.1461
-0.426482	19.6705	6.01592	34.1992
-0.371535	19.0051	5.94972	34.2518
-0.295362	18.3511	5.87773	34.3041
-0.189608	17.6866	5.80204	34.3578
-0.110327	17.0723	5.73069	34.4083
-0.0156758	16.441	5.65254	34.4604
0.0508955	15.7738	5.56432	34.5148
0.137322	15.1676	5.47259	34.5652
0.263625	14.5406	5.36748	34.6186
0.330811	13.9015	5.24397	34.6719
0.403625	13.2698	5.11628	34.724
0.503803	12.574	4.96678	34.7809
0.571752	11.9229	4.8292	34.8329
0.640923	11.2562	4.69125	34.8849
0.703251	10.533	4.54138	34.9413
0.740889	9.87761	4.4133	34.9918
0.7704	9.18129	4.28416	35.0455
0.799054	8.50183	4.16362	35.0974
0.800231	7.79419	4.04327	35.1518
0.794322	7.12112	3.93547	35.2036
0.772853	6.46651	3.83599	35.2543
0.728888	5.77984	3.73742	35.3073
0.68091	5.09654	3.6469	35.3604
0.62609	4.44536	3.5743	35.4113
0.557201	3.76139	3.49603	35.4651
0.463005	3.0898	3.4223	35.5182
0.395156	2.38539	3.35115	35.5743
0.287077	1.70949	3.2765	35.6291
0.221141	1.0409	3.20435	35.6834
0.099373	0.416311	3.1252	35.736
0.01797	-0.211396	3.03557	35.788
-0.0387859	-0.878524	2.92738	35.8425
-0.134243	-1.46947	2.82068	35.893
-0.218133	-2.08167	2.70295	35.9443
-0.29765	-2.7005	2.57787	35.9951
-0.407758	-3.36027	2.44247	36.0494
-0.461746	-4.01078	2.30087	36.1011
-0.527615	-4.64941	2.16818	36.1516
-0.586425	-5.31907	2.03465	36.204
-0.624414	-5.96569	1.91025	36.2541
-0.648722	-6.63884	1.78985	36.306
-0.659004	-7.30505	1.67953	36.3571
-0.651456	-8.00403	1.57427	36.4115
-0.626701	-8.68598	1.48051	36.4646
-0.57034	-9.37783	1.39269	36.5189
-0.507747	-10.0245	1.31868	36.57
-0.448171	-10.714	1.25015	36.6251
-0.346446	-11.3841	1.18041	36.6793
-0.269501	-12.0148	1.11616	36.7304
-0.18375	-12.6705	1.05054	36.784
-0.101485	-13.2768	0.979881	36.8344
0.00526895	-13.8901	0.900545	36.8864
0.130507	-14.5563	0.802222	36.9423
0.228092	-15.157	0.70158	36.9927
0.327075	-15.7801	0.586103	37.046
0.46985	-16.4002	0.462848	37.0996
0.551923	-17.028	0.326952	37.1522
0.676163	-17.7041	0.186482	37.2078
0.744335	-18.374	0.0480745	37.2613
0.813154	-19.0442	-0.0947891	37.3139
0.884699	-19.7623	-0.23472	37.3693
0.919724	-20.4273	-0.361274	37.4202
0.941984	-21.1523	-0.491672	37.4754
0.953178	-21.8564	-0.608181	37.5295
0.944453	-22.5209	-0.712814	37.5803
0.922375	-23.2009	-0.814525	37.6329
0.887846	-23.8549	-0.908234	37.6836
0.821253	-24.5714	-1.00718	37.7395
0.761922	-25.2491	-1.09152	37.7925
0.685322	-25.9416	-1.17735	37.8467
0.570682	-26.566	-1.24909	37.8972
0.476175	-27.2314	-1.32552	37.9504
0.398048	-27.8669	-1.39197	38.0015
0.305508	-28.4845	-1.46244	38.0518
0.1842	-29.13	-1.54214	38.1061
0.0587193	-29.7961	-1.6327	38.1622
-0.0321941	-30.4184	-1.72923	38.2136
-0.125377	-31.0296	-1.834	38.2655
-0.227836	-31.6311	-1.9426	38.3173
-0.364617	-32.2175	-2.05597	38.3675
-0.441483	-32.8443	-2.17949	38.419
-0.520973	-33.4859	-2.30811	38.471
-0.587445	-34.1659	-2.44671	38.5259
-0.675578	-34.8117	-2.56969	38.5771
-0.729029	-35.5183	-2.69819	38.6328
-0.775013	-36.1707	-2.81082	38.6837
-0.814499	-36.8682	-2.92393	38.7378
-0.827899	-37.5181	-3.02533	38.7882
-0.828366	-38.1771	-3.12102	38.8392
-0.818733	-38.8702	-3.2146	38.8933
-0.792301	-39.5496	-3.3044	38.9466
-0.737869	-40.2398	-3.39175	39.0008
-0.694396	-40.9426	-3.47208	39.0562
-0.611206	-41.6231	-3.55124	39.1105
-0.535009	-42.253	-3.62304	39.161
-0.449302	-42.8778	-3.69664	39.2117
-0.362289	-43.5332	-3.77414	39.265
-0.261371	-44.1371	-3.85198	39.3154
-0.138232	-44.7941	-3.9428	39.371
-0.0545716	-45.4572	-4.04078	39.4259
0.0833885	-46.0821	-4.14371	39.4787
0.156889	-46.7369	-4.26557	39.5333
0.258088	-47.3548	-4.38964	39.5858
0.391176	-47.9798	-4.52126	39.6393
0.463213	-48.6438	-4.66982	39.6935
0.562439	-49.3027	-4.80935	39.747
0.63257	-49.9858	-4.95135	39.8017
0.690285	-50.6749	-5.09616	39.8555
0.728738	-51.3294	-5.22184	39.9058
0.757588	-52.0322	-5.34742	39.9599
0.761909	-52.7293	-5.46494	40.0137
0.755079	-53.4446	-5.57639	40.0687
0.729097	-54.1423	-5.67776	40.1228
0.690519	-54.796	-5.76638	40.1734
0.639718	-55.436	-5.84702	40.2234
0.57402	-56.1175	-5.92953	40.2765
0.489972	-56.7966	-6.00834	40.3299
0.429174	-57.4543	-6.07625	40.3823
0.356747	-58.0821	-6.14565	40.4323
0.275864	-58.7034	-6.2158	40.4825
0.157173	-59.379	-6.29827	40.5383
0.0779637	-60.0198	-6.38478	40.5914
0.00173413	-60.6387	-6.47625	40.6427
-0.0697058	-61.2837	-6.58317	40.695
-0.152248	-61.9034	-6.69361	40.7466
-0.252291	-62.5334	-6.81219	40.7984
-0.304122	-63.2171	-6.94919	40.8537
-0.365741	-63.8933	-7.08148	40.9072
-0.418676	-64.528	-7.20679	40.9574
-0.475575	-65.2308	-7.3416	41.0124
-0.505682	-65.8851	-7.46828	41.0631
-0.521914	-66.5703	-7.58806	41.1156
-0.530774	-67.2206	-7.69572	41.1658
-0.518146	-67.9557	-7.81128	41.2224
-0.490109	-68.6462	-7.91197	41.2756
-0.433068	-69.3482	-8.00786	41.3303
-0.378727	-70.0335	-8.08795	41.3842
-0.283358	-70.7092	-8.16636	41.4383
-0.231346	-71.3498	-8.23738	41.489
-0.127771	-71.9813	-8.30814	41.5402
-0.0602128	-72.6349	-8.38145	41.5936
0.0319521	-73.2987	-8.46631	41.6477
0.167741	-73.8938	-8.54571	41.6984
0.259455	-74.5232	-8.63862	41.7507
0.338468	-75.1896	-8.74577	41.8067
0.441074	-75.7863	-8.85239	41.8575
0.568888	-76.389	-8.96626	41.9086
0.648381	-77.0425	-9.09396	41.9626
0.713655	-77.6934	-9.23207	42.0157
0.812602	-78.3369	-9.36391	42.0684
0.859123	-79.0306	-9.50613	42.1235
0.906906	-79.7229	-9.63708	42.1778
0.954855	-80.3916	-9.75623	42.2303
0.97393	-81.0386	-9.86424	42.2807
0.973025	-81.7516	-9.97515	42.3363
0.960501	-82.4846	-10.0832	42.393
0.93437	-83.1659	-10.1773	42.4462
0.884203	-83.8942	-10.2778	42.5028
0.838455	-84.5748	-10.3655	42.5564
0.777822	-85.2285	-10.4501	42.6079
0.690952	-85.876	-10.5306	42.6594
0.609613	-86.5265	-10.609	42.7112
0.536733	-87.1852	-10.6826	42.7638
0.441486	-87.8361	-10.7603	42.8165
0.311347	-88.474	-10.8377	42.8696
0.235334	-89.1769	-10.9272	42.9265
0.113668	-89.8423	-11.0241	42.9803
0.0471877	-90.489	-11.1289	43.0334
-0.0484632	-91.1848	-11.2512	43.0897
-0.195154	-91.8097	-11.3674	43.1417
-0.256466	-92.4981	-11.5036	43.1968
-0.339486	-93.1243	-11.6282	43.2475
-0.401455	-93.7561	-11.7554	43.298
-0.500324	-94.4158	-11.8854	43.3505
-0.554111	-95.0771	-12.0134	43.4021
-0.589893	-95.7821	-12.1474	43.4566
-0.630305	-96.4632	-12.268	43.5089
-0.644276	-97.1352	-12.382	43.5606
-0.644413	-97.8009	-12.4882	43.6117
-0.629187	-98.4504	-12.5849	43.662
-0.599216	-99.1157	-12.6743	43.7136
-0.556028	-99.7668	-12.7564	43.7644
-0.479108	-100.454	-12.8377	43.8186
-0.41547	-101.147	-12.91	43.8734
-0.335877	-101.817	-12.9851	43.9271
-0.224936	-102.457	-13.0571	43.9791
-0.133643	-103.106	-13.1338	44.0326
-0.0674277	-103.781	-13.2158	44.0879
0.0343939	-104.389	-13.298	44.1391
0.157101	-104.99	-13.3881	44.1901
0.254936	-105.579	-13.4855	44.2403
0.332187	-106.225	-13.6051	44.2951
0.433482	-106.858	-13.7271	44.3486
0.542687	-107.516	-13.8632	44.4044
0.615985	-108.175	-13.996	44.4586
0.713986	-108.821	-14.1277	44.5114
0.773176	-109.49	-14.2706	44.565
0.858304	-110.181	-14.4104	44.6201
0.899375	-110.865	-14.5488	44.6738
0.932186	-111.564	-14.6757	44.7283
0.952299	-112.277	-14.7961	44.7837
0.952857	-112.924	-14.8947	44.8338
0.936732	-113.62	-14.9933	44.8884
0.899993	-114.331	-15.0878	44.9434
0.853592	-115.043	-15.1718	44.9987
0.778538	-115.696	-15.2478	45.0502
0.702767	-116.333	-15.3195	45.1007
0.630799	-116.974	-15.3904	45.1516
0.572567	-117.666	-15.4624	45.2064
0.463978	-118.338	-15.5389	45.2609
0.391627	-118.958	-15.6105	45.3118
0.333908	-119.63	-15.692	45.3664
0.245683	-120.234	-15.7768	45.4165
0.167164	-120.874	-15.8776	45.4689
0.0408859	-121.505	-15.9864	45.5222
-0.0464735	-122.128	-16.1045	45.5732
-0.135989	-122.749	-16.2299	45.6237
-0.19935	-123.4	-16.3719	45.6761
-0.265145	-124.048	-16.5086	45.7278
-0.343498	-124.728	-16.6476	45.782
-0.384749	-125.397	-16.7842	45.8344
-0.4361	-126.105	-16.9154	45.8895
-0.454452	-126.825	-17.0452	45.9451
-0.460229	-127.529	-17.1625	45.9994
-0.443345	-128.208	-17.2686	46.0515
-0.413411	-128.922	-17.3691	46.107
-0.351473	-129.626	-17.4597	46.162
-0.288987	-130.285	-17.536	46.2134
-0.230438	-130.972	-17.6046	46.2677
-0.120369	-131.635	-17.6739	46.3214
-0.0474361	-132.285	-17.7341	46.3746
0.0277881	-132.928	-17.8022	46.4266
0.157846	-133.567	-17.8745	46.4808
0.25697	-134.192	-17.9534	46.5343
0.330776	-134.793	-18.0382	46.585
0.421777	-135.45	-18.146	46.6404
0.543669	-136.052	-18.2551	46.6915
0.60704	-136.685	-18.3827	46.745
0.705096	-137.336	-18.514	46.7993
0.795143	-137.948	-18.6429	46.8494
0.9173	-138.58	-18.778	46.9014
0.986374	-139.235	-18.9157	46.9537
1.0411	-139.889	-19.0537	47.0056
1.09196	-140.575	-19.1818	47.0593
1.13095	-141.256	-19.3012	47.1125
1.14315	-141.937	-19.4127	47.1656
1.14484	-142.625	-19.5176	47.2195
1.13063	-143.325	-19.6194	47.2746
1.10782	-143.995	-19.7159	47.3274
1.06914	-144.647	-19.8073	47.3794
1.00966	-145.313	-19.8983	47.4323
0.950185	-145.971	-19.9819	47.4853
0.849847	-146.657	-20.0702	47.5408
0.76825	-147.327	-20.1484	47.5954
0.668247	-147.951	-20.2221	47.6466
0.56442	-148.604	-20.3002	47.6998
0.413394	-149.229	-20.3757	47.7523
0.309444	-149.863	-20.4514	47.8053
0.198362	-150.507	-20.5397	47.8588
0.0398325	-151.14	-20.6376	47.913
-0.0633308	-151.816	-20.7557	47.969
-0.202976	-152.449	-20.8751	48.0227
-0.296555	-153.062	-20.9947	48.0733
-0.387829	-153.738	-21.1337	48.1285
-0.47537	-154.349	-21.257	48.1787
-0.553003	-154.975	-21.38	48.2294
-0.650602	-155.659	-21.5094	48.2845
-0.714427	-156.292	-21.6274	48.3346
-0.758627	-156.999	-21.7555	48.39
-0.802208	-157.711	-21.8755	48.4454
-0.819258	-158.357	-21.9755	48.4957
-0.823969	-159.019	-22.0706	48.5469
-0.805949	-159.723	-22.166	48.6016
-0.772248	-160.365	-22.2482	48.6516
-0.721664	-161.012	-22.3286	48.7022
-0.666737	-161.707	-22.411	48.7569
-0.604915	-162.37	-22.4938	48.8096
-0.513924	-163.026	-22.5776	48.8623
-0.45641	-163.708	-22.6649	48.9166
-0.330498	-164.364	-22.7542	48.971
-0.24842	-165.006	-22.8432	49.024
-0.177705	-165.67	-22.9366	49.079
-0.082104	-166.266	-23.0245	49.1298
0.0478977	-166.88	-23.122	49.1821
0.114256	-167.547	-23.2395	49.2378
0.206219	-168.151	-23.355	49.2883
0.333387	-168.783	-23.4795	49.3406
0.399594	-169.443	-23.6118	49.394
0.458071	-170.103	-23.7495	49.4467
0.514158	-170.762	-23.8774	49.4988
0.583457	-171.445	-24.0029	49.5525
0.610647	-172.146	-24.1242	49.607
0.625073	-172.81	-24.2284	49.6584
0.627203	-173.459	-24.3233	49.7084
0.622016	-174.114	-24.4153	49.7588
0.601098	-174.808	-24.5105	49.8127
0.578554	-175.485	-24.5979	49.8654
0.549296	-176.129	-24.6797	49.9156
0.515998	-176.802	-24.7636	49.9684
0.469304	-177.441	-24.8392	50.0195
0.393734	-178.082	-24.9143	50.0711
0.350563	-178.767	-24.9917	50.1267
0.299137	-179.439	-25.0783	50.1803
0.212543	-180.052	-25.1668	50.2309
0.166127	-180.683	-25.2687	50.282
0.106232	-181.321	-25.3798	50.3342
0.0710758	-181.997	-25.5087	50.3887
-0.00613341	-182.673	-25.6375	50.4429
-0.0304443	-183.373	-25.7793	50.498
-0.0762748	-184.023	-25.9094	50.5488
-0.121033	-184.689	-26.0413	50.6009
-0.13513	-185.354	-26.169	50.6526
-0.129943	-186.086	-26.3032	50.7091
-0.116811	-186.741	-26.4114	50.7595
-0.0843655	-187.449	-26.5178	50.814
-0.0415995	-188.125	-26.607	50.8667
0.00529253	-188.784	-26.6871	50.9176
0.0593528	-189.467	-26.7643	50.9705
0.146443	-190.128	-26.8356	51.0227
0.206959	-190.763	-26.9042	51.0733
0.263476	-191.415	-26.9757	51.1256
0.339233	-192.042	-27.0583	51.177
0.454861	-192.685	-27.1514	51.2315
0.54503	-193.315	-27.2526	51.285
0.597788	-193.941	-27.3636	51.3385
0.663081	-194.581	-27.4801	51.3917
0.756131	-195.221	-27.6037	51.4448
0.814334	-195.86	-27.7414	51.4972
0.889177	-196.546	-27.8842	51.552
0.929348	-197.258	-28.0357	51.608
0.986814	-197.927	-28.1682	51.6608
1.01611	-198.612	-28.2961	51.7142
1.02729	-199.316	-28.4208	51.7689
1.03059	-199.991	-28.5302	51.8218
1.01549	-200.641	-28.6279	51.873
0.985407	-201.291	-28.7189	51.9244
0.9503	-201.965	-28.802	51.9777
0.887035	-202.628	-28.8804	52.0306
0.826058	-203.264	-28.9509	52.0818
0.757932	-203.947	-29.0202	52.1368
0.684415	-204.607	-29.0915	52.1903
0.582428	-205.284	-29.1662	52.2456
0.514743	-205.935	-29.2345	52.2993
0.382388	-206.582	-29.3131	52.3543
0.279655	-207.186	-29.3913	52.4055
0.206837	-207.771	-29.4762	52.4561
0.127714	-208.382	-29.577	52.5078
0.0355621	-208.983	-29.6863	52.5587
-0.0895939	-209.628	-29.8088	52.6132
-0.147806	-210.283	-29.9423	52.6665
-0.222469	-210.951	-30.0752	52.7203
-0.3261	-211.598	-30.2055	52.7728
-0.384837	-212.285	-30.3456	52.8264
-0.436113	-212.938	-30.4716	52.8765
-0.475394	-213.602	-30.5941	52.9277
-0.508279	-214.295	-30.7154	52.9811
-0.531539	-215.025	-30.8365	53.037
-0.532669	-215.732	-30.9479	53.0918
-0.513575	-216.431	-31.0542	53.1459
-0.476217	-217.132	-31.1532	53.2002
-0.415187	-217.805	-31.2427	53.2522
-0.36239	-218.509	-31.3269	53.3075
-0.27348	-219.205	-31.41	53.3624
-0.183684	-219.86	-31.4856	53.4146
-0.105238	-220.535	-31.5597	53.4679
-0.0338259	-221.206	-31.6418	53.5217
0.0845914	-221.876	-31.7291	53.5765
0.154785	-222.511	-31.8164	53.6291
0.249812	-223.105	-31.9083	53.6794
0.385007	-223.73	-32.0134	53.7338
0.457813	-224.37	-32.1331	53.7886
0.57577	-225.012	-32.2583	53.8433
0.641427	-225.664	-32.396	53.8977
0.7155	-226.301	-32.5294	53.9499
0.816984	-226.98	-32.6715	54.0051
0.864188	-227.64	-32.8145	54.0581
0.912558	-228.279	-32.9416	54.1082
0.944327	-228.947	-33.0646	54.1603
0.965868	-229.637	-33.1829	54.2142
0.963947	-230.324	-33.2899	54.2676
0.949222	-230.98	-33.3826	54.319
0.919088	-231.632	-33.4674	54.3703
0.875444	-232.291	-33.5489	54.4225
0.810851	-232.962	-33.6288	54.4757
0.756198	-233.63	-33.7004	54.5289
0.689712	-234.252	-33.768	54.5792
0.620163	-234.872	-33.8342	54.6293
0.514914	-235.535	-33.9067	54.6841
0.448863	-236.197	-33.9746	54.7389
0.36628	-236.823	-34.0472	54.7918
0.261095	-237.468	-34.1285	54.8469
0.190192	-238.076	-34.2197	54.8975
0.106725	-238.692	-34.3247	54.95
0.0126669	-239.306	-34.4424	55.0025
-0.109083	-239.926	-34.571	55.055
-0.175513	-240.575	-34.7192	55.1081
-0.248256	-241.221	-34.862	55.1603
-0.33778	-241.9	-35.0071	55.215
-0.385224	-242.613	-35.1561	55.2703
-0.437736	-243.301	-35.2844	55.3235
-0.455136	-244.007	-35.4101	55.3778
-0.464016	-244.662	-35.5189	55.4284
-0.455374	-245.374	-35.63	55.4831
-0.427938	-246.096	-35.7319	55.5382
-0.374251	-246.807	-35.8249	55.5932
-0.320052	-247.495	-35.9059	55.6469
-0.260639	-248.19	-35.9748	55.7015
-0.148412	-248.866	-36.0448	55.7554
-0.0823181	-249.532	-36.1074	55.8095
-0.00306788	-250.152	-36.1738	55.8601
0.120348	-250.808	-36.2521	55.9142
0.201442	-251.426	-36.3327	55.9645
0.285569	-252.038	-36.4222	56.0156
0.344503	-252.666	-36.5254	56.0676
0.445459	-253.341	-36.6463	56.1232
0.558111	-253.981	-36.7697	56.1772
0.623431	-254.629	-36.9054	56.2307
0.729062	-255.274	-37.038	56.2834
0.790633	-255.951	-37.1847	56.3374
0.847601	-256.632	-37.3249	56.391
0.915693	-257.293	-37.4574	56.4429
0.946154	-258.001	-37.5943	56.4978
0.976227	-258.708	-37.7179	56.5524
0.984884	-259.414	-37.8338	56.6071
0.97777	-260.095	-37.9366	56.6603
0.954237	-260.777	-38.036	56.7139
0.916896	-261.444	-38.1308	56.7668
0.867851	-262.096	-38.2182	56.8186
0.806717	-262.74	-38.3027	56.8702
0.738731	-263.404	-38.3863	56.9233
0.640826	-264.071	-38.466	56.9769
0.562303	-264.709	-38.5326	57.0289
0.467476	-265.366	-38.6075	57.0827
0.334958	-265.995	-38.6792	57.1356
0.257132	-266.641	-38.7535	57.1887
0.160374	-267.277	-38.8399	57.2424
0.0148603	-267.865	-38.9319	57.2943
-0.103897	-268.485	-39.0389	57.3471
-0.190836	-269.103	-39.1592	57.4003
-0.282873	-269.698	-39.2765	57.4522
-0.403208	-270.28	-39.3972	57.5026
-0.448329	-270.889	-39.5234	57.5528
-0.54794	-271.539	-39.6558	57.6061
-0.617907	-272.17	-39.7825	57.6574
-0.67132	-272.864	-39.9183	57.7129
-0.715989	-273.503	-40.0336	57.7629
-0.74414	-274.214	-40.1511	57.818
-0.753104	-274.884	-40.2502	57.8701
-0.74593	-275.546	-40.3412	57.9217
-0.715199	-276.249	-40.4336	57.9761
-0.67542	-276.916	-40.5101	58.028
-0.624808	-277.563	-40.583	58.0785
-0.562431	-278.24	-40.6602	58.1322
-0.467072	-278.924	-40.7398	58.1868
-0.3856	-279.598	-40.8152	58.2405
-0.269227	-280.268	-40.8985	58.2952
-0.186595	-280.943	-40.9841	58.3497
-0.0984873	-281.581	-41.0729	58.402
0.0131416	-282.206	-41.1657	58.4536
0.150305	-282.828	-41.2677	58.5063
0.256084	-283.438	-41.3761	58.5579
0.346325	-284.106	-41.5095	58.6136
0.480191	-284.687	-41.6317	58.6637
0.578971	-285.327	-41.765	58.7173
0.655519	-285.955	-41.9057	58.7693
0.758189	-286.629	-42.0434	58.824
0.805475	-287.316	-42.1833	58.8784
0.847658	-287.974	-42.3078	58.9303
0.900308	-288.67	-42.4333	58.9847
0.911294	-289.382	-42.5565	59.0399
0.9168	-290.074	-42.668	59.0938
0.903253	-290.745	-42.7691	59.146
0.876684	-291.428	-42.8626	59.1994
0.833941	-292.105	-42.9507	59.2526
0.764665	-292.756	-43.0304	59.3042
0.697179	-293.392	-43.104	59.3552
0.626207	-294.044	-43.1769	59.4078
0.575616	-294.713	-43.2421	59.4615
0.463445	-295.334	-43.3042	59.5135
0.36783	-295.964	-43.3673	59.5665
0.285329	-296.57	-43.4305	59.6167
0.210943	-297.177	-43.5015	59.6672
0.152896	-297.842	-43.5929	59.7226
0.0468239	-298.452	-43.6902	59.7745
-0.0195077	-299.118	-43.8125	59.83
-0.150252	-299.768	-43.9374	59.8848
-0.225517	-300.423	-44.068	59.9382
-0.310283	-301.032	-44.1932	59.9884
-0.36764	-301.657	-44.328	60.0388
-0.422355	-302.324	-44.4618	60.0914
-0.478792	-302.975	-44.589	60.1427
-0.526294	-303.692	-44.7242	60.1987
-0.548994	-304.38	-44.8439	60.2516
-0.557996	-305.088	-44.9597	60.3061
-0.545512	-305.779	-45.0644	60.3591
-0.518373	-306.462	-45.1591	60.4118
-0.465088	-307.154	-45.2477	60.4654
-0.40887	-307.821	-45.3253	60.5172
-0.348715	-308.52	-45.4003	60.5724
-0.246409	-309.223	-45.4812	60.6285
-0.180325	-309.857	-45.547	60.6794
-0.11329	-310.489	-45.6214	60.7303
0.00913277	-311.15	-45.7045	60.7853
0.0750072	-311.811	-45.7909	60.8394
0.167082	-312.444	-45.886	60.8922
0.244089	-313.058	-45.9874	60.9426
0.345205	-313.645	-46.0944	60.9928
0.445936	-314.265	-46.2135	61.045
0.579714	-314.896	-46.3392	61.0984
0.648203	-315.524	-46.4732	61.1498
0.723216	-316.182	-46.6096	61.2031
0.807648	-316.842	-46.7481	61.2561
0.854634	-317.545	-46.8971	61.3114
0.897622	-318.24	-47.0312	61.3657
0.912358	-318.929	-47.1565	61.4192
0.914074	-319.627	-47.2694	61.4736
0.899263	-320.339	-47.3757	61.5291
0.867608	-321.022	-47.4679	61.583
0.815189	-321.712	-47.5571	61.6373
0.765119	-322.395	-47.6367	61.6916
0.702357	-323.045	-47.7134	61.7437
0.616463	-323.675	-47.7859	61.795
0.544459	-324.296	-47.8559	61.8456
0.462535	-324.926	-47.9273	61.8973
0.369302	-325.535	-47.9964	61.9478
0.276086	-326.128	-48.0646	61.9985
0.19731	-326.754	-48.1401	62.0517
0.0765326	-327.394	-48.2322	62.1061
-0.0226636	-327.999	-48.3283	62.1571
-0.105785	-328.611	-48.4362	62.2081
-0.171804	-329.216	-48.5561	62.2598
-0.263454	-329.832	-48.6808	62.3106
-0.346564	-330.445	-48.8088	62.3608
-0.410677	-331.09	-48.9445	62.4128
-0.462915	-331.723	-49.0786	62.464
-0.526583	-332.404	-49.2174	62.5183
-0.55334	-333.101	-49.3562	62.5724
-0.570073	-333.749	-49.4731	62.6232
-0.572218	-334.404	-49.5815	62.6741
-0.553936	-335.088	-49.6845	62.7272
-0.515147	-335.779	-49.7743	62.781
-0.461993	-336.449	-49.8536	62.8337
-0.381818	-337.101	-49.924	62.8854
-0.305163	-337.795	-49.9924	62.9406
-0.227744	-338.443	-50.0621	62.9922
-0.136257	-339.06	-50.1279	63.0423
-0.0364209	-339.669	-50.1958	63.0924
0.0805067	-340.331	-50.2774	63.1464
0.163042	-341.007	-50.3697	63.2016
0.308219	-341.659	-50.4768	63.2574
0.406326	-342.282	-50.591	63.3092
0.485443	-342.927	-50.726	63.3625
0.58939	-343.529	-50.8532	63.4128
0.66044	-344.168	-50.9859	63.4646
0.765748	-344.803	-51.1168	63.5165
0.818207	-345.484	-51.2578	63.5702
0.858741	-346.125	-51.3849	63.6204
0.897945	-346.815	-51.5167	63.6748
0.922392	-347.493	-51.6416	63.7276
0.912256	-348.193	-51.7673	63.7819
0.893931	-348.888	-51.8826	63.836
0.855755	-349.572	-51.9908	63.8893
0.800521	-350.217	-52.0857	63.9395
0.731944	-350.916	-52.1737	63.9941
0.632747	-351.593	-52.2529	64.0478
0.555094	-352.264	-52.3221	64.1014
0.454357	-352.887	-52.3894	64.1522
0.365647	-353.498	-52.4577	64.2025
0.209322	-354.106	-52.5297	64.2558
0.0988884	-354.69	-52.6041	64.3071
0.0163637	-355.295	-52.6904	64.36
-0.0763255	-355.877	-52.7838	64.4103
-0.218767	-356.491	-52.8898	64.4652
-0.302432	-357.097	-53.0014	64.517
-0.386122	-357.699	-53.1182	64.567
-0.450659	-358.367	-53.2543	64.6216
-0.524076	-359.047	-53.387	64.6762
-0.583127	-359.707	-53.5145	64.7286
-0.630697	-360.382	-53.6441	64.7815
-0.672629	-361.099	-53.7697	64.837
-0.691158	-361.753	-53.878	64.8879
-0.694817	-362.415	-53.9813	64.9395
-0.684283	-363.068	-54.0751	64.9906
-0.661018	-363.731	-54.1646	65.0426
-0.609742	-364.395	-54.2482	65.0952
-0.558265	-365.022	-54.3214	65.1452
-0.494071	-365.718	-54.3967	65.2005
-0.41891	-366.386	-54.4716	65.2539
-0.303902	-367.045	-54.5463	65.3076
-0.235352	-367.688	-54.6179	65.3604
-0.162559	-368.347	-54.7025	65.4144
-0.0697568	-368.949	-54.7848	65.4646
0.0678728	-369.581	-54.8794	65.5188
0.159537	-370.211	-54.9852	65.574
0.292975	-370.83	-55.0973	65.6276
0.396204	-371.424	-55.2133	65.6781
0.465456	-372.09	-55.35	65.7325
0.585164	-372.729	-55.4776	65.7861
0.663547	-373.402	-55.6094	65.8401
0.720402	-374.059	-55.7451	65.8923
0.791245	-374.764	-55.8822	65.9472
0.82283	-375.462	-56.019	66.0021
0.850705	-376.151	-56.1425	66.0553
0.859265	-376.806	-56.2524	66.106
0.85035	-377.487	-56.3599	66.1592
0.819004	-378.186	-56.4626	66.2138
0.764971	-378.883	-56.5587	66.2682
0.697608	-379.518	-56.6394	66.3182
0.621081	-380.193	-56.7175	66.3721
0.536438	-380.84	-56.7936	66.4233
0.427559	-381.501	-56.8705	66.4766
0.338864	-382.16	-56.9478	66.5295
0.269278	-382.825	-57.0257	66.5838
0.139354	-383.485	-57.1135	66.6394
0.0604892	-384.124	-57.2086	66.6927
-0.0278015	-384.76	-57.3123	66.7454
-0.171519	-385.376	-57.4202	66.7998
-0.237547	-385.962	-57.5309	66.8509
-0.314585	-386.573	-57.6471	66.9021
-0.419307	-387.23	-57.7735	66.9564
-0.480018	-387.87	-57.8979	67.0082
-0.51836	-388.567	-58.0346	67.0633
-0.558827	-389.23	-58.1574	67.1157
-0.595195	-389.876	-58.273	67.1659
-0.624238	-390.552	-58.3889	67.2184
-0.629915	-391.245	-58.5013	67.272
-0.618856	-391.947	-58.6062	67.3263
-0.593694	-392.6	-58.6954	67.3773
-0.554616	-393.289	-58.7789	67.4319
-0.505224	-393.923	-58.8517	67.4821
-0.433898	-394.616	-58.9305	67.5372
-0.339691	-395.245	-58.9991	67.5883
-0.27401	-395.927	-59.0737	67.6439
-0.16846	-396.57	-59.1517	67.6973
-0.103615	-397.24	-59.2363	67.7524
0.010648	-397.846	-59.3207	67.8039
0.0975775	-398.445	-59.4122	67.854
0.196914	-399.042	-59.5118	67.9047
0.348804	-399.65	-59.6209	67.9578
0.450245	-400.231	-59.7345	68.0082
0.532459	-400.841	-59.8572	68.0593
0.599147	-401.491	-59.9935	68.1131
0.683734	-402.122	-60.1208	68.1639
0.745481	-402.776	-60.2479	68.2154
0.796839	-403.429	-60.37	68.2665
0.849517	-404.106	-60.4915	68.3196
0.866426	-404.787	-60.6101	68.372
0.874338	-405.486	-60.724	68.4256
0.864262	-406.149	-60.8271	68.4766
0.837465	-406.841	-60.9308	68.5298
0.800442	-407.505	-61.0225	68.5814
0.752048	-408.187	-61.1132	68.6345
0.671443	-408.868	-61.1979	68.6883
0.612148	-409.558	-61.274	68.7425
0.500894	-410.244	-61.3521	68.7976
0.415325	-410.89	-61.4255	68.8503
0.328655	-411.514	-61.4996	68.9011
0.275633	-412.145	-61.5792	68.9522
0.152077	-412.79	-61.6752	69.0067
0.0317697	-413.438	-61.7824	69.0622
-0.0689746	-414.046	-61.8909	69.1138
-0.180721	-414.69	-62.0081	69.1675
-0.239525	-415.355	-62.138	69.2221
-0.312709	-415.982	-62.2604	69.2737
-0.387344	-416.622	-62.3865	69.3258
-0.455581	-417.24	-62.5109	69.3759
-0.525139	-417.913	-62.6425	69.4291
-0.56784	-418.562	-62.7677	69.4802
-0.593057	-419.25	-62.8967	69.5338
-0.609199	-419.918	-63.0122	69.5858
-0.61113	-420.632	-63.1284	69.641
-0.597855	-421.29	-63.2274	69.6925
-0.563429	-421.968	-63.3208	69.7454
-0.499036	-422.641	-63.4043	69.7985
-0.440348	-423.272	-63.4716	69.8488
-0.364274	-423.9	-63.5324	69.8993
-0.290978	-424.576	-63.5914	69.9544
-0.165527	-425.206	-63.654	70.007
-0.0717472	-425.834	-63.7229	70.0595
0.0270175	-426.443	-63.7972	70.1112
0.108175	-427.067	-63.8819	70.1641
0.205159	-427.662	-63.9776	70.2154
0.307488	-428.24	-64.0806	70.2655
0.442307	-428.828	-64.1956	70.3172
0.531329	-429.43	-64.3183	70.3689
0.608037	-430.072	-64.4563	70.4226
0.701273	-430.732	-64.5933	70.4771
0.739393	-431.415	-64.7416	70.5319
0.792248	-432.083	-64.8787	70.5856
0.862949	-432.772	-65.0148	70.6405
0.88995	-433.428	-65.1386	70.6913
0.904191	-434.13	-65.2641	70.7462
0.911746	-434.803	-65.3726	70.7986
0.89794	-435.461	-65.4691	70.85
0.868911	-436.127	-65.5555	70.9024
0.829049	-436.766	-65.6336	70.9529
0.775424	-437.418	-65.7091	71.0044
0.710698	-438.076	-65.783	71.0566
0.615195	-438.741	-65.8574	71.1104
0.538282	-439.383	-65.9233	71.1634
0.453241	-440.005	-65.9939	71.2151
0.323223	-440.645	-66.0678	71.2696
0.243396	-441.266	-66.1381	71.3212
0.161024	-441.874	-66.2026	71.3739
0.0322554	-442.517	-66.2814	71.4287
-0.0492977	-443.129	-66.3587	71.4795
-0.132337	-443.768	-66.4439	71.532
-0.198233	-444.377	-66.5262	71.5825
-0.269016	-445.009	-66.619	71.6337
-0.358871	-445.643	-66.7167	71.6858
-0.461643	-446.295	-66.8204	71.7393
-0.522162	-446.95	-66.9265	71.7921
-0.574783	-447.59	-67.031	71.8436
-0.644297	-448.268	-67.1393	71.8973
-0.696135	-448.948	-67.2463	71.9507
-0.742083	-449.595	-67.3462	72.0021
-0.785476	-450.286	-67.45	72.0561
-0.826412	-450.98	-67.5534	72.1107
-0.85598	-451.688	-67.6581	72.1659
-0.882287	-452.365	-67.7599	72.2188
-0.899174	-453.067	-67.866	72.274
-0.90686	-453.752	-67.9699	72.3274
-0.906552	-454.427	-68.0716	72.3802
-0.899158	-455.095	-68.1717	72.4325
-0.891734	-455.757	-68.2692	72.4846
