x	y	z	t
0.414491	449.728	73.4915	0.0556196
0.407445	449.011	73.3797	0.110414
0.400603	448.317	73.271	0.16331
0.391048	447.605	73.1589	0.21801
0.387165	446.906	73.049	0.271307
0.377948	446.181	72.9349	0.326971
0.374368	445.471	72.8226	0.381635
0.367271	444.794	72.7153	0.433922
0.357035	444.075	72.6012	0.489234
0.353127	443.361	72.4876	0.544199
0.345112	442.682	72.3789	0.596703
0.342382	442.018	72.2727	0.64752
0.342314	441.355	72.1667	0.69828
0.352194	440.633	72.0517	0.753756
0.354502	439.946	71.943	0.806929
0.368371	439.237	71.8308	0.861283
0.379945	438.548	71.7216	0.914653
0.39322	437.866	71.6142	0.967525
0.408523	437.209	71.51	1.01888
0.424616	436.505	71.3981	1.07359
0.4421	435.844	71.295	1.12521
0.468615	435.165	71.1939	1.17805
0.494178	434.495	71.0994	1.22977
0.519241	433.781	71.0043	1.28494
0.554502	433.065	70.9111	1.34054
0.587308	432.383	70.8206	1.39393
0.643323	431.679	70.7263	1.44898
0.672037	430.994	70.6367	1.50266
0.709033	430.322	70.5439	1.55536
0.761468	429.673	70.4504	1.60683
0.788174	428.986	70.345	1.66093
0.824147	428.327	70.2369	1.71275
0.857568	427.653	70.1209	1.76541
0.912223	426.947	69.9947	1.8204
0.931259	426.276	69.8672	1.87143
0.964648	425.578	69.7374	1.92516
0.999788	424.859	69.6046	1.98051
1.00867	424.183	69.477	2.03209
1.01762	423.508	69.354	2.08348
1.01855	422.849	69.2347	2.13377
1.01487	422.151	69.1108	2.18728
0.992333	421.434	68.9826	2.24197
0.964145	420.693	68.8561	2.29845
0.923842	419.994	68.7369	2.35159
0.868336	419.253	68.6177	2.40809
0.811362	418.569	68.5143	2.46031
0.753148	417.888	68.4207	2.51254
0.691655	417.214	68.3329	2.56452
0.598229	416.491	68.2421	2.6209
0.527061	415.851	68.1719	2.67105
0.454424	415.16	68.0883	2.72532
0.351973	414.486	68.0041	2.77912
0.297858	413.795	67.9136	2.8338
0.229646	413.117	67.815	2.88716
0.150973	412.448	67.7103	2.94118
0.0773518	411.773	67.5967	2.99551
0.00878523	411.141	67.4835	3.04574
-0.0714319	410.497	67.3628	3.09697
-0.171853	409.831	67.2332	3.15038
-0.221659	409.152	67.0922	3.20376
-0.288138	408.472	66.9541	3.2566
-0.345976	407.765	66.8055	3.31146
-0.387578	407.074	66.6686	3.36477
-0.42927	406.396	66.5396	3.41718
-0.442617	405.676	66.4105	3.47223
-0.444164	405.018	66.304	3.52235
-0.430495	404.331	66.2026	3.57531
-0.399981	403.661	66.1133	3.6265
-0.344918	402.921	66.025	3.68319
-0.278423	402.228	65.9445	3.73695
-0.211563	401.537	65.8661	3.7908
-0.148955	400.82	65.7887	3.84706
-0.0646171	400.133	65.7117	3.90171
0.00969994	399.438	65.6232	3.957
0.104097	398.763	65.5315	4.01178
0.173625	398.129	65.4322	4.06329
0.241602	397.476	65.3199	4.11619
0.354205	396.868	65.2038	4.16704
0.423317	396.227	65.0763	4.21925
0.500227	395.595	64.9466	4.27021
0.565703	394.946	64.8149	4.32098
0.601566	394.239	64.6703	4.37631
0.648423	393.585	64.5442	4.42698
0.69515	392.901	64.4179	4.47941
0.703038	392.216	64.2958	4.5314
0.701349	391.509	64.1797	4.58537
0.685338	390.826	64.0742	4.63779
0.653753	390.084	63.9665	4.69452
0.614364	389.402	63.8716	4.74657
0.557666	388.682	63.7799	4.80187
0.495779	387.991	63.6939	4.85493
0.406223	387.289	63.6094	4.90912
0.333672	386.631	63.5342	4.96075
0.271437	385.952	63.4621	5.01451
0.186202	385.288	63.385	5.06729
0.0947902	384.609	63.3061	5.1223
0.00798077	383.931	63.213	5.17758
-0.0932959	383.251	63.109	5.23318
-0.177652	382.584	62.9941	5.28769
-0.288987	381.968	62.8785	5.33776
-0.360941	381.326	62.754	5.38963
-0.407624	380.622	62.6128	5.44508
-0.475376	379.961	62.4824	5.49794
-0.538971	379.254	62.3414	5.55365
-0.584996	378.582	62.2145	5.60616
-0.632919	377.898	62.0908	5.65898
-0.649594	377.208	61.9702	5.7119
-0.656559	376.522	61.858	5.76472
-0.649714	375.81	61.7456	5.81962
-0.626188	375.119	61.6434	5.8726
-0.593178	374.414	61.5464	5.92662
-0.537622	373.759	61.464	5.97757
-0.485819	373.045	61.3815	6.03301
-0.429132	372.393	61.3046	6.08427
-0.340077	371.701	61.2203	6.13911
-0.268844	371.044	61.1404	6.19183
-0.211055	370.37	61.0588	6.24631
-0.140657	369.743	60.9757	6.29716
-0.0313915	369.119	60.8848	6.34976
0.0240253	368.482	60.78	6.40313
0.088035	367.862	60.6699	6.45477
0.159138	367.231	60.5503	6.50709
0.248797	366.568	60.4194	6.56135
0.310979	365.943	60.2891	6.61184
0.357408	365.273	60.1424	6.66493
0.407229	364.622	60.0067	6.71622
0.454992	363.938	59.8713	6.76862
0.48353	363.257	59.7447	6.82106
0.485389	362.583	59.6293	6.87264
0.476535	361.87	59.5206	6.92737
0.443204	361.14	59.42	6.98372
0.404691	360.442	59.328	7.03777
0.342463	359.721	59.2406	7.09364
0.28426	359.06	59.1607	7.14501
0.19963	358.367	59.0761	7.19954
0.139924	357.649	58.9929	7.25591
0.0780427	357.012	58.9166	7.30614
-0.0444952	356.319	58.8293	7.36152
-0.0995701	355.683	58.746	7.41272
-0.220769	354.993	58.6407	7.46945
-0.276677	354.305	58.5238	7.52447
-0.345379	353.685	58.4112	7.57502
-0.449795	353.033	58.2895	7.62939
-0.518817	352.376	58.1644	7.68245
-0.570645	351.668	58.0249	7.73848
-0.639872	350.994	57.8958	7.79177
-0.672373	350.337	57.7663	7.84293
-0.703632	349.652	57.6404	7.89572
-0.730457	348.934	57.5146	7.9508
-0.733001	348.254	57.4001	8.00322
-0.728254	347.574	57.2938	8.0555
-0.701864	346.858	57.1889	8.11031
-0.668158	346.203	57.1028	8.16113
-0.623213	345.547	57.0261	8.21223
-0.568429	344.887	56.9606	8.26404
-0.502218	344.22	56.8876	8.31664
-0.40616	343.553	56.813	8.36998
-0.330367	342.927	56.7405	8.42062
-0.239383	342.299	56.6615	8.47143
-0.172413	341.656	56.5741	8.52402
-0.0847127	341.026	56.4758	8.57512
-0.00574191	340.395	56.3672	8.62728
0.072564	339.788	56.2528	8.67771
0.171123	339.184	56.13	8.72774
0.287973	338.545	55.9968	8.78121
0.353064	337.895	55.8553	8.83384
0.435463	337.218	55.7169	8.88878
0.480499	336.572	55.5855	8.94001
0.51825	335.904	55.4554	8.99251
0.540229	335.204	55.3242	9.04749
0.56719	334.52	55.2078	9.10051
0.570192	333.861	55.1028	9.15173
0.559798	333.17	54.9992	9.20537
0.539598	332.495	54.9014	9.25739
0.497623	331.82	54.8081	9.30936
0.452425	331.114	54.7196	9.36351
0.391914	330.47	54.6434	9.41355
0.326691	329.779	54.5632	9.46776
0.239426	329.088	54.4851	9.52243
0.166505	328.447	54.4149	9.5731
0.107489	327.76	54.3407	9.62808
-0.0101319	327.099	54.2587	9.6826
-0.0719183	326.472	54.1743	9.73348
-0.162947	325.803	54.0711	9.78744
-0.243032	325.182	53.9665	9.83801
-0.345004	324.512	53.8448	9.89376
-0.419119	323.867	53.7219	9.9455
-0.496426	323.217	53.5945	9.99742
-0.569619	322.586	53.4664	10.0476
-0.644627	321.925	53.3332	10.0997
-0.689545	321.215	53.19	10.155
-0.726591	320.52	53.0599	10.2086
-0.759276	319.85	52.9419	10.2602
-0.767351	319.148	52.8265	10.314
-0.764831	318.454	52.7214	10.3672
-0.742059	317.746	52.6191	10.4217
-0.708623	317.06	52.5298	10.4748
-0.639371	316.347	52.4405	10.5303
-0.575975	315.68	52.3635	10.5829
-0.507133	315.022	52.2953	10.6353
-0.431789	314.384	52.2218	10.6863
-0.318932	313.706	52.1368	10.7415
-0.231679	313.065	52.0515	10.7929
-0.141105	312.451	51.9648	10.8436
-0.0609197	311.848	51.8725	10.8941
0.0262315	311.235	51.7687	10.9442
0.116244	310.631	51.659	10.9943
0.20734	309.981	51.5331	11.0483
0.335085	309.366	51.4088	11.1004
0.393687	308.671	51.2665	11.156
0.490603	307.996	51.1325	11.2098
0.546385	307.352	51.0041	11.261
0.587315	306.648	50.8649	11.3165
0.621892	305.985	50.7433	11.3682
0.644502	305.334	50.6304	11.4188
0.64345	304.677	50.5239	11.4698
0.626901	304.001	50.4206	11.5221
0.596619	303.339	50.3252	11.5738
0.556715	302.641	50.2333	11.628
0.485781	301.984	50.1504	11.6797
0.416109	301.339	50.0723	11.7305
0.351646	300.643	49.9939	11.7852
0.232597	299.948	49.9115	11.8407
0.168816	299.256	49.8344	11.8957
0.0350818	298.575	49.7507	11.9513
-0.0429882	297.948	49.6702	12.0019
-0.111945	297.298	49.5785	12.0544
-0.200955	296.651	49.4775	12.1076
-0.306332	296.043	49.375	12.158
-0.406055	295.427	49.2663	12.2087
-0.500157	294.727	49.1345	12.2645
-0.587904	294.089	49.0124	12.3154
-0.66298	293.451	48.8891	12.366
-0.725955	292.784	48.7621	12.4181
-0.792725	292.078	48.6312	12.4734
-0.828848	291.386	48.5045	12.5271
-0.863854	290.697	48.3885	12.5803
-0.872713	289.997	48.2753	12.6341
-0.865914	289.293	48.1666	12.6882
-0.835193	288.584	48.0622	12.7427
-0.793437	287.88	47.9689	12.797
-0.723441	287.163	47.8783	12.8522
-0.658867	286.479	47.8025	12.9057
-0.587158	285.795	47.7231	12.9595
-0.480034	285.161	47.6498	13.0097
-0.399679	284.48	47.569	13.0642
-0.314657	283.861	47.4879	13.1148
-0.230889	283.244	47.4002	13.1658
-0.137903	282.619	47.3029	13.2176
-0.000842132	281.987	47.1952	13.2708
0.0859463	281.34	47.0784	13.324
0.158537	280.685	46.9479	13.3781
0.288494	280.038	46.8199	13.4319
0.351527	279.35	46.6766	13.4869
0.421166	278.699	46.543	13.5389
0.501775	278.026	46.4076	13.592
0.5442	277.332	46.2678	13.646
0.583574	276.666	46.1441	13.6977
0.604437	276.021	46.0304	13.7479
0.609254	275.373	45.9241	13.7982
0.598901	274.704	45.8213	13.8502
0.569353	274.042	45.7265	13.9016
0.526721	273.319	45.6314	13.9581
0.461396	272.661	45.5484	14.0098
0.400544	271.964	45.4613	14.0642
0.331233	271.31	45.387	14.1158
0.25049	270.662	45.3094	14.1674
0.13418	269.987	45.2261	14.2217
0.0564089	269.314	45.1443	14.276
-0.0253356	268.662	45.0568	14.3294
-0.158568	268.047	44.9657	14.3815
-0.232867	267.399	44.8605	14.4354
-0.305891	266.769	44.7498	14.4868
-0.396517	266.163	44.6395	14.5378
-0.518291	265.5	44.5152	14.5926
-0.591247	264.871	44.394	14.6433
-0.64212	264.185	44.2583	14.6973
-0.702004	263.516	44.1312	14.7496
-0.746668	262.87	44.0098	14.7998
-0.78024	262.197	43.8883	14.8515
-0.799877	261.475	43.7643	14.9071
-0.803071	260.774	43.6527	14.9611
-0.785264	260.077	43.5483	15.0148
-0.754533	259.37	43.4541	15.0692
-0.698541	258.669	43.3672	15.1236
-0.628193	257.99	43.2978	15.1766
-0.55088	257.346	43.2337	15.2268
-0.466662	256.704	43.1715	15.2773
-0.334114	256.012	43.0977	15.333
-0.254305	255.347	43.0252	15.3865
-0.152243	254.716	42.9414	15.4374
-0.0168919	254.05	42.8417	15.4924
0.0767004	253.397	42.7329	15.545
0.152495	252.751	42.6142	15.598
0.2437	252.151	42.4986	15.6481
0.351994	251.53	42.3773	15.7008
0.473569	250.908	42.2566	15.7528
0.541887	250.254	42.1219	15.8059
0.609925	249.603	41.9905	15.858
0.703132	248.909	41.8539	15.9131
0.746023	248.234	41.7195	15.966
0.789002	247.568	41.5964	16.0177
0.823741	246.87	41.4745	16.0715
0.837806	246.206	41.3652	16.1228
0.841868	245.49	41.257	16.1784
0.829285	244.787	41.1574	16.2335
0.805894	244.12	41.0706	16.286
0.768975	243.465	40.9846	16.3376
0.699191	242.783	40.8955	16.392
0.6323	242.101	40.8132	16.4458
0.550054	241.422	40.7318	16.4997
0.436831	240.77	40.6564	16.5521
0.342507	240.132	40.5826	16.6037
0.264553	239.441	40.5015	16.6591
0.140469	238.812	40.4212	16.7113
0.0504895	238.205	40.3388	16.7617
-0.0334141	237.561	40.2411	16.8146
-0.117139	236.946	40.1392	16.8655
-0.186757	236.345	40.0279	16.9158
-0.265297	235.667	39.9003	16.9707
-0.375411	235.027	39.7745	17.0232
-0.435169	234.363	39.6363	17.0757
-0.497187	233.724	39.5063	17.126
-0.554502	233.048	39.3724	17.1785
-0.620208	232.335	39.2372	17.2339
-0.641577	231.658	39.1106	17.286
-0.655161	230.994	38.9959	17.3369
-0.656477	230.301	38.8825	17.3902
-0.640166	229.625	38.7775	17.4423
-0.613147	228.912	38.6756	17.4968
-0.571982	228.2	38.5802	17.5515
-0.50415	227.535	38.4994	17.6031
-0.440046	226.829	38.4242	17.6584
-0.338466	226.145	38.3495	17.7125
-0.253308	225.487	38.2776	17.7645
-0.17862	224.817	38.2058	17.8187
-0.0636736	224.138	38.12	17.8743
0.0086902	223.497	38.031	17.9267
0.0891191	222.831	37.9251	17.9813
0.216534	222.202	37.8134	18.0347
0.282059	221.593	37.6917	18.0858
0.370665	220.977	37.5673	18.1372
0.462132	220.357	37.4403	18.1885
0.536284	219.74	37.3132	18.2389
0.627035	219.061	37.175	18.2931
0.682238	218.405	37.0405	18.345
0.711764	217.726	36.9003	18.3977
0.73387	217.076	36.7768	18.4485
0.740761	216.395	36.6536	18.5011
0.725661	215.713	36.5382	18.5534
0.690869	215	36.4293	18.6087
0.628591	214.304	36.3341	18.6628
0.557662	213.65	36.2538	18.7142
0.485105	212.981	36.1822	18.7669
0.394054	212.354	36.1154	18.8173
0.302648	211.732	36.0514	18.8678
0.202967	211.101	35.9833	18.9197
0.0678878	210.437	35.9044	18.9751
-0.0026578	209.792	35.8221	19.0291
-0.16178	209.193	35.7318	19.0826
-0.266116	208.575	35.6288	19.1355
-0.34183	207.975	35.5166	19.1873
-0.484038	207.343	35.3964	19.2423
-0.580432	206.739	35.278	19.2927
-0.646692	206.058	35.1412	19.3479
-0.748896	205.358	35.0064	19.4039
-0.809406	204.651	34.8677	19.4589
-0.871584	203.929	34.7366	19.5146
-0.904968	203.268	34.6191	19.5652
-0.919482	202.587	34.5035	19.6169
-0.921815	201.922	34.3999	19.6674
-0.900739	201.202	34.2932	19.7227
-0.863091	200.516	34.2004	19.7754
-0.820332	199.823	34.1197	19.8291
-0.753571	199.157	34.0467	19.8815
-0.657485	198.506	33.9789	19.9334
-0.586331	197.806	33.9106	19.9892
-0.495185	197.184	33.8454	20.0394
-0.404245	196.558	33.7743	20.0911
-0.257851	195.952	33.6992	20.1422
-0.153175	195.279	33.6059	20.1988
-0.0482193	194.626	33.5011	20.2525
0.0610986	193.967	33.3816	20.308
0.173524	193.367	33.2634	20.3589
0.273517	192.756	33.1366	20.4098
0.42603	192.114	33.004	20.4637
0.520466	191.473	32.8693	20.5157
0.615828	190.837	32.7358	20.5668
0.691249	190.184	32.5961	20.6186
0.761479	189.525	32.4673	20.6704
0.810161	188.88	32.3481	20.7216
0.849416	188.198	32.2311	20.7744
0.855188	187.517	32.1239	20.8272
0.846731	186.831	32.0251	20.8802
0.819494	186.181	31.9379	20.9309
0.762298	185.501	31.8508	20.9838
0.70645	184.83	31.7678	21.0366
0.63325	184.197	31.6944	21.0866
0.564073	183.506	31.6201	21.1414
0.480693	182.884	31.5524	21.1915
0.352281	182.227	31.4794	21.245
0.252398	181.605	31.4107	21.2964
0.178936	180.994	31.3435	21.3471
0.0860785	180.372	31.2606	21.399
-0.0178736	179.741	31.1644	21.4522
-0.149574	179.116	31.0599	21.5052
-0.254948	178.504	30.9479	21.5567
-0.337793	177.846	30.8181	21.6106
-0.427763	177.206	30.6917	21.6625
-0.530628	176.521	30.5508	21.7181
-0.625782	175.842	30.4164	21.7723
-0.681761	175.145	30.2771	21.8272
-0.733856	174.503	30.1572	21.8774
-0.771018	173.853	30.0423	21.9278
-0.794324	173.145	29.9239	21.9821
-0.800871	172.481	29.8188	22.0325
-0.7864	171.806	29.718	22.0839
-0.756414	171.146	29.6262	22.1343
-0.714876	170.421	29.5343	22.19
-0.657341	169.766	29.456	22.2408
-0.565288	169.047	29.3716	22.2971
-0.494635	168.373	29.3026	22.3504
-0.402295	167.725	29.2314	22.4026
-0.270929	167.075	29.1575	22.456
-0.172307	166.46	29.0834	22.5064
-0.0784754	165.831	29.0017	22.5589
0.0261007	165.225	28.9099	22.6093
0.17112	164.555	28.7982	22.6651
0.260112	163.916	28.6769	22.7176
0.353113	163.254	28.5481	22.7719
0.482206	162.585	28.4083	22.8274
0.579434	161.895	28.2708	22.8831
0.688057	161.266	28.144	22.9339
0.754358	160.616	28.0146	22.9853
0.808276	159.977	27.8889	23.0359
0.846572	159.296	27.7591	23.0888
0.875422	158.622	27.6409	23.1411
0.887226	157.978	27.5338	23.1911
0.882377	157.306	27.429	23.2434
0.857673	156.597	27.3262	23.2981
0.820906	155.938	27.2362	23.3497
0.772392	155.285	27.1529	23.4007
0.687349	154.603	27.0692	23.4543
0.61496	153.955	26.9935	23.5055
0.530128	153.325	26.9232	23.5559
0.451146	152.64	26.8523	23.6115
0.34663	152.029	26.7865	23.6622
0.212187	151.392	26.7136	23.7154
0.111742	150.798	26.6429	23.7656
0.0291338	150.138	26.5553	23.822
-0.105872	149.517	26.4603	23.8754
-0.206085	148.922	26.3597	23.9254
-0.28165	148.303	26.2421	23.9779
-0.379943	147.7	26.1218	24.0285
-0.468599	147.052	25.9897	24.0815
-0.561116	146.421	25.8585	24.133
-0.655573	145.741	25.7104	24.1881
-0.716953	145.066	25.5715	24.2416
-0.774947	144.361	25.4319	24.2972
-0.803154	143.718	25.3081	24.3473
-0.813376	143.076	25.193	24.3974
-0.808137	142.426	25.0829	24.4475
-0.781539	141.744	24.9728	24.5001
-0.742792	141.056	24.8697	24.5527
-0.672087	140.334	24.7719	24.6085
-0.581006	139.611	24.6788	24.6649
-0.495485	138.944	24.5965	24.7172
-0.407898	138.267	24.5166	24.7712
-0.282222	137.604	24.4302	24.8254
-0.199667	136.963	24.346	24.8783
-0.0852515	136.304	24.2531	24.9337
0.0615619	135.713	24.1684	24.9848
0.16987	135.118	24.0793	25.0368
0.275481	134.541	23.9818	25.0869
0.376113	133.915	23.8644	25.1423
0.519878	133.294	23.7458	25.1949
0.582429	132.617	23.6094	25.2504
0.686117	131.938	23.4747	25.3056
0.749498	131.307	23.3507	25.3556
0.803229	130.652	23.2305	25.4075
0.839415	130.012	23.1193	25.4577
0.855726	129.361	23.0101	25.5085
0.860653	128.685	22.9036	25.5608
0.851329	128.003	22.8002	25.6136
0.815817	127.357	22.7056	25.664
0.768422	126.675	22.6093	25.7167
0.708853	125.995	22.5199	25.7695
0.633939	125.332	22.433	25.8214
0.548487	124.673	22.3479	25.873
0.423256	124.004	22.2611	25.9263
0.337042	123.341	22.1768	25.9793
0.223372	122.729	22.0937	26.0306
0.100076	122.141	22.0127	26.0816
-0.0157946	121.536	21.927	26.1337
-0.147862	120.905	21.835	26.1888
-0.272873	120.323	21.7456	26.2408
-0.392955	119.754	21.6545	26.2915
-0.548244	119.128	21.5504	26.3457
-0.660025	118.528	21.4456	26.3965
-0.734193	117.854	21.3215	26.4508
-0.823973	117.227	21.2054	26.5015
-0.905304	116.587	21.0883	26.5522
-0.970975	115.936	20.9736	26.6031
-1.03964	115.239	20.8573	26.6578
-1.08546	114.537	20.7473	26.7122
-1.12377	113.813	20.6406	26.7684
-1.14832	113.107	20.5446	26.8232
-1.15472	112.449	20.4557	26.8741
-1.15335	111.8	20.3696	26.9243
-1.12975	111.141	20.2812	26.9755
-1.09868	110.472	20.1932	27.0274
-1.05592	109.828	20.1114	27.0779
-1.00241	109.19	20.0334	27.1282
-0.963528	108.487	19.9507	27.183
-0.876971	107.801	19.8657	27.2372
-0.805612	107.151	19.788	27.2893
-0.718837	106.511	19.7049	27.3411
-0.610928	105.853	19.6157	27.3941
-0.555139	105.216	19.5247	27.4444
-0.427761	104.545	19.4236	27.4986
-0.339805	103.875	19.3152	27.5525
-0.215925	103.18	19.1956	27.6085
-0.130081	102.494	19.0669	27.6626
-0.0040386	101.821	18.9382	27.7167
0.0863106	101.177	18.812	27.7676
0.15929	100.485	18.6728	27.8216
0.240388	99.8387	18.5462	27.8721
0.303004	99.1926	18.42	27.9232
0.371968	98.5303	18.2942	27.9748
0.411314	97.8326	18.1652	28.0284
0.433135	97.136	18.0362	28.0816
0.447818	96.4774	17.9213	28.1321
0.451537	95.776	17.8056	28.1858
0.441849	95.0595	17.6933	28.2406
0.420177	94.3727	17.5916	28.2932
0.384637	93.708	17.5003	28.3444
0.316554	93.0113	17.4108	28.3985
0.253038	92.3574	17.3388	28.45
0.184722	91.7235	17.2681	28.5001
0.0897016	91.0402	17.1905	28.5551
0.0225424	90.3532	17.1173	28.6102
-0.0593321	89.675	17.0373	28.6645
-0.15473	89.0102	16.9565	28.7196
-0.235322	88.3659	16.8664	28.7721
-0.316461	87.7509	16.7726	28.823
-0.431669	87.0914	16.6637	28.8773
-0.522775	86.4771	16.5557	28.9287
-0.602606	85.8658	16.4426	28.9791
-0.668261	85.188	16.3086	29.0337
-0.763105	84.5065	16.1753	29.0888
-0.817047	83.8244	16.0344	29.1431
-0.897502	83.1382	15.8985	29.1975
-0.93903	82.4868	15.7716	29.2485
-0.969633	81.8411	15.6512	29.2988
-0.985968	81.1319	15.5251	29.354
-0.994395	80.461	15.4146	29.4059
-0.982285	79.8071	15.3132	29.4566
-0.954925	79.1496	15.2185	29.5078
-0.914891	78.4589	15.1281	29.5625
-0.858395	77.8096	15.0493	29.614
-0.777491	77.1431	14.973	29.6669
-0.710829	76.4816	14.9057	29.7197
-0.625297	75.833	14.8348	29.772
-0.542101	75.1751	14.7611	29.825
-0.414197	74.5279	14.6858	29.8787
-0.336169	73.857	14.6064	29.9336
-0.197185	73.215	14.5212	29.9878
-0.110153	72.559	14.4248	30.0427
0.00576436	71.9359	14.32	30.0948
0.140066	71.3308	14.2055	30.1459
0.199965	70.6446	14.0613	30.202
0.287968	70.0141	13.9278	30.2533
0.358481	69.3785	13.7931	30.3041
0.443998	68.7334	13.6588	30.356
0.501316	68.0705	13.5254	30.4083
0.539369	67.408	13.3912	30.4602
0.571158	66.715	13.2637	30.5136
0.587932	66.0352	13.144	30.5658
0.588941	65.3318	13.0281	30.6196
0.572378	64.6486	12.9236	30.6721
0.53273	63.945	12.824	30.7261
0.480268	63.2794	12.7375	30.7778
0.422958	62.5909	12.6587	30.8314
0.346301	61.8977	12.5788	30.8858
0.239885	61.2555	12.5094	30.9371
0.148781	60.6349	12.4457	30.9872
0.0694551	59.9695	12.3805	31.0419
-0.0291314	59.3123	12.3045	31.0958
-0.168289	58.7097	12.2275	31.1472
-0.245454	58.0479	12.1303	31.2027
-0.379081	57.4314	12.0262	31.2552
-0.468971	56.8238	11.9146	31.3063
-0.558744	56.1892	11.7926	31.3589
-0.645522	55.578	11.6698	31.4092
-0.706282	54.9298	11.5314	31.4614
-0.774734	54.2615	11.3959	31.5142
-0.858513	53.5843	11.2622	31.5684
-0.903891	52.8928	11.1305	31.6226
-0.949576	52.1809	11.0038	31.6781
-0.961878	51.4758	10.8808	31.7326
-0.964991	50.8159	10.7725	31.7834
-0.94949	50.0983	10.6611	31.8392
-0.920134	49.4434	10.5698	31.8903
-0.878678	48.7669	10.4828	31.9428
-0.810492	48.0653	10.4005	31.9982
-0.741339	47.4228	10.3321	32.049
-0.659149	46.7926	10.2689	32.0997
-0.581694	46.1132	10.2041	32.1549
-0.467979	45.4679	10.1347	32.2086
-0.401573	44.8356	10.0677	32.2615
-0.308912	44.1807	9.98582	32.3167
-0.166647	43.5906	9.90642	32.3669
-0.0738411	42.9649	9.81082	32.4193
0.0155433	42.2895	9.69355	32.4759
0.144931	41.6821	9.57552	32.5266
0.246969	41.0322	9.44262	32.5797
0.320282	40.352	9.29394	32.6347
0.416197	39.6456	9.1392	32.6907
0.493924	38.9643	8.99689	32.7437
0.578335	38.2574	8.85501	32.7986
0.615364	37.5819	8.71971	32.8507
0.644585	36.9087	8.59819	32.9025
0.659742	36.2245	8.48224	32.9551
0.661725	35.5416	8.37397	33.0075
0.648128	34.8821	8.27544	33.0588
0.625952	34.174	8.17812	33.1136
0.574538	33.4587	8.08342	33.1692
0.5187	32.8092	8.00402	33.2203
0.461455	32.1514	7.93381	33.2722
0.365808	31.457	7.85634	33.3273
0.282804	30.7949	7.7849	33.3806
0.20362	30.1846	7.72722	33.4312
0.125223	29.5739	7.66129	33.4818
0.0333472	28.9207	7.58329	33.5368
-0.0797176	28.2856	7.49903	33.59
-0.143175	27.638	7.40288	33.6446
-0.229805	27.023	7.2998	33.6965
-0.354389	26.4059	7.18705	33.7488
-0.40571	25.7428	7.05391	33.8029
-0.482659	25.1241	6.92659	33.8536
-0.541676	24.4985	6.79464	33.9039
-0.623723	23.8233	6.65532	33.9575
-0.673649	23.1887	6.5253	34.0078
-0.704163	22.4887	6.38753	34.0623
-0.731548	21.7883	6.26126	34.1165
-0.747899	21.1286	6.14779	34.1671
-0.743548	20.4715	6.04116	34.2176
-0.726875	19.7675	5.93422	34.2722
-0.69454	19.1092	5.84223	34.323
-0.645885	18.4541	5.76044	34.3738
-0.587461	17.7871	5.6868	34.426
-0.499605	17.0866	5.62041	34.4816
-0.397749	16.3984	5.5493	34.537
-0.316745	15.7566	5.48327	34.5886
-0.245632	15.111	5.41738	34.642
-0.164774	14.4711	5.33845	34.6952
-0.0254422	13.8517	5.25138	34.7489
0.0693285	13.2401	5.15382	34.8002
0.128954	12.5913	5.03625	34.8548
0.212358	11.9913	4.91956	34.9058
0.327941	11.3374	4.79148	34.9597
0.368862	10.63	4.64347	35.0159
0.458294	9.96414	4.50383	35.0685
0.506608	9.28434	4.35517	35.1219
0.551537	8.60505	4.21764	35.1743
0.58926	7.94013	4.08807	35.2254
0.616203	7.2717	3.96588	35.277
0.618925	6.61564	3.85608	35.3276
0.604967	5.96193	3.7562	35.3784
0.57546	5.26881	3.65961	35.4324
0.53237	4.61713	3.57375	35.4834
0.476227	3.97035	3.49347	35.5345
0.397181	3.27885	3.40887	35.589
0.32553	2.63384	3.33256	35.6396
0.251508	1.94913	3.25738	35.6942
0.161385	1.3071	3.1835	35.7462
0.0813885	0.67006	3.10858	35.7972
-0.0495934	0.0139752	3.0282	35.8516
-0.128273	-0.632541	2.94468	35.9052
-0.214377	-1.22934	2.85587	35.9555
-0.331181	-1.87081	2.75143	36.0104
-0.387352	-2.50241	2.63751	36.063
-0.515842	-3.14564	2.51575	36.1177
-0.593617	-3.76509	2.39197	36.1686
-0.669967	-4.38675	2.26434	36.2192
-0.71917	-5.04699	2.12547	36.272
-0.774106	-5.73863	1.99018	36.3268
-0.834764	-6.37496	1.86785	36.3771
-0.859926	-7.02901	1.75036	36.4279
-0.869876	-7.74394	1.62707	36.4833
-0.868946	-8.42695	1.51635	36.5363
-0.846485	-9.10443	1.41337	36.5888
-0.813237	-9.81074	1.31786	36.6438
-0.766746	-10.4585	1.23938	36.6943
-0.710864	-11.1071	1.16928	36.7463
-0.614921	-11.7493	1.1057	36.7977
-0.532482	-12.375	1.04645	36.8483
-0.44603	-13.015	0.983832	36.9002
-0.37242	-13.681	0.920531	36.9551
-0.286735	-14.2952	0.852297	37.0059
-0.148538	-14.9123	0.775383	37.0581
-0.0714977	-15.5622	0.680287	37.1126
0.0633593	-16.2243	0.567468	37.1685
0.142668	-16.8673	0.438331	37.2226
0.231656	-17.4982	0.306394	37.2755
0.345263	-18.1402	0.167547	37.3291
0.412377	-18.7916	0.0173564	37.382
0.506655	-19.4627	-0.126508	37.4356
0.571118	-20.1067	-0.262554	37.4858
0.622835	-20.7616	-0.395535	37.5367
0.675745	-21.4592	-0.529429	37.5904
0.698737	-22.1824	-0.662298	37.6455
0.710405	-22.8489	-0.774742	37.6962
0.709719	-23.5236	-0.881072	37.7481
0.688721	-24.1741	-0.978355	37.7987
0.651409	-24.8447	-1.07349	37.8504
0.606972	-25.5397	-1.16403	37.9041
0.547369	-26.2193	-1.24921	37.957
0.445949	-26.8833	-1.32774	38.0094
0.354573	-27.5502	-1.39687	38.0626
0.253063	-28.1952	-1.46681	38.1142
0.114375	-28.87	-1.5427	38.1697
0.0332251	-29.514	-1.61141	38.2228
-0.065662	-30.1536	-1.69045	38.2753
-0.166912	-30.7619	-1.77522	38.327
-0.30047	-31.357	-1.86741	38.3785
-0.404573	-31.9618	-1.97288	38.4305
-0.487261	-32.553	-2.08545	38.4806
-0.550698	-33.1848	-2.21826	38.5328
-0.660055	-33.8496	-2.35488	38.5881
-0.712597	-34.5206	-2.50022	38.6429
-0.769523	-35.1515	-2.62682	38.6932
-0.819075	-35.8199	-2.7576	38.7457
-0.871032	-36.5217	-2.89033	38.8006
-0.884009	-37.2384	-3.02139	38.8563
-0.890563	-37.892	-3.13133	38.907
-0.879886	-38.5799	-3.23909	38.9606
-0.853987	-39.2631	-3.3397	39.0141
-0.811331	-39.9413	-3.43576	39.0671
-0.754416	-40.5805	-3.51912	39.1172
-0.671088	-41.231	-3.59544	39.1684
-0.596274	-41.9013	-3.66681	39.2218
-0.511299	-42.5606	-3.72388	39.2747
-0.414291	-43.181	-3.78199	39.3254
-0.321133	-43.8171	-3.84657	39.3778
-0.192392	-44.4593	-3.91347	39.4332
-0.092604	-45.0742	-3.9916	39.485
0.0313429	-45.7385	-4.08973	39.5404
0.132805	-46.3542	-4.19094	39.5925
0.198385	-46.98	-4.31193	39.6455
0.35361	-47.5739	-4.43395	39.6985
0.441909	-48.2157	-4.56991	39.7521
0.535378	-48.882	-4.71837	39.8069
0.657313	-49.5085	-4.85192	39.859
0.720156	-50.211	-5.00014	39.9146
0.797875	-50.8512	-5.12567	39.9647
0.857787	-51.5701	-5.25692	40.0201
0.885925	-52.2535	-5.37931	40.073
0.896294	-52.9843	-5.50186	40.1291
0.891306	-53.6361	-5.60788	40.1793
0.867977	-54.3142	-5.71371	40.2319
0.827015	-55.0254	-5.81803	40.2874
0.759321	-55.6803	-5.90755	40.3389
0.682144	-56.3626	-5.99377	40.3925
0.60831	-57.035	-6.06679	40.4456
0.487498	-57.7119	-6.14359	40.4999
0.38848	-58.3786	-6.21208	40.5538
0.287154	-59.0228	-6.28358	40.6058
0.15763	-59.6747	-6.35903	40.6598
0.0715391	-60.3119	-6.43315	40.7132
-0.0215981	-60.9668	-6.52244	40.7667
-0.148784	-61.6035	-6.62125	40.8206
-0.256853	-62.1919	-6.72306	40.8717
-0.373819	-62.7743	-6.83394	40.923
-0.45254	-63.3668	-6.95717	40.9736
-0.545875	-64.0163	-7.08877	41.0273
-0.665381	-64.6835	-7.22573	41.0825
-0.738442	-65.3159	-7.35569	41.133
-0.790538	-65.9663	-7.49094	41.184
-0.834808	-66.6372	-7.6181	41.2358
-0.869149	-67.3527	-7.74456	41.2908
-0.879858	-68.0185	-7.85508	41.3419
-0.870626	-68.6864	-7.95798	41.3932
-0.844777	-69.3816	-8.05434	41.4471
-0.794504	-70.0633	-8.14163	41.5004
-0.738931	-70.7469	-8.21535	41.5543
-0.652907	-71.4428	-8.29119	41.6094
-0.577852	-72.0736	-8.35466	41.6597
-0.490936	-72.7307	-8.42161	41.7132
-0.406932	-73.3895	-8.48378	41.7667
-0.289544	-74.007	-8.5495	41.8186
-0.15619	-74.6385	-8.62237	41.8716
-0.0579935	-75.2746	-8.70369	41.9262
0.0423984	-75.8961	-8.79933	41.9787
0.187429	-76.5238	-8.91079	42.0324
0.28293	-77.1587	-9.04104	42.087
0.424993	-77.7773	-9.17218	42.1409
0.525988	-78.4026	-9.30734	42.1939
0.610125	-79.0587	-9.45302	42.2485
0.727881	-79.7335	-9.59084	42.3036
0.793201	-80.3835	-9.73069	42.3555
0.851204	-81.0331	-9.86263	42.4062
0.904531	-81.7481	-9.99903	42.4616
0.926255	-82.4092	-10.1197	42.5121
0.926368	-83.1094	-10.2387	42.5658
0.906523	-83.8318	-10.3493	42.6211
0.869042	-84.5345	-10.4464	42.6753
0.820347	-85.1894	-10.5309	42.7264
0.754355	-85.8445	-10.61	42.7778
0.659859	-86.4881	-10.6834	42.8289
0.57251	-87.1576	-10.7576	42.8822
0.498526	-87.8029	-10.8188	42.9344
0.388073	-88.4583	-10.8877	42.9885
0.246446	-89.0886	-10.9574	43.0419
0.143895	-89.7083	-11.0317	43.0936
0.0739858	-90.3607	-11.117	43.1485
-0.0671455	-91.0027	-11.2171	43.205
-0.161673	-91.6215	-11.3242	43.257
-0.314039	-92.2607	-11.444	43.3124
-0.382683	-92.8952	-11.5753	43.3652
-0.483613	-93.4905	-11.7007	43.4153
-0.563325	-94.1058	-11.8291	43.4656
-0.65262	-94.7649	-11.9638	43.5185
-0.730636	-95.4084	-12.0914	43.5694
-0.780414	-96.1234	-12.2284	43.6252
-0.820214	-96.778	-12.3445	43.6758
-0.843882	-97.4711	-12.4578	43.7289
-0.856477	-98.1894	-12.5658	43.7844
-0.846471	-98.8667	-12.6613	43.8366
-0.823199	-99.5116	-12.7446	43.8867
-0.769644	-100.196	-12.8294	43.9405
-0.717283	-100.875	-12.9029	43.9943
-0.644641	-101.554	-12.9777	44.0483
-0.566896	-102.178	-13.0427	44.0983
-0.484655	-102.806	-13.1086	44.1493
-0.366838	-103.444	-13.1779	44.2027
-0.28428	-104.083	-13.2467	44.2557
-0.187474	-104.703	-13.3258	44.3078
-0.0546928	-105.334	-13.4178	44.3613
0.0442764	-105.962	-13.5205	44.4141
0.126892	-106.581	-13.6387	44.4668
0.249501	-107.235	-13.769	44.5215
0.324028	-107.892	-13.9146	44.5766
0.450274	-108.554	-14.0561	44.6314
0.522717	-109.195	-14.1956	44.6833
0.587589	-109.88	-14.348	44.7377
0.653141	-110.567	-14.4874	44.7917
0.686574	-111.244	-14.6195	44.8447
0.706911	-111.894	-14.7333	44.895
0.709993	-112.544	-14.8397	44.9454
0.695072	-113.187	-14.9393	44.9955
0.665108	-113.844	-15.0344	45.0467
0.598587	-114.552	-15.1304	45.1018
0.531601	-115.242	-15.2132	45.1558
0.461832	-115.895	-15.2907	45.207
0.386707	-116.539	-15.365	45.2581
0.29631	-117.17	-15.4358	45.309
0.170077	-117.854	-15.5086	45.3647
0.0825574	-118.479	-15.5805	45.4165
-0.0138662	-119.128	-15.6618	45.4703
-0.138526	-119.765	-15.7494	45.5249
-0.239654	-120.386	-15.8482	45.5767
-0.3304	-121	-15.9562	45.6278
-0.471683	-121.606	-16.0689	45.681
-0.513179	-122.232	-16.1917	45.7313
-0.590125	-122.897	-16.3286	45.7854
-0.663245	-123.524	-16.4557	45.8362
-0.743001	-124.213	-16.5893	45.8912
-0.79285	-124.844	-16.712	45.9413
-0.835059	-125.491	-16.8332	45.9914
-0.860744	-126.213	-16.961	46.0472
-0.874048	-126.86	-17.0662	46.0975
-0.873743	-127.505	-17.1636	46.1476
-0.855713	-128.169	-17.2574	46.199
-0.808822	-128.865	-17.3491	46.2534
-0.757624	-129.558	-17.429	46.3081
-0.691033	-130.201	-17.5013	46.3593
-0.597644	-130.853	-17.5731	46.412
-0.514575	-131.506	-17.6385	46.4657
-0.431605	-132.145	-17.7101	46.5183
-0.309058	-132.784	-17.7848	46.5721
-0.215719	-133.382	-17.858	46.6224
-0.137049	-134.013	-17.9422	46.6764
-0.0362131	-134.599	-18.0338	46.7265
0.0632872	-135.2	-18.1382	46.7775
0.210059	-135.839	-18.2593	46.832
0.31456	-136.423	-18.379	46.882
0.399674	-137.067	-18.5185	46.9359
0.49138	-137.712	-18.6538	46.9884
0.601573	-138.376	-18.79	47.0427
0.658599	-139.042	-18.929	47.0957
0.712909	-139.706	-19.0576	47.1481
0.757916	-140.386	-19.1817	47.2012
0.767569	-141.086	-19.3026	47.2554
0.768138	-141.763	-19.4096	47.308
0.750581	-142.465	-19.5147	47.3624
0.722343	-143.161	-19.6114	47.4163
0.666002	-143.863	-19.7059	47.471
0.606893	-144.527	-19.7904	47.5235
0.547506	-145.21	-19.8705	47.5779
0.445147	-145.885	-19.9511	47.6323
0.369131	-146.55	-20.0235	47.6865
0.235914	-147.207	-20.1004	47.7417
0.139346	-147.808	-20.1706	47.7922
0.0418597	-148.424	-20.2482	47.844
-0.0345637	-149.05	-20.3366	47.896
-0.129949	-149.668	-20.4354	47.9485
-0.258754	-150.301	-20.5466	48.0023
-0.337186	-150.945	-20.6712	48.0562
-0.427136	-151.561	-20.793	48.1067
-0.49538	-152.208	-20.9239	48.1587
-0.607476	-152.877	-21.0595	48.213
-0.6691	-153.597	-21.2056	48.2695
-0.721565	-154.236	-21.3284	48.3198
-0.771008	-154.888	-21.4464	48.3708
-0.811711	-155.591	-21.564	48.4254
-0.825329	-156.24	-21.6666	48.4757
-0.822651	-156.889	-21.7651	48.5258
-0.801172	-157.535	-21.8584	48.5758
-0.764977	-158.183	-21.9453	48.6262
-0.715691	-158.861	-22.0304	48.6789
-0.633677	-159.556	-22.1125	48.7339
-0.56947	-160.256	-22.1848	48.7896
-0.479813	-160.904	-22.2534	48.8415
-0.406727	-161.572	-22.323	48.8961
-0.310333	-162.229	-22.4035	48.9508
-0.192501	-162.843	-22.4851	49.0035
-0.106082	-163.434	-22.5722	49.056
-0.00682665	-164.023	-22.6701	49.1067
0.0731593	-164.648	-22.7826	49.1591
0.221005	-165.268	-22.9017	49.2141
0.285267	-165.9	-23.0333	49.2675
0.377007	-166.553	-23.1668	49.321
0.482539	-167.204	-23.3027	49.3748
0.521374	-167.876	-23.4461	49.4281
0.573725	-168.534	-23.5773	49.4797
0.616476	-169.216	-23.7073	49.5331
0.620229	-169.882	-23.8268	49.5848
0.606718	-170.557	-23.9377	49.6372
0.581798	-171.232	-24.0386	49.6898
0.543403	-171.878	-24.1284	49.7402
0.47848	-172.547	-24.2156	49.7926
0.407581	-173.19	-24.2934	49.8431
0.339496	-173.891	-24.3726	49.8986
0.266771	-174.532	-24.4469	49.9495
0.153073	-175.173	-24.5219	50.0025
0.0857783	-175.844	-24.597	50.0577
-0.00936282	-176.459	-24.6709	50.1092
-0.108325	-177.043	-24.7466	50.1594
-0.242861	-177.619	-24.8296	50.2113
-0.33058	-178.18	-24.9202	50.2615
-0.416403	-178.775	-25.0234	50.3137
-0.473206	-179.423	-25.1474	50.3673
-0.560272	-180.059	-25.2716	50.4196
-0.659308	-180.726	-25.4041	50.4737
-0.723686	-181.398	-25.5415	50.5271
-0.800879	-182.121	-25.6784	50.5836
-0.838561	-182.821	-25.8117	50.6376
-0.869526	-183.523	-25.9348	50.6916
-0.888106	-184.211	-26.0479	50.7445
-0.883545	-184.93	-26.1568	50.8001
-0.855359	-185.625	-26.2549	50.8541
-0.817869	-186.275	-26.3378	50.9047
-0.763534	-186.926	-26.4126	50.9558
-0.696514	-187.57	-26.4736	51.0068
-0.627325	-188.242	-26.544	51.0605
-0.515767	-188.877	-26.6105	51.1123
-0.47256	-189.507	-26.6795	51.1623
-0.349147	-190.152	-26.7562	51.2156
-0.238563	-190.744	-26.8319	51.2661
-0.158858	-191.355	-26.9192	51.3178
-0.0647278	-191.973	-27.0215	51.3697
0.0357923	-192.597	-27.1352	51.4224
0.166964	-193.179	-27.2517	51.4729
0.256946	-193.793	-27.3768	51.5255
0.318383	-194.454	-27.5173	51.5808
0.418264	-195.108	-27.6526	51.6343
0.468437	-195.76	-27.7986	51.687
0.531494	-196.392	-27.9354	51.7372
0.576773	-197.096	-28.0791	51.7922
0.620553	-197.806	-28.2186	51.8473
0.633021	-198.488	-28.3363	51.9002
0.631799	-199.146	-28.4395	51.9511
0.607254	-199.836	-28.5394	52.0048
0.565506	-200.495	-28.6238	52.057
0.511534	-201.15	-28.705	52.1089
0.441657	-201.8	-28.7816	52.1607
0.341931	-202.489	-28.8618	52.2161
0.274797	-203.124	-28.9261	52.2677
0.18182	-203.784	-28.9996	52.322
0.0569841	-204.415	-29.0706	52.3756
-0.0395745	-205.017	-29.1413	52.4264
-0.113881	-205.606	-29.2149	52.4769
-0.197977	-206.238	-29.3095	52.531
-0.286076	-206.817	-29.4043	52.5812
-0.421725	-207.44	-29.5143	52.636
-0.485506	-208.038	-29.631	52.6873
-0.559864	-208.649	-29.7512	52.7382
-0.654835	-209.309	-29.8822	52.7928
-0.709928	-209.941	-30.0085	52.8437
-0.766935	-210.619	-30.1392	52.8969
-0.808421	-211.337	-30.274	52.9531
-0.849718	-212.028	-30.3928	53.0066
-0.864166	-212.723	-30.507	53.0605
-0.86912	-213.415	-30.6147	53.1139
-0.855394	-214.086	-30.7159	53.1659
-0.831446	-214.788	-30.8151	53.2201
-0.793256	-215.443	-30.9023	53.2711
-0.71972	-216.127	-30.9862	53.325
-0.661147	-216.799	-31.0551	53.3784
-0.584876	-217.435	-31.1207	53.4291
-0.46728	-218.104	-31.1922	53.4831
-0.371299	-218.758	-31.2653	53.5371
-0.29997	-219.383	-31.3355	53.5885
-0.209936	-219.99	-31.4152	53.6392
-0.114049	-220.633	-31.5099	53.6924
0.0253859	-221.263	-31.6101	53.7455
0.104226	-221.93	-31.728	53.8006
0.227622	-222.594	-31.8495	53.8556
0.317292	-223.215	-31.9698	53.9072
0.383452	-223.861	-32.1039	53.9601
0.485838	-224.516	-32.2365	54.0136
0.548134	-225.186	-32.3767	54.0673
0.604604	-225.867	-32.5096	54.1209
0.662144	-226.527	-32.6339	54.1728
0.69011	-227.173	-32.7507	54.2228
0.698851	-227.884	-32.8716	54.2778
0.698872	-228.574	-32.9816	54.3316
0.680787	-229.241	-33.0846	54.3839
0.647704	-229.884	-33.1811	54.4341
0.600523	-230.567	-33.2779	54.488
0.544388	-231.223	-33.3655	54.5397
0.478147	-231.867	-33.4452	54.5913
0.368004	-232.511	-33.5214	54.6435
0.29474	-233.205	-33.5975	54.6993
0.21362	-233.842	-33.6696	54.7517
0.0906307	-234.452	-33.7393	54.8033
-0.00660753	-235.077	-33.8162	54.8561
-0.0842046	-235.699	-33.8996	54.9081
-0.178929	-236.328	-33.9988	54.9619
-0.324776	-236.938	-34.1036	55.0157
-0.400803	-237.538	-34.2141	55.0661
-0.462319	-238.196	-34.344	55.1207
-0.540192	-238.8	-34.4667	55.1719
-0.6492	-239.408	-34.5945	55.2228
-0.698597	-240.035	-34.725	55.2734
-0.750275	-240.672	-34.8531	55.3242
-0.785147	-241.333	-34.9806	55.3764
-0.80296	-242.051	-35.1159	55.4321
-0.818319	-242.761	-35.2391	55.4864
-0.812342	-243.466	-35.3557	55.5403
-0.792934	-244.156	-35.461	55.5933
-0.762965	-244.81	-35.5516	55.6439
-0.699604	-245.5	-35.6394	55.6975
-0.650547	-246.171	-35.7106	55.75
-0.566432	-246.851	-35.7823	55.8041
-0.500524	-247.516	-35.8397	55.8578
-0.425479	-248.134	-35.8989	55.908
-0.346654	-248.783	-35.9672	55.9607
-0.2207	-249.445	-36.0439	56.0165
-0.167932	-250.092	-36.1254	56.0697
-0.0888434	-250.726	-36.2203	56.1219
0.0333337	-251.383	-36.3299	56.1768
0.106991	-252.03	-36.4518	56.2306
0.196169	-252.645	-36.5732	56.282
0.301725	-253.312	-36.7063	56.3364
0.376935	-253.932	-36.8345	56.3873
0.433471	-254.599	-36.976	56.4409
0.511514	-255.267	-37.1107	56.4943
0.549546	-255.968	-37.2548	56.5492
0.588416	-256.651	-37.3876	56.6027
0.612828	-257.313	-37.5108	56.6541
0.612574	-258.022	-37.6366	56.7089
0.599885	-258.748	-37.755	56.765
0.571948	-259.425	-37.8599	56.8177
0.529668	-260.1	-37.9561	56.8702
0.478441	-260.765	-38.0452	56.9219
0.395148	-261.44	-38.1292	56.9753
0.319403	-262.1	-38.2064	57.0281
0.244596	-262.738	-38.2696	57.0797
0.157497	-263.376	-38.3361	57.1318
0.0688584	-263.991	-38.4001	57.1826
-0.0348247	-264.583	-38.463	57.2328
-0.15379	-265.186	-38.5337	57.2849
-0.228598	-265.804	-38.6166	57.3384
-0.298456	-266.415	-38.7119	57.3894
-0.42716	-267.051	-38.8212	57.4445
-0.511722	-267.669	-38.9347	57.4974
-0.600642	-268.26	-39.0507	57.5476
-0.661913	-268.909	-39.1846	57.6012
-0.730873	-269.525	-39.3097	57.6519
-0.800107	-270.137	-39.4334	57.7023
-0.864728	-270.765	-39.556	57.7531
-0.931134	-271.421	-39.6797	57.8051
-0.969136	-272.092	-39.8015	57.8575
-0.992217	-272.745	-39.9143	57.9084
-0.99899	-273.401	-40.0215	57.959
-0.995391	-274.087	-40.1262	58.0117
-0.967189	-274.79	-40.229	58.0657
-0.930011	-275.44	-40.3164	58.116
-0.885396	-276.15	-40.4004	58.1711
-0.825479	-276.809	-40.4746	58.2231
-0.729828	-277.501	-40.5504	58.2783
-0.640324	-278.121	-40.6131	58.3285
-0.569672	-278.787	-40.6776	58.383
-0.470034	-279.392	-40.7429	58.4336
-0.327834	-279.988	-40.8121	58.4846
-0.248445	-280.66	-40.8974	58.5408
-0.109073	-281.313	-40.9939	58.5959
-0.0113935	-281.987	-41.1051	58.6518
0.0766068	-282.597	-41.2185	58.703
0.174648	-283.199	-41.3384	58.7542
0.279602	-283.856	-41.4792	58.8092
0.367725	-284.507	-41.6134	58.8617
0.480799	-285.191	-41.7553	58.9169
0.536521	-285.851	-41.8991	58.9692
0.595443	-286.556	-42.0385	59.0242
0.645825	-287.201	-42.1609	59.0743
0.669146	-287.873	-42.2802	59.1263
0.674566	-288.581	-42.4001	59.1809
0.666734	-289.281	-42.5108	59.2352
0.640073	-289.978	-42.6132	59.2896
0.606575	-290.651	-42.7078	59.3422
0.532699	-291.354	-42.803	59.3975
0.474082	-292.022	-42.8844	59.4508
0.39551	-292.684	-42.9635	59.504
0.285622	-293.319	-43.0341	59.556
0.190443	-293.93	-43.0992	59.6069
0.106155	-294.586	-43.1673	59.6616
0.00116962	-295.21	-43.2392	59.7152
-0.134237	-295.801	-43.3116	59.7673
-0.232309	-296.392	-43.3953	59.8201
-0.380086	-297.008	-43.4957	59.8746
-0.487056	-297.576	-43.6	59.925
-0.589004	-298.167	-43.7152	59.9773
-0.667568	-298.796	-43.8513	60.0311
-0.791332	-299.445	-43.9882	60.0856
-0.863209	-300.061	-44.1203	60.1362
-0.920767	-300.688	-44.2516	60.1867
-0.970419	-301.324	-44.3795	60.2373
-0.999373	-302.001	-44.5138	60.2903
-1.01904	-302.674	-44.6369	60.3424
-1.02423	-303.33	-44.7508	60.3935
-1.00536	-304.007	-44.8608	60.446
-0.968601	-304.694	-44.9607	60.4993
-0.926459	-305.36	-45.0464	60.5507
-0.86216	-306.034	-45.1245	60.6032
-0.782853	-306.685	-45.1934	60.6548
-0.671971	-307.352	-45.262	60.7083
-0.595031	-308.023	-45.3237	60.7629
-0.477501	-308.614	-45.381	60.8129
-0.326771	-309.228	-45.4452	60.8669
-0.206929	-309.816	-45.5119	60.9179
-0.120727	-310.464	-45.5973	60.9724
0.0435307	-311.074	-45.6919	61.0272
0.147046	-311.684	-45.8024	61.0804
0.253929	-312.28	-45.919	61.1317
0.361206	-312.906	-46.0471	61.1828
0.471761	-313.528	-46.1801	61.2338
0.594609	-314.162	-46.318	61.2851
0.655987	-314.87	-46.4714	61.3401
0.708757	-315.51	-46.5993	61.3903
0.758446	-316.189	-46.7246	61.4429
0.798913	-316.868	-46.843	61.4954
0.811638	-317.59	-46.9638	61.5505
0.809208	-318.295	-47.0735	61.6047
0.782624	-318.97	-47.1725	61.6569
0.747343	-319.668	-47.2651	61.7111
0.68363	-320.379	-47.3567	61.7666
0.624706	-321.052	-47.4338	61.8202
0.55094	-321.725	-47.511	61.8739
0.452259	-322.35	-47.5766	61.9249
0.320228	-322.962	-47.6387	61.9768
0.212574	-323.565	-47.7013	62.0286
0.124533	-324.166	-47.7651	62.081
0.00177164	-324.761	-47.8428	62.1343
-0.165329	-325.364	-47.9313	62.188
-0.28423	-325.936	-48.0237	62.2409
-0.385847	-326.505	-48.1271	62.2914
-0.495109	-327.09	-48.2399	62.3416
-0.589018	-327.732	-48.3669	62.3954
-0.69579	-328.354	-48.4952	62.4463
-0.771721	-329.001	-48.6292	62.4986
-0.830183	-329.691	-48.7723	62.5531
-0.904103	-330.349	-48.8969	62.6054
-0.94569	-330.998	-49.0126	62.6561
-0.975357	-331.649	-49.122	62.7068
-0.990735	-332.296	-49.2256	62.7572
-0.993383	-332.952	-49.3262	62.8086
-0.982808	-333.615	-49.422	62.861
-0.957813	-334.259	-49.5104	62.9117
-0.906072	-334.951	-49.6004	62.9659
-0.851192	-335.642	-49.686	63.0203
-0.788217	-336.293	-49.7575	63.0722
-0.712629	-336.93	-49.8317	63.1235
-0.598889	-337.583	-49.9081	63.1767
-0.511633	-338.216	-49.9823	63.2287
-0.429232	-338.882	-50.059	63.2836
-0.30207	-339.522	-50.1393	63.3378
-0.230135	-340.171	-50.2254	63.3921
-0.128003	-340.803	-50.3199	63.4451
-0.00493458	-341.423	-50.4217	63.4975
0.0945262	-342.042	-50.5331	63.5493
0.166318	-342.671	-50.6606	63.6015
0.261331	-343.321	-50.7936	63.6545
0.379498	-343.965	-50.9293	63.7063
0.449009	-344.663	-51.0798	63.7614
0.517495	-345.358	-51.2212	63.8154
0.58254	-346.04	-51.3565	63.868
0.614001	-346.693	-51.4791	63.9184
0.630372	-347.375	-51.6021	63.9715
0.634593	-348.078	-51.7185	64.0259
0.622252	-348.796	-51.8302	64.0816
0.594694	-349.466	-51.9291	64.134
0.553826	-350.111	-52.0191	64.185
0.483348	-350.77	-52.106	64.2372
0.414796	-351.425	-52.1881	64.2887
0.348426	-352.101	-52.2649	64.3427
0.223737	-352.799	-52.3462	64.3991
0.137479	-353.433	-52.4094	64.451
0.0566954	-354.086	-52.4813	64.5049
-0.0808262	-354.688	-52.5476	64.5567
-0.171428	-355.278	-52.6162	64.6079
-0.225451	-355.909	-52.6982	64.6619
-0.35859	-356.528	-52.7914	64.7165
-0.441154	-357.129	-52.8929	64.7689
-0.529899	-357.718	-53.001	64.8191
-0.606398	-358.334	-53.1266	64.8717
-0.681861	-358.955	-53.2543	64.9225
-0.764735	-359.605	-53.388	64.9756
-0.861284	-360.267	-53.5213	65.0291
-0.916153	-360.928	-53.6546	65.0819
-0.964896	-361.594	-53.7763	65.1342
-1.00339	-362.237	-53.8897	65.1846
-1.02817	-362.886	-53.9995	65.2357
-1.03567	-363.564	-54.11	65.2882
-1.02365	-364.233	-54.216	65.3404
-0.997473	-364.885	-54.3138	65.3912
-0.958633	-365.564	-54.4091	65.4441
-0.879297	-366.256	-54.4982	65.4984
-0.808641	-366.922	-54.5698	65.5516
-0.730115	-367.569	-54.6396	65.6035
-0.638235	-368.212	-54.7067	65.6558
-0.506058	-368.855	-54.7743	65.7095
-0.410038	-369.468	-54.8404	65.761
-0.330196	-370.117	-54.9135	65.8163
-0.186205	-370.707	-54.9906	65.8699
-0.0552111	-371.283	-55.077	65.9204
0.0469793	-371.907	-55.1851	65.9736
0.137849	-372.509	-55.3021	66.0247
0.273087	-373.136	-55.4274	66.0777
0.343913	-373.805	-55.5697	66.1323
0.428677	-374.432	-55.702	66.1826
0.507159	-375.115	-55.844	66.2368
0.587809	-375.792	-55.9829	66.2903
0.636534	-376.475	-56.123	66.3438
0.68199	-377.185	-56.2543	66.3989
0.694437	-377.894	-56.3799	66.4541
0.700896	-378.576	-56.4892	66.5073
0.688357	-379.219	-56.5848	66.5574
0.659178	-379.908	-56.68	66.6117
0.618126	-380.593	-56.7717	66.6657
0.568348	-381.236	-56.854	66.7164
0.484853	-381.903	-56.9371	66.7692
0.41375	-382.57	-57.0104	66.823
0.301316	-383.227	-57.0838	66.8769
0.211811	-383.895	-57.1523	66.9312
0.12214	-384.554	-57.2287	66.9857
-0.0210353	-385.163	-57.3009	67.0374
-0.113221	-385.757	-57.3752	67.0874
-0.219969	-386.339	-57.4568	67.1383
-0.306501	-386.965	-57.5561	67.1922
-0.406518	-387.559	-57.6615	67.2434
-0.495776	-388.164	-57.7763	67.2949
-0.624988	-388.817	-57.9051	67.3499
-0.691526	-389.476	-58.0458	67.4039
-0.787415	-390.126	-58.1813	67.457
-0.855152	-390.775	-58.3151	67.5089
-0.910408	-391.458	-58.4549	67.5629
-0.951428	-392.127	-58.5806	67.6156
-0.981908	-392.764	-58.694	67.6658
-0.997872	-393.398	-58.7998	67.7161
-0.996964	-394.054	-58.9029	67.7675
-0.976208	-394.706	-59.0012	67.8186
-0.942054	-395.363	-59.0979	67.8703
-0.893139	-396.018	-59.1861	67.9217
-0.83233	-396.681	-59.2692	67.9736
-0.743804	-397.37	-59.3494	68.0281
-0.667225	-398.029	-59.4209	68.0808
-0.586815	-398.664	-59.4799	68.1325
-0.498125	-399.326	-59.5502	68.1864
-0.363708	-399.926	-59.6132	68.2377
-0.273827	-400.529	-59.681	68.2887
-0.195872	-401.148	-59.7553	68.3423
-0.106853	-401.78	-59.8464	68.3963
0.0558648	-402.396	-59.9455	68.4506
0.120064	-403.053	-60.067	68.5054
0.207828	-403.655	-60.186	68.556
0.333907	-404.315	-60.3219	68.6106
0.400395	-405.003	-60.4736	68.6656
0.503936	-405.667	-60.6134	68.7186
0.568674	-406.312	-60.75	68.7695
0.613413	-407.016	-60.899	68.8239
0.651726	-407.662	-61.0259	68.8743
0.684303	-408.353	-61.1506	68.9281
0.688473	-409.032	-61.2642	68.9812
0.675571	-409.692	-61.3666	69.0322
0.649828	-410.388	-61.469	69.0866
0.601366	-411.049	-61.5619	69.1389
0.549245	-411.692	-61.648	69.1896
0.480145	-412.326	-61.729	69.24
0.424188	-412.996	-61.8046	69.293
0.343766	-413.673	-61.8795	69.3476
0.219142	-414.332	-61.9468	69.4024
0.148662	-414.997	-62.0054	69.4578
0.0135713	-415.63	-62.0694	69.5122
-0.0601863	-416.249	-62.1316	69.5643
-0.154476	-416.852	-62.2082	69.6164
-0.300306	-417.436	-62.2967	69.6689
-0.398462	-418.054	-62.4028	69.7223
-0.480559	-418.635	-62.5208	69.7732
-0.563064	-419.276	-62.6504	69.8269
-0.674771	-419.897	-62.7797	69.8791
-0.738138	-420.567	-62.9246	69.9335
-0.809379	-421.204	-63.056	69.985
-0.873877	-421.868	-63.1871	70.0378
-0.941083	-422.54	-63.3127	70.0908
-0.97405	-423.181	-63.4267	70.1412
-0.989949	-423.881	-63.5429	70.196
-0.993936	-424.524	-63.6418	70.2462
-0.98093	-425.192	-63.7384	70.2983
-0.955094	-425.856	-63.8301	70.3501
-0.917071	-426.495	-63.9134	70.4003
-0.870522	-427.168	-63.9926	70.4532
-0.817257	-427.825	-64.0691	70.5052
-0.735575	-428.488	-64.1433	70.5581
-0.66513	-429.121	-64.2107	70.6095
-0.584041	-429.749	-64.2752	70.661
-0.530119	-430.379	-64.3343	70.7131
-0.42923	-430.981	-64.3996	70.7644
-0.337507	-431.568	-64.4691	70.8149
-0.253915	-432.153	-64.5479	70.865
-0.138866	-432.785	-64.6449	70.9194
-0.069251	-433.402	-64.7504	70.9707
0.0349709	-433.992	-64.8608	71.0211
0.110298	-434.622	-64.9884	71.0733
0.237343	-435.288	-65.1191	71.1281
0.283785	-435.935	-65.2464	71.1787
0.371175	-436.627	-65.3815	71.2339
0.448597	-437.271	-65.4976	71.2848
0.514907	-437.957	-65.6126	71.3385
0.581563	-438.66	-65.7219	71.3935
0.626889	-439.325	-65.8202	71.4457
0.661129	-439.978	-65.9135	71.497
0.692238	-440.674	-66.0109	71.5513
0.718614	-441.374	-66.1043	71.6063
0.732734	-442.07	-66.1997	71.6608
0.744801	-442.714	-66.287	71.7112
0.750772	-443.379	-66.3769	71.763
0.762408	-444.041	-66.4634	71.8148
0.751233	-444.735	-66.5615	71.8692
0.74653	-445.383	-66.6566	71.9199
0.745329	-446.069	-66.7598	71.9739
0.730356	-446.72	-66.8605	72.0253
0.709691	-447.373	-66.9616	72.0771
0.670971	-448.06	-67.0677	72.131
0.646973	-448.739	-67.1733	72.1842
0.617068	-449.395	-67.2764	72.2355
0.578164	-450.08	-67.3851	72.2888
0.546825	-450.733	-67.4899	72.3397
0.514635	-451.434	-67.6031	72.3943
0.481576	-452.103	-67.7103	72.4466
0.441068	-452.782	-67.8181	72.4998
0.413798	-453.468	-67.9259	72.5534
0.388124	-454.123	-68.0287	72.6046
0.36245	-454.777	-68.1319	72.6558
0.331772	-455.468	-68.2419	72.71
0.310054	-456.148	-68.3513	72.763
0.291151	-456.81	-68.4596	72.8145
0.271808	-457.466	-68.5667	72.8657
0.248655	-458.152	-68.6776	72.9193
0.227612	-458.805	-68.7826	72.9699
0.208596	-459.476	-68.8905	73.0225
