x	y	z	t
0.432742	449.974	73.7004	0.0562003
0.436522	449.295	73.5979	0.108814
0.440956	448.608	73.4948	0.162055
0.44418	447.961	73.3976	0.212409
0.447257	447.265	73.292	0.266151
0.451039	446.613	73.192	0.316617
0.45573	445.918	73.0841	0.370628
0.459349	445.22	72.9749	0.424553
0.46345	444.506	72.8637	0.479605
0.466676	443.853	72.7626	0.529756
0.469851	443.138	72.652	0.584627
0.473336	442.439	72.5438	0.638388
0.477069	441.718	72.432	0.693647
0.480344	440.989	72.3186	0.749366
0.48296	440.296	72.2102	0.802427
0.48556	439.6	72.1011	0.855658
0.489474	438.869	71.9869	0.911342
0.49235	438.154	71.8754	0.965931
0.49554	437.491	71.7722	1.01668
0.499128	436.787	71.6615	1.07045
0.501111	436.051	71.5447	1.12648
0.505648	435.356	71.4338	1.17961
0.510135	434.684	71.3275	1.23082
0.514578	433.973	71.2153	1.2851
0.52277	433.3	71.1084	1.3363
0.537103	432.611	70.999	1.38899
0.550517	431.897	70.8868	1.44337
0.568585	431.186	70.7758	1.49758
0.585402	430.513	70.6726	1.5491
0.600489	429.849	70.5717	1.59995
0.614068	429.145	70.4644	1.65363
0.636053	428.446	70.3571	1.70703
0.647255	427.753	70.2499	1.75995
0.66465	427.044	70.1395	1.81437
0.69416	426.364	70.0331	1.86639
0.705187	425.626	69.9173	1.92216
0.731894	424.904	69.8033	1.97726
0.747897	424.227	69.6947	2.02882
0.760198	423.524	69.5789	2.08205
0.776951	422.861	69.4679	2.1323
0.802941	422.127	69.3434	2.18806
0.813547	421.439	69.2228	2.23975
0.827799	420.768	69.1081	2.29093
0.840683	420.033	68.9847	2.34671
0.840498	419.323	68.8635	2.40026
0.843282	418.646	68.7483	2.45149
0.841062	417.959	68.631	2.50366
0.834814	417.241	68.5081	2.55838
0.811261	416.551	68.3889	2.61053
0.786068	415.817	68.265	2.66626
0.749945	415.099	68.1424	2.7209
0.702069	414.39	68.0242	2.77496
0.656112	413.677	67.9069	2.82929
0.602533	413.017	67.8033	2.87964
0.547293	412.297	67.6951	2.93491
0.475238	411.584	67.5939	2.98979
0.419303	410.907	67.4981	3.04207
0.357522	410.249	67.4054	3.09311
0.270195	409.559	67.3072	3.14728
0.219823	408.858	67.2082	3.2016
0.151225	408.216	67.1152	3.25175
0.055513	407.531	67.0118	3.30604
-0.0124889	406.87	66.9073	3.35777
-0.088818	406.226	66.8018	3.40838
-0.161552	405.549	66.6858	3.46214
-0.257011	404.858	66.5653	3.51697
-0.319252	404.19	66.4418	3.56984
-0.401204	403.541	66.3195	3.62074
-0.469333	402.885	66.1923	3.67227
-0.559138	402.186	66.0566	3.72707
-0.612763	401.531	65.9289	3.77817
-0.656097	400.839	65.795	3.83177
-0.693457	400.162	65.6724	3.88414
-0.720228	399.501	65.5556	3.93524
-0.74252	398.841	65.4421	3.98617
-0.744672	398.176	65.3311	4.03749
-0.734112	397.49	65.2217	4.09046
-0.714782	396.816	65.1208	4.14241
-0.683497	396.135	65.0242	4.19489
-0.626959	395.437	64.9318	4.24849
-0.570938	394.716	64.8442	4.30418
-0.49168	394.022	64.7593	4.35876
-0.413829	393.375	64.6832	4.40972
-0.347816	392.678	64.6047	4.46412
-0.268619	392.031	64.5268	4.51512
-0.163989	391.332	64.4386	4.571
-0.0687365	390.65	64.341	4.62585
0.055555	389.968	64.2291	4.68079
0.176458	389.289	64.1033	4.73594
0.236406	388.651	63.9735	4.78667
0.352675	387.979	63.8234	4.84199
0.445297	387.309	63.6824	4.89582
0.559064	386.671	63.551	4.94748
0.635561	386.035	63.424	4.99828
0.666794	385.363	63.291	5.05059
0.711129	384.667	63.1619	5.10488
0.753844	383.991	63.041	5.15737
0.761366	383.309	62.9228	5.21016
0.763007	382.619	62.8106	5.26381
0.755068	381.923	62.7021	5.31771
0.732067	381.255	62.6011	5.36975
0.697679	380.56	62.5022	5.42398
0.640949	379.864	62.4089	5.47825
0.58772	379.16	62.3249	5.53338
0.522093	378.508	62.2491	5.58492
0.422793	377.811	62.1752	5.64039
0.337377	377.129	62.0977	5.69491
0.2257	376.503	62.0272	5.74633
0.135823	375.864	61.9499	5.79894
0.0740271	375.237	61.8654	5.85077
-0.0355388	374.616	61.7633	5.9022
-0.131075	374.005	61.6496	5.95344
-0.263556	373.346	61.5177	6.00965
-0.329629	372.73	61.3815	6.06022
-0.419116	372.043	61.2391	6.11583
-0.52919	371.395	61.1048	6.16873
-0.594303	370.748	60.9744	6.22045
-0.649669	370.054	60.8386	6.27548
-0.706279	369.377	60.7177	6.32839
-0.724475	368.725	60.6078	6.37899
-0.72486	368.028	60.4959	6.43313
-0.714892	367.381	60.3975	6.48319
-0.69201	366.715	60.3009	6.5347
-0.657212	366.063	60.2137	6.58518
-0.595331	365.39	60.1318	6.63722
-0.541964	364.685	60.0584	6.69168
-0.47936	363.951	59.9754	6.7485
-0.386859	363.266	59.9008	6.80268
-0.288637	362.629	59.8212	6.85344
-0.158139	361.953	59.7226	6.90777
-0.0617415	361.338	59.6182	6.95799
0.0377859	360.719	59.4981	7.00902
0.152758	360.112	59.3696	7.05997
0.233921	359.45	59.2204	7.11557
0.338899	358.852	59.0935	7.16626
0.450776	358.192	58.959	7.22132
0.52722	357.557	58.8372	7.27239
0.592502	356.893	58.7125	7.32486
0.646106	356.22	58.5891	7.37724
0.693185	355.507	58.4622	7.43251
0.714907	354.826	58.3509	7.48473
0.721995	354.114	58.2428	7.53989
0.714498	353.44	58.1511	7.59254
0.690132	352.771	58.0651	7.64459
0.638421	352.095	57.9832	7.69746
0.596727	351.397	57.9088	7.75206
0.53945	350.737	57.8369	7.80443
0.434334	350.071	57.7652	7.85792
0.371353	349.409	57.6961	7.91132
0.296992	348.781	57.6197	7.96218
0.211689	348.148	57.5352	8.01469
0.0821136	347.539	57.4444	8.06686
-0.00999865	346.904	57.3397	8.11907
-0.0693741	346.225	57.2151	8.17494
-0.1951	345.597	57.095	8.22801
-0.284003	344.983	56.9719	8.2789
-0.359932	344.353	56.8444	8.33024
-0.41927	343.672	56.7051	8.38446
-0.487003	343.04	56.581	8.43488
-0.557345	342.369	56.4541	8.48776
-0.596232	341.694	56.3303	8.54016
-0.616818	340.978	56.2033	8.59521
-0.62837	340.299	56.0939	8.64738
-0.619183	339.62	55.993	8.69979
-0.594397	338.931	55.9016	8.75327
-0.556645	338.278	55.8198	8.80404
-0.506928	337.635	55.7445	8.85425
-0.427568	336.935	55.6648	8.90951
-0.369572	336.272	55.5997	8.96191
-0.306499	335.633	55.5325	9.01303
-0.205258	334.963	55.4582	9.06785
-0.142162	334.309	55.3844	9.12128
-0.0608002	333.663	55.2964	9.17459
0.029763	333.059	55.2029	9.22485
0.166029	332.436	55.0959	9.27816
0.259786	331.75	54.9625	9.33561
0.378298	331.134	54.8366	9.38705
0.46774	330.482	54.7065	9.44073
0.530686	329.805	54.5733	9.49548
0.610158	329.123	54.4499	9.55003
0.648315	328.408	54.3244	9.60644
0.697057	327.699	54.2056	9.66194
0.724697	326.981	54.0885	9.71739
0.732563	326.311	53.9829	9.76882
0.727931	325.623	53.88	9.82196
0.712633	324.974	53.7875	9.87228
0.675611	324.244	53.6885	9.92882
0.643578	323.565	53.6097	9.98153
0.602035	322.85	53.5266	10.0374
0.520252	322.177	53.4537	10.0912
0.465852	321.532	53.3939	10.1433
0.36915	320.837	53.3188	10.1993
0.293983	320.196	53.2485	10.2516
0.240169	319.522	53.1721	10.3064
0.173071	318.903	53.0915	10.3565
0.0724071	318.232	52.9954	10.4119
-0.00349838	317.553	52.8879	10.4665
-0.0992949	316.88	52.7765	10.5207
-0.162448	316.237	52.6644	10.5719
-0.226686	315.542	52.5446	10.6266
-0.306254	314.886	52.4297	10.6785
-0.355355	314.22	52.3143	10.7304
-0.404405	313.56	52.2019	10.7818
-0.446053	312.855	52.0833	10.8361
-0.489004	312.194	51.9759	10.8873
-0.528872	311.485	51.8634	10.9418
-0.554945	310.813	51.7592	10.9936
-0.577491	310.11	51.652	11.0477
-0.587963	309.462	51.5549	11.098
-0.588761	308.779	51.4535	11.1509
-0.578392	308.088	51.3528	11.2043
-0.566023	307.428	51.2572	11.2552
-0.548894	306.782	51.1653	11.3053
-0.525976	306.135	51.073	11.3554
-0.473581	305.44	50.9727	11.4092
-0.432053	304.775	50.8793	11.4611
-0.398965	304.112	50.792	11.5127
-0.36236	303.443	50.7034	11.5648
-0.316628	302.795	50.6169	11.6152
-0.265967	302.139	50.5253	11.6668
-0.193239	301.484	50.4279	11.7186
-0.145775	300.791	50.3177	11.7734
-0.0958891	300.115	50.2058	11.8261
-0.0487194	299.464	50.0957	11.8771
0.0299192	298.772	49.9788	11.9312
0.0760387	298.044	49.8559	11.9872
0.138622	297.368	49.745	12.0391
0.186229	296.657	49.6315	12.0938
0.23786	296.005	49.5289	12.1439
0.282413	295.337	49.4236	12.1953
0.333642	294.632	49.3128	12.2491
0.376695	293.888	49.198	12.3061
0.415593	293.194	49.0926	12.3592
0.45729	292.518	48.992	12.4109
0.493317	291.804	48.8859	12.4658
0.527538	291.127	48.7828	12.5181
0.558224	290.409	48.6705	12.5733
0.586525	289.683	48.5549	12.6289
0.606336	289.003	48.4464	12.6814
0.620803	288.282	48.3323	12.7365
0.632603	287.613	48.2275	12.7879
0.64168	286.955	48.1255	12.8384
0.652977	286.26	48.0173	12.8923
0.659432	285.53	47.903	12.9484
0.66862	284.824	47.7921	13.0029
0.677379	284.153	47.6865	13.0548
0.687887	283.495	47.584	13.1059
0.701157	282.816	47.4792	13.1586
0.717004	282.145	47.3759	13.2105
0.735253	281.468	47.2721	13.263
0.753636	280.752	47.1619	13.3182
0.772768	280.094	47.0608	13.369
0.794337	279.394	46.9543	13.4229
0.812757	278.735	46.8525	13.4741
0.832019	278.029	46.7429	13.5284
0.849868	277.335	46.6346	13.5816
0.866762	276.678	46.5314	13.6322
0.882357	276.022	46.4289	13.6827
0.897887	275.362	46.3268	13.7335
0.910951	274.697	46.2247	13.7847
0.926255	274.007	46.1179	13.8377
0.949918	273.339	46.0107	13.8889
0.975524	272.647	45.894	13.9415
1.00101	271.931	45.7613	13.9956
1.01977	271.237	45.6282	14.0482
1.03014	270.561	45.495	14.0996
1.02379	269.878	45.3617	14.1514
1.00326	269.218	45.234	14.2019
0.973122	268.558	45.1074	14.2523
0.920831	267.878	44.9749	14.3038
0.863241	267.163	44.8468	14.3582
0.782306	266.416	44.7197	14.4144
0.695631	265.676	44.6043	14.4705
0.614667	264.988	44.5042	14.5229
0.530636	264.303	44.4146	14.5753
0.450399	263.643	44.3298	14.6262
0.369156	262.995	44.2477	14.6765
0.254739	262.294	44.1553	14.731
0.166387	261.648	44.0662	14.782
0.0973596	260.948	43.961	14.8371
-0.0253137	260.277	43.8534	14.8914
-0.103893	259.626	43.7419	14.9432
-0.184242	258.984	43.6207	14.9948
-0.265467	258.339	43.4961	15.0472
-0.36306	257.65	43.3596	15.1024
-0.409344	256.997	43.2205	15.1535
-0.467237	256.323	43.085	15.2057
-0.514314	255.63	42.9513	15.2593
-0.551688	254.909	42.8163	15.3147
-0.570823	254.192	42.6931	15.3698
-0.567245	253.501	42.5821	15.4229
-0.54888	252.848	42.4857	15.4732
-0.515273	252.184	42.401	15.5247
-0.469517	251.487	42.3185	15.5784
-0.400957	250.823	42.2478	15.6302
-0.333779	250.155	42.1791	15.6826
-0.275808	249.486	42.1133	15.7352
-0.207807	248.837	42.0369	15.7861
-0.135422	248.18	41.9508	15.8385
-0.0193277	247.553	41.8593	15.8897
0.0535145	246.91	41.7555	15.9405
0.122295	246.24	41.6326	15.994
0.197823	245.604	41.5074	16.0453
0.286768	244.985	41.3765	16.0963
0.366226	244.372	41.2409	16.1468
0.471953	243.727	41.0991	16.1994
0.527992	243.081	40.961	16.2501
0.572476	242.415	40.8244	16.3018
0.593197	241.738	40.688	16.3539
0.608276	241.032	40.5602	16.408
0.607487	240.363	40.4488	16.4592
0.588354	239.696	40.3484	16.5105
0.549957	239.033	40.2579	16.5615
0.499934	238.373	40.176	16.6125
0.441268	237.68	40.1041	16.6667
0.350535	237.007	40.0359	16.7202
0.275815	236.329	39.9709	16.7736
0.203409	235.629	39.9107	16.8292
0.0971327	234.985	39.8445	16.8817
0.0143416	234.35	39.7657	16.933
-0.0403066	233.683	39.6635	16.9868
-0.107383	233.046	39.5477	17.0383
-0.206239	232.385	39.4081	17.0939
-0.28676	231.757	39.2718	17.1457
-0.350507	231.097	39.1298	17.1981
-0.448933	230.426	38.9845	17.2522
-0.489043	229.759	38.835	17.3046
-0.538164	229.082	38.6979	17.3576
-0.584446	228.367	38.5627	17.4131
-0.60157	227.696	38.4393	17.4653
-0.60809	227.002	38.3252	17.5188
-0.587795	226.269	38.2209	17.5754
-0.548348	225.608	38.1445	17.6262
-0.490068	224.938	38.0824	17.6787
-0.397646	224.258	38.0289	17.7324
-0.327273	223.554	37.9832	17.788
-0.207035	222.896	37.9291	17.8412
-0.134094	222.241	37.8723	17.8943
-0.0504883	221.614	37.7964	17.9459
0.0331184	220.96	37.6976	17.9997
0.151819	220.354	37.5854	18.051
0.238665	219.754	37.4584	18.1014
0.301454	219.112	37.305	18.1545
0.390145	218.481	37.1605	18.207
0.515446	217.834	37.0139	18.2608
0.572443	217.192	36.869	18.3123
0.616335	216.538	36.726	18.3643
0.644538	215.85	36.5778	18.418
0.672264	215.153	36.4448	18.473
0.669951	214.437	36.3187	18.5289
0.653327	213.725	36.2072	18.5843
0.618406	213.056	36.1184	18.6365
0.572549	212.41	36.0442	18.687
0.509712	211.767	35.9793	18.7376
0.420874	211.107	35.9177	18.79
0.340771	210.403	35.8611	18.8456
0.258938	209.773	35.804	18.8967
0.156321	209.162	35.7398	18.9481
0.0199259	208.521	35.655	19.0028
-0.0556887	207.878	35.5476	19.0573
-0.149576	207.294	35.4358	19.108
-0.300707	206.687	35.3135	19.1634
-0.363842	206.058	35.1779	19.2175
-0.485015	205.409	35.0464	19.2723
-0.537361	204.734	34.9039	19.3266
-0.613216	204.044	34.7674	19.3813
-0.686414	203.379	34.6388	19.4328
-0.734285	202.701	34.5139	19.4848
-0.765988	202.044	34.4038	19.5352
-0.787902	201.313	34.2916	19.5912
-0.793088	200.613	34.1941	19.6443
-0.789193	199.9	34.111	19.699
-0.751774	199.229	34.0386	19.7512
-0.710966	198.566	33.9706	19.8031
-0.671759	197.874	33.9074	19.8574
-0.604977	197.227	33.8445	19.9086
-0.502889	196.576	33.7806	19.9611
-0.434946	195.882	33.7139	20.0164
-0.350929	195.251	33.6455	20.0669
-0.263249	194.607	33.5675	20.1184
-0.131821	193.93	33.4732	20.174
-0.0467574	193.274	33.368	20.2263
0.0455483	192.636	33.2527	20.277
0.17854	191.968	33.121	20.3312
0.276036	191.302	32.9834	20.3846
0.372064	190.683	32.85	20.4348
0.440238	189.987	32.6991	20.4893
0.518069	189.34	32.5651	20.5402
0.601979	188.688	32.4318	20.5913
0.64847	187.99	32.2944	20.6449
0.681418	187.278	32.1581	20.6993
0.703682	186.616	32.0415	20.7503
0.712808	185.953	31.9329	20.8013
0.703093	185.247	31.8245	20.8554
0.676344	184.589	31.7301	20.9062
0.622641	183.874	31.6324	20.9617
0.568363	183.17	31.5457	21.0169
0.502656	182.512	31.468	21.0684
0.405383	181.845	31.3931	21.1212
0.332955	181.162	31.3229	21.1765
0.207604	180.498	31.2458	21.2308
0.11951	179.858	31.166	21.2836
0.0485545	179.203	31.0738	21.3379
-0.0530647	178.604	30.9794	21.3885
-0.143159	177.972	30.8713	21.4418
-0.249861	177.344	30.754	21.4955
-0.33514	176.679	30.6263	21.5508
-0.430212	176.007	30.4891	21.6061
-0.503231	175.339	30.3538	21.6603
-0.56367	174.693	30.2227	21.7115
-0.622437	173.996	30.0806	21.7663
-0.659467	173.316	29.9533	21.8188
-0.67995	172.657	29.8375	21.8693
-0.686222	171.975	29.7262	21.9215
-0.668121	171.323	29.6284	21.9716
-0.637117	170.615	29.5337	22.0264
-0.593048	169.928	29.4483	22.0793
-0.529645	169.271	29.375	22.1305
-0.431767	168.599	29.3048	22.1839
-0.350381	167.951	29.2483	22.2358
-0.246809	167.291	29.1801	22.2891
-0.102187	166.606	29.1072	22.346
0.00818999	165.949	29.0234	22.4007
0.163113	165.346	28.9353	22.4516
0.288281	164.72	28.8326	22.505
0.385035	164.081	28.7137	22.5577
0.547115	163.428	28.5875	22.6133
0.637799	162.764	28.4483	22.6682
0.740203	162.137	28.3186	22.7188
0.819256	161.487	28.1838	22.7708
0.914335	160.855	28.0527	22.8212
0.965561	160.203	27.9225	22.8724
1.007	159.532	27.7958	22.9245
1.02715	158.852	27.6725	22.977
1.0368	158.195	27.5612	23.0278
1.03277	157.507	27.451	23.0807
1.00636	156.839	27.3495	23.1322
0.965795	156.157	27.2526	23.185
0.91264	155.513	27.1676	23.2356
0.853147	154.851	27.0904	23.2877
0.775503	154.2	27.0164	23.3394
0.643096	153.509	26.9411	23.3957
0.536528	152.905	26.8807	23.4457
0.448006	152.252	26.8161	23.5005
0.288198	151.647	26.7474	23.5535
0.160811	151.065	26.6751	23.605
0.085901	150.428	26.5815	23.6605
-0.0634271	149.852	26.4842	23.7124
-0.169019	149.266	26.3743	23.764
-0.253935	148.614	26.24	23.8189
-0.35304	147.998	26.1124	23.8703
-0.450794	147.372	25.9798	23.9217
-0.566784	146.696	25.8391	23.9761
-0.630608	146.006	25.6931	24.0311
-0.701761	145.323	25.5605	24.0849
-0.74185	144.629	25.4309	24.139
-0.764833	143.976	25.3192	24.1892
-0.774973	143.324	25.2145	24.2394
-0.762129	142.636	25.1107	24.2931
-0.741702	141.962	25.0158	24.3448
-0.709303	141.291	24.9324	24.3963
-0.656197	140.632	24.8554	24.4471
-0.559286	139.93	24.7782	24.5024
-0.466683	139.275	24.7141	24.554
-0.378701	138.642	24.6565	24.6044
-0.296165	137.97	24.6009	24.6588
-0.139708	137.341	24.5403	24.7121
-0.0334432	136.701	24.4688	24.7658
0.0568624	136.039	24.3815	24.8211
0.211997	135.417	24.2827	24.8746
0.29274	134.76	24.1595	24.9293
0.442504	134.116	24.0311	24.9844
0.528686	133.465	23.8915	25.0367
0.625166	132.842	23.7591	25.0868
0.711359	132.167	23.6193	25.1404
0.809091	131.492	23.4826	25.1933
0.863583	130.805	23.3451	25.247
0.915268	130.155	23.2255	25.2977
0.951237	129.505	23.1131	25.3481
0.974304	128.826	23.004	25.4004
0.982303	128.153	22.9036	25.4526
0.971846	127.492	22.8111	25.5041
0.951872	126.818	22.7241	25.5572
0.91777	126.165	22.6411	25.6083
0.865794	125.477	22.5555	25.6622
0.790772	124.828	22.4791	25.7134
0.729996	124.157	22.4012	25.7664
0.654112	123.513	22.3341	25.8182
0.56969	122.892	22.2654	25.8684
0.477406	122.279	22.1978	25.9188
0.35478	121.611	22.1202	25.974
0.252326	120.97	22.0431	26.0267
0.177581	120.344	21.9665	26.078
0.0565826	119.68	21.8712	26.1332
-0.0429042	119.018	21.7673	26.1867
-0.11315	118.338	21.6495	26.241
-0.240735	117.69	21.5316	26.2936
-0.334141	117.053	21.4117	26.3446
-0.399396	116.372	21.2793	26.3982
-0.472736	115.697	21.1532	26.4514
-0.561425	114.996	21.0248	26.5066
-0.613124	114.3	20.8977	26.5609
-0.675228	113.586	20.774	26.6163
-0.714991	112.932	20.6628	26.6666
-0.742567	112.22	20.5453	26.7214
-0.765012	111.554	20.4395	26.7725
-0.772607	110.885	20.3351	26.8238
-0.769203	110.2	20.2287	26.8765
-0.752816	109.484	20.1187	26.9318
-0.718951	108.822	20.0176	26.9827
-0.681499	108.095	19.9084	27.0385
-0.631532	107.415	19.8096	27.0912
-0.549935	106.742	19.7156	27.1441
-0.478487	106.091	19.6317	27.1955
-0.404029	105.385	19.5516	27.251
-0.292998	104.702	19.4743	27.3056
-0.217256	104.032	19.4026	27.3593
-0.0954487	103.369	19.3195	27.4133
-0.0174887	102.666	19.2213	27.4697
0.0872462	102.025	19.119	27.5217
0.224766	101.364	19.0027	27.5762
0.318364	100.726	18.874	27.6282
0.403893	100.1	18.7447	27.679
0.501126	99.4539	18.6085	27.7326
0.611566	98.8285	18.4781	27.7839
0.67798	98.1813	18.3465	27.8357
0.720217	97.508	18.2062	27.8889
0.755123	96.8558	18.0787	27.9399
0.782802	96.1575	17.9495	27.9942
0.796088	95.4967	17.8331	28.0455
0.78529	94.8031	17.7196	28.0989
0.764542	94.1456	17.6218	28.1501
0.728045	93.4738	17.5295	28.2024
0.663349	92.8105	17.4456	28.2545
0.607958	92.1048	17.3684	28.3103
0.517158	91.4217	17.2951	28.3652
0.462849	90.7432	17.2329	28.4201
0.39305	90.1155	17.1702	28.4715
0.285493	89.5021	17.1044	28.5229
0.243241	88.8292	17.0263	28.5786
0.16187	88.1849	16.937	28.6322
0.0385933	87.5772	16.8391	28.6845
-0.0120818	86.9134	16.7156	28.7392
-0.0855678	86.282	16.587	28.7914
-0.20607	85.6472	16.4508	28.8444
-0.253061	84.9619	16.2964	28.8992
-0.317072	84.3371	16.1604	28.9493
-0.371328	83.6995	16.0262	28.9998
-0.406455	83.0279	15.8911	29.0527
-0.440068	82.3712	15.7625	29.1036
-0.442648	81.7129	15.6418	29.154
-0.429412	80.9902	15.5209	29.2096
-0.399922	80.3143	15.4223	29.2616
-0.352063	79.6404	15.3379	29.3138
-0.271887	79.001	15.2707	29.3641
-0.195043	78.3701	15.2104	29.4143
-0.120872	77.7169	15.1447	29.4665
-0.0596162	77.0638	15.0818	29.5191
0.0144508	76.423	15.0087	29.5712
0.133572	75.7747	14.9252	29.6253
0.218366	75.1615	14.8371	29.6766
0.274011	74.4823	14.7239	29.7328
0.38141	73.8297	14.6052	29.7879
0.458425	73.1683	14.482	29.8421
0.525137	72.5477	14.3597	29.8922
0.588117	71.8869	14.2279	29.9443
0.667722	71.2356	14.0971	29.9955
0.710305	70.5361	13.9557	30.0502
0.750578	69.8826	13.8321	30.1008
0.780178	69.1846	13.708	30.1547
0.787898	68.5103	13.5938	30.2069
0.780697	67.8383	13.4868	30.2589
0.757687	67.156	13.3848	30.3118
0.708261	66.4805	13.2883	30.3646
0.654227	65.8275	13.1992	30.4156
0.589933	65.1232	13.1111	30.4702
0.486594	64.4248	13.0278	30.5248
0.400701	63.7393	12.9614	30.5788
0.31047	63.0901	12.8985	30.6303
0.168114	62.3958	12.8275	30.6859
0.0806889	61.7324	12.7597	30.7391
-0.0735121	61.0411	12.6684	30.7957
-0.166869	60.4238	12.5736	30.8466
-0.240023	59.7679	12.4565	30.9008
-0.319704	59.1295	12.3333	30.9529
-0.418642	58.527	12.2121	31.0036
-0.513844	57.913	12.0862	31.0539
-0.635058	57.2714	11.957	31.1063
-0.695396	56.5928	11.819	31.1604
-0.76727	55.9544	11.6977	31.211
-0.824628	55.3176	11.5785	31.2613
-0.870976	54.6464	11.4562	31.3132
-0.90636	53.9941	11.3398	31.3636
-0.929046	53.296	11.2211	31.4177
-0.935255	52.598	11.1086	31.4717
-0.929211	51.9515	11.0109	31.5219
-0.902333	51.2484	10.9101	31.5766
-0.873732	50.553	10.8217	31.6313
-0.827368	49.9081	10.7454	31.6821
-0.763671	49.2666	10.6748	31.7333
-0.663719	48.6159	10.6072	31.7856
-0.585637	47.9389	10.5429	31.8406
-0.480706	47.3264	10.4789	31.8913
-0.375018	46.6858	10.4043	31.9442
-0.238506	46.0569	10.3235	31.9981
-0.146342	45.4078	10.2303	32.053
0.00331828	44.7925	10.1277	32.1066
0.114504	44.1883	10.0168	32.1579
0.193869	43.5086	9.87788	32.2141
0.337738	42.9048	9.75353	32.2656
0.41467	42.2027	9.60418	32.322
0.506121	41.5742	9.47047	32.3721
0.581795	40.8874	9.32845	32.4257
0.648563	40.1969	9.18314	32.4796
0.71297	39.4809	9.04624	32.5349
0.740516	38.7485	8.91272	32.5909
0.757828	38.0559	8.79686	32.644
0.754823	37.3849	8.69294	32.6957
0.735454	36.6922	8.59461	32.7491
0.698333	36.0216	8.50492	32.8009
0.650969	35.3518	8.42314	32.853
0.568507	34.6801	8.3481	32.9056
0.509184	33.9851	8.28241	32.9601
0.437288	33.3207	8.21719	33.0123
0.312751	32.6753	8.15465	33.0654
0.226482	32.0586	8.09253	33.1164
0.163797	31.3808	8.01872	33.1716
0.0756259	30.7608	7.93568	33.2235
-0.0501774	30.1069	7.8326	33.2785
-0.115838	29.4823	7.71633	33.3306
-0.200851	28.8812	7.59508	33.3811
-0.291897	28.2463	7.4618	33.433
-0.394077	27.5674	7.31681	33.4882
-0.453853	26.9046	7.16611	33.5404
-0.516253	26.2443	7.02662	33.5921
-0.585336	25.5526	6.88486	33.6457
-0.619709	24.8992	6.75502	33.6957
-0.640187	24.2184	6.62897	33.7477
-0.643744	23.5293	6.50934	33.8003
-0.626925	22.8293	6.39893	33.8546
-0.596138	22.1229	6.29823	33.9093
-0.55246	21.4307	6.20873	33.9633
-0.46947	20.7646	6.13452	34.0154
-0.395783	20.0731	6.07214	34.0703
-0.276146	19.3932	6.00627	34.1256
-0.183606	18.7741	5.94717	34.1762
-0.0822887	18.13	5.87897	34.2291
-0.00322498	17.4832	5.80565	34.2827
0.0873235	16.8661	5.71975	34.3343
0.239291	16.2538	5.62471	34.3873
0.33857	15.6664	5.52138	34.4377
0.41564	15.0249	5.39738	34.4923
0.543491	14.409	5.27269	34.5451
0.621559	13.7711	5.13983	34.5977
0.692371	13.098	4.99285	34.6523
0.782207	12.401	4.85221	34.7075
0.834209	11.716	4.71455	34.7612
0.89598	11.0094	4.58545	34.8163
0.925495	10.3624	4.47207	34.8663
0.937181	9.64574	4.35352	34.9218
0.939607	8.96335	4.24827	34.9751
0.923323	8.31499	4.15263	35.0255
0.892502	7.62477	4.05714	35.0796
0.848257	6.99131	3.97381	35.1299
0.78869	6.35693	3.89452	35.1802
0.720621	5.6907	3.813	35.2329
0.625155	5.00698	3.73225	35.2871
0.534631	4.38223	3.66424	35.3377
0.455339	3.68931	3.5943	35.3933
0.32487	3.03806	3.5241	35.447
0.219277	2.42432	3.45646	35.4973
0.10556	1.8061	3.38123	35.5484
0.0197994	1.1779	3.29454	35.6009
-0.128719	0.512077	3.18648	35.6567
-0.221185	-0.127464	3.07391	35.7095
-0.304043	-0.735325	2.95427	35.7603
-0.402851	-1.34627	2.83416	35.8108
-0.487706	-1.97913	2.70741	35.8622
-0.566046	-2.61094	2.57929	35.9132
-0.664072	-3.28802	2.44499	35.9676
-0.727018	-3.95123	2.31082	36.02
-0.789078	-4.5937	2.1887	36.0703
-0.831106	-5.26035	2.06812	36.122
-0.868017	-5.97159	1.94718	36.1769
-0.880096	-6.63024	1.83831	36.2276
-0.877408	-7.29896	1.73062	36.2788
-0.859835	-7.98388	1.62662	36.3319
-0.813547	-8.672	1.53256	36.3852
-0.761174	-9.37382	1.44823	36.4397
-0.69658	-10.0171	1.38109	36.4901
-0.628452	-10.7142	1.31648	36.5455
-0.517829	-11.3931	1.2444	36.6002
-0.439118	-12.0113	1.18243	36.6506
-0.343409	-12.6572	1.10254	36.7031
-0.243276	-13.2663	1.01961	36.7535
-0.0932046	-13.9067	0.921645	36.8086
-0.0177265	-14.5405	0.810035	36.861
0.0938544	-15.1926	0.688049	36.9155
0.243044	-15.8212	0.563853	36.9703
0.315133	-16.4473	0.4274	37.0231
0.445271	-17.0738	0.29234	37.076
0.522194	-17.7527	0.146177	37.1303
0.57874	-18.4166	-0.0054009	37.1832
0.652778	-19.1228	-0.150122	37.238
0.684645	-19.842	-0.292881	37.293
0.708502	-20.5009	-0.410105	37.3434
0.714449	-21.2169	-0.527783	37.3983
0.700175	-21.928	-0.634824	37.4528
0.671114	-22.5938	-0.727141	37.5037
0.614465	-23.2652	-0.812371	37.556
0.557572	-23.9136	-0.886065	37.6068
0.49878	-24.6182	-0.955721	37.6624
0.419092	-25.305	-1.02666	37.7169
0.314957	-25.9682	-1.08856	37.7712
0.234762	-26.5952	-1.15695	37.823
0.147057	-27.2071	-1.22959	37.8745
0.00343445	-27.801	-1.3113	37.9268
-0.0784925	-28.4257	-1.40932	37.9788
-0.144721	-29.0541	-1.52271	38.0324
-0.266774	-29.7141	-1.65028	38.0876
-0.331025	-30.3711	-1.79154	38.1415
-0.422028	-31.0184	-1.92887	38.1943
-0.490452	-31.6437	-2.06485	38.2445
-0.568251	-32.3444	-2.21066	38.3
-0.611227	-32.987	-2.34124	38.3501
-0.633797	-33.6986	-2.47564	38.4051
-0.646728	-34.403	-2.59189	38.4597
-0.635234	-35.0643	-2.69104	38.5106
-0.616291	-35.7421	-2.78074	38.5628
-0.568541	-36.4476	-2.87093	38.6178
-0.536033	-37.1527	-2.95142	38.6733
-0.451457	-37.8372	-3.02916	38.7278
-0.374024	-38.4645	-3.0925	38.7783
-0.305812	-39.128	-3.15066	38.8327
-0.163688	-39.7471	-3.21289	38.8863
-0.0885648	-40.3984	-3.28497	38.9412
0.0199616	-41.0583	-3.37493	38.9962
0.168106	-41.6299	-3.46291	39.0466
0.246118	-42.2805	-3.57741	39.1018
0.339433	-42.8799	-3.69117	39.1523
0.461934	-43.5359	-3.82021	39.2065
0.545108	-44.1511	-3.94468	39.2568
0.6163	-44.8346	-4.0851	39.3117
0.682925	-45.4783	-4.21335	39.3625
0.741741	-46.1596	-4.34412	39.4163
0.79827	-46.8284	-4.46709	39.4687
0.830059	-47.4992	-4.58557	39.5213
0.847868	-48.2044	-4.70071	39.5761
0.852299	-48.8936	-4.80787	39.6299
0.842047	-49.5701	-4.90633	39.6832
0.818338	-50.2078	-4.99525	39.7332
0.773434	-50.9162	-5.0913	39.7884
0.720568	-51.5783	-5.17694	39.8401
0.672782	-52.2647	-5.25889	39.8941
0.569501	-52.9533	-5.34256	39.9492
0.507229	-53.6557	-5.4193	40.005
0.425837	-54.2879	-5.48941	40.0563
0.307182	-54.9421	-5.56392	40.1097
0.220029	-55.5578	-5.63416	40.1602
0.153926	-56.2204	-5.71131	40.2138
0.0454139	-56.8811	-5.80034	40.2677
-0.0416569	-57.5122	-5.89262	40.319
-0.104906	-58.1862	-6.00074	40.3727
-0.20921	-58.8841	-6.12157	40.428
-0.280457	-59.5864	-6.25207	40.4834
-0.357189	-60.2482	-6.37585	40.5356
-0.434541	-60.9094	-6.49908	40.587
-0.519693	-61.5873	-6.62341	40.64
-0.57026	-62.3047	-6.75505	40.6959
-0.632162	-63.0013	-6.87758	40.7503
-0.673747	-63.6655	-6.99202	40.8016
-0.700748	-64.3377	-7.10521	40.8534
-0.72251	-65.0367	-7.21764	40.9074
-0.726813	-65.7096	-7.32353	40.9593
-0.720452	-66.3751	-7.42689	41.0108
-0.698384	-67.0461	-7.52953	41.0627
-0.658297	-67.7554	-7.6343	41.1175
-0.611086	-68.421	-7.72976	41.169
-0.558767	-69.0693	-7.822	41.2195
-0.499268	-69.7571	-7.91612	41.2734
-0.402056	-70.4446	-8.00765	41.3279
-0.331113	-71.1308	-8.08896	41.3823
-0.254007	-71.7754	-8.16515	41.4336
-0.169911	-72.4289	-8.24356	41.4868
-0.0530978	-73.0682	-8.32459	41.5387
0.0487297	-73.7112	-8.41363	41.591
0.131508	-74.3798	-8.51518	41.6447
0.25397	-75.0524	-8.62699	41.6999
0.339829	-75.7357	-8.75338	41.7556
0.481144	-76.3873	-8.87854	41.8092
0.553642	-77.052	-9.01672	41.8634
0.642738	-77.6938	-9.1487	41.9165
0.745591	-78.3454	-9.27887	41.9693
0.797373	-79.042	-9.42043	42.024
0.873001	-79.7526	-9.55576	42.0799
0.905636	-80.4176	-9.68226	42.1322
0.929099	-81.0724	-9.7974	42.1829
0.944244	-81.7827	-9.91589	42.2381
0.93891	-82.4583	-10.0246	42.2902
0.918745	-83.1262	-10.1266	42.3423
0.889254	-83.8529	-10.2333	42.3986
0.843951	-84.5381	-10.3261	42.4522
0.791132	-85.1876	-10.4098	42.5033
0.730538	-85.8367	-10.4872	42.5548
0.663535	-86.4809	-10.5594	42.6064
0.55552	-87.1443	-10.6321	42.6601
0.490174	-87.7769	-10.6946	42.712
0.410911	-88.4195	-10.7692	42.7646
0.298048	-89.0693	-10.8501	42.819
0.236233	-89.7317	-10.9385	42.8728
0.161555	-90.3957	-11.0424	42.9273
0.0442528	-91.0172	-11.149	42.9796
-0.0265351	-91.6757	-11.2774	43.0326
-0.0995613	-92.3504	-11.4133	43.0869
-0.216879	-92.996	-11.5502	43.1395
-0.288138	-93.6307	-11.6882	43.1903
-0.358967	-94.2693	-11.8247	43.241
-0.402529	-94.9457	-11.9672	43.2938
-0.438204	-95.586	-12.0889	43.344
-0.459559	-96.2491	-12.2072	43.3957
-0.469828	-96.9528	-12.3248	43.4505
-0.455187	-97.6305	-12.4307	43.5029
-0.420525	-98.3511	-12.5344	43.5588
-0.372308	-99.0249	-12.6216	43.6111
-0.31458	-99.6807	-12.6915	43.6625
-0.252084	-100.378	-12.7691	43.7174
-0.154094	-101.056	-12.8369	43.7724
-0.0732204	-101.718	-12.9079	43.8258
0.0349383	-102.371	-12.9773	43.8786
0.122037	-102.988	-13.0433	43.929
0.189201	-103.652	-13.1197	43.9837
0.264919	-104.282	-13.2069	44.0354
0.384014	-104.932	-13.3087	44.089
0.473685	-105.533	-13.4149	44.1393
0.537809	-106.179	-13.5414	44.1935
0.628937	-106.81	-13.6657	44.2451
0.740283	-107.48	-13.8008	44.3001
0.825247	-108.132	-13.9363	44.3528
0.8807	-108.804	-14.0843	44.4057
0.958062	-109.477	-14.2242	44.459
0.992877	-110.175	-14.3676	44.5131
1.0159	-110.874	-14.4968	44.5669
1.02753	-111.585	-14.6186	44.6216
1.00985	-112.3	-14.7315	44.6766
0.978089	-113.003	-14.8344	44.7314
0.933763	-113.685	-14.9247	44.785
0.855187	-114.397	-15.0182	44.841
0.796262	-115.079	-15.0988	44.8947
0.71845	-115.725	-15.1748	44.9459
0.635118	-116.359	-15.2472	44.9967
0.544641	-116.985	-15.3183	45.0475
0.400955	-117.623	-15.3919	45.1007
0.3335	-118.292	-15.4702	45.155
0.2246	-118.901	-15.5502	45.2065
0.0737922	-119.55	-15.646	45.2612
-0.0102425	-120.222	-15.7578	45.3169
-0.16148	-120.861	-15.8729	45.3698
-0.233137	-121.513	-16	45.4228
-0.318862	-122.207	-16.1322	45.4785
-0.41827	-122.891	-16.2642	45.533
-0.480665	-123.525	-16.3924	45.5836
-0.544287	-124.16	-16.5131	45.6338
-0.611057	-124.857	-16.6385	45.6884
-0.651351	-125.522	-16.7538	45.7398
-0.683273	-126.244	-16.8706	45.7955
-0.70038	-126.905	-16.9708	45.8466
-0.702611	-127.612	-17.0751	45.9016
-0.6894	-128.281	-17.1711	45.9536
-0.654524	-128.995	-17.2729	46.0091
-0.624694	-129.638	-17.3587	46.0592
-0.565775	-130.291	-17.4426	46.1103
-0.501101	-130.962	-17.5226	46.1636
-0.427929	-131.62	-17.6027	46.216
-0.319175	-132.265	-17.6798	46.2683
-0.259193	-132.897	-17.7562	46.3186
-0.128931	-133.56	-17.8393	46.3733
-0.0603057	-134.22	-17.9251	46.4272
0.0811549	-134.863	-18.021	46.4804
0.18206	-135.491	-18.1229	46.5321
0.253678	-136.12	-18.2369	46.5833
0.347108	-136.783	-18.3632	46.6379
0.443661	-137.395	-18.4877	46.6883
0.5592	-138.01	-18.6155	46.7388
0.620324	-138.663	-18.7492	46.7911
0.661427	-139.329	-18.8877	46.8438
0.701348	-139.995	-19.0153	46.8957
0.736573	-140.678	-19.1422	46.9487
0.741989	-141.372	-19.2649	47.0025
0.734152	-142.042	-19.3778	47.0544
0.722646	-142.755	-19.4905	47.1093
0.698049	-143.407	-19.5883	47.1595
0.661631	-144.089	-19.6849	47.2125
0.617707	-144.756	-19.7699	47.2648
0.566734	-145.399	-19.8502	47.315
0.516459	-146.065	-19.9303	47.3676
0.453128	-146.694	-20.0016	47.4183
0.359292	-147.32	-20.0694	47.469
0.305485	-148.006	-20.1418	47.5246
0.243924	-148.68	-20.2224	47.579
0.142977	-149.315	-20.3051	47.6315
0.0881344	-149.95	-20.3983	47.6839
0.0256353	-150.611	-20.5075	47.7377
-0.0501186	-151.245	-20.6229	47.789
-0.147391	-151.881	-20.7464	47.8412
-0.189646	-152.56	-20.8896	47.8954
-0.239569	-153.211	-21.023	47.9462
-0.301297	-153.906	-21.1641	48.0003
-0.328623	-154.621	-21.3111	48.0555
-0.359315	-155.268	-21.4357	48.1057
-0.378403	-155.995	-21.5659	48.1618
-0.375683	-156.645	-21.6762	48.2121
-0.35608	-157.33	-21.7806	48.2654
-0.321557	-157.995	-21.8697	48.3171
-0.269278	-158.676	-21.9511	48.3702
-0.195443	-159.393	-22.0235	48.4267
-0.10626	-160.079	-22.0935	48.4815
-0.036078	-160.744	-22.1524	48.5344
0.0564568	-161.398	-22.221	48.5874
0.134208	-162.012	-22.2905	48.6376
0.252174	-162.653	-22.3752	48.6912
0.337446	-163.279	-22.4685	48.7437
0.391385	-163.891	-22.574	48.794
0.472255	-164.535	-22.6934	48.8476
0.600993	-165.152	-22.8164	48.9011
0.673437	-165.767	-22.9436	48.9514
0.725415	-166.453	-23.0926	49.0067
0.809371	-167.142	-23.2365	49.0618
0.849089	-167.823	-23.3821	49.1154
0.895978	-168.521	-23.5172	49.1702
0.916776	-169.199	-23.6408	49.2229
0.923983	-169.864	-23.7549	49.2747
0.923337	-170.539	-23.8597	49.3272
0.902333	-171.223	-23.9586	49.3809
0.870854	-171.887	-24.0492	49.4334
0.828626	-172.537	-24.1291	49.4852
0.776813	-173.218	-24.2138	49.5391
0.684738	-173.896	-24.2953	49.5938
0.622021	-174.524	-24.3604	49.6445
0.546729	-175.166	-24.4298	49.6969
0.427836	-175.806	-24.4972	49.7505
0.331031	-176.404	-24.5591	49.8007
0.233923	-177.015	-24.6297	49.8529
0.150378	-177.627	-24.7117	49.9055
0.0520084	-178.208	-24.8042	49.956
-0.0907561	-178.839	-24.9165	50.0106
-0.189585	-179.435	-25.0324	50.0608
-0.258112	-180.106	-25.1739	50.1158
-0.354473	-180.753	-25.3082	50.1679
-0.472557	-181.414	-25.4439	50.2211
-0.542332	-182.064	-25.5744	50.2717
-0.595251	-182.751	-25.7096	50.3249
-0.645697	-183.451	-25.8357	50.3787
-0.691773	-184.157	-25.9566	50.4327
-0.715346	-184.817	-26.0642	50.4834
-0.729367	-185.525	-26.1731	50.538
-0.720658	-186.242	-26.2788	50.5935
-0.704108	-186.956	-26.3768	50.6489
-0.669844	-187.599	-26.461	50.6991
-0.606504	-188.297	-26.5475	50.7541
-0.551149	-188.974	-26.6185	50.8074
-0.456931	-189.666	-26.6944	50.8622
-0.390223	-190.321	-26.7575	50.9147
-0.294615	-190.936	-26.8298	50.9648
-0.213065	-191.559	-26.8963	51.0151
-0.12982	-192.172	-26.9739	51.0655
-0.0392288	-192.773	-27.0581	51.1157
0.049004	-193.396	-27.1569	51.1669
0.172383	-194.038	-27.27	51.2208
0.261776	-194.663	-27.3914	51.2719
0.328313	-195.318	-27.53	51.3254
0.409553	-195.984	-27.6666	51.379
0.504212	-196.658	-27.8073	51.4329
0.577217	-197.322	-27.9459	51.4848
0.629099	-198.019	-28.0914	51.539
0.682337	-198.722	-28.2231	51.5933
0.707377	-199.394	-28.3415	51.6447
0.711455	-200.065	-28.455	51.6966
0.708123	-200.727	-28.5595	51.7478
0.69254	-201.379	-28.6588	51.7988
0.657714	-202.08	-28.7617	51.8533
0.621628	-202.779	-28.8551	51.9073
0.568741	-203.426	-28.9351	51.9581
0.509459	-204.073	-29.0094	52.0089
0.414228	-204.763	-29.0883	52.0642
0.352296	-205.442	-29.1572	52.119
0.240327	-206.089	-29.2286	52.1726
0.160137	-206.699	-29.2967	52.2227
0.103448	-207.372	-29.3765	52.2781
-0.00698289	-208.02	-29.4661	52.3327
-0.0658063	-208.674	-29.5666	52.3871
-0.139133	-209.282	-29.672	52.4382
-0.251684	-209.894	-29.7866	52.4903
-0.321935	-210.532	-29.9133	52.5425
-0.407378	-211.178	-30.0465	52.5955
-0.473866	-211.814	-30.1831	52.6455
-0.527393	-212.517	-30.3222	52.7006
-0.594744	-213.225	-30.4627	52.7552
-0.630197	-213.892	-30.5858	52.8067
-0.659415	-214.624	-30.7126	52.8627
-0.663354	-215.316	-30.8286	52.9159
-0.656668	-216.02	-30.9401	52.9705
-0.628626	-216.706	-31.0427	53.0239
-0.59234	-217.431	-31.1416	53.0806
-0.536369	-218.094	-31.2249	53.1326
-0.480541	-218.774	-31.3001	53.1869
-0.409021	-219.442	-31.3738	53.24
-0.337045	-220.074	-31.4412	53.2907
-0.250852	-220.71	-31.5111	53.3416
-0.134326	-221.335	-31.5834	53.3931
-0.0474698	-221.972	-31.6599	53.4459
0.0424192	-222.587	-31.7453	53.4961
0.128568	-223.188	-31.8384	53.5462
0.234974	-223.824	-31.9479	53.6004
0.374956	-224.449	-32.0654	53.6544
0.449678	-225.092	-32.1989	53.7092
0.52944	-225.695	-32.3258	53.7593
0.64791	-226.329	-32.4629	53.8123
0.696571	-227.018	-32.6191	53.867
0.748701	-227.699	-32.7625	53.9206
0.809615	-228.409	-32.9082	53.9762
0.835312	-229.085	-33.0331	54.0286
0.850489	-229.785	-33.1554	54.0827
0.841276	-230.488	-33.274	54.1368
0.818037	-231.152	-33.3841	54.1883
0.783638	-231.808	-33.4842	54.2391
0.724629	-232.467	-33.5674	54.2914
0.672257	-233.142	-33.6445	54.345
0.620548	-233.803	-33.7099	54.3979
0.54333	-234.451	-33.7821	54.45
0.440535	-235.111	-33.8567	54.5035
0.362121	-235.76	-33.9241	54.5559
0.28186	-236.407	-33.9997	54.6093
0.15361	-237.028	-34.0772	54.6627
0.0593589	-237.65	-34.1642	54.7146
-0.0115542	-238.277	-34.264	54.7683
-0.1317	-238.895	-34.3732	54.8219
-0.217005	-239.488	-34.4867	54.8727
-0.276647	-240.146	-34.6205	54.9278
-0.359585	-240.787	-34.7503	54.9807
-0.462056	-241.406	-34.8772	55.0321
-0.526328	-242.033	-35.001	55.0825
-0.575306	-242.741	-35.1351	55.1377
-0.639535	-243.46	-35.2604	55.194
-0.669319	-244.141	-35.3737	55.2467
-0.689342	-244.816	-35.4793	55.2988
-0.692874	-245.518	-35.5845	55.353
-0.677994	-246.206	-35.6842	55.4062
-0.649183	-246.905	-35.7766	55.4606
-0.593257	-247.578	-35.8589	55.5134
-0.541829	-248.277	-35.9338	55.5684
-0.485465	-248.944	-36.0076	55.6208
-0.414657	-249.57	-36.0758	55.671
-0.32271	-250.231	-36.152	55.724
-0.266228	-250.907	-36.2318	55.7784
-0.161056	-251.586	-36.3215	55.8337
-0.0764485	-252.197	-36.4072	55.8847
-0.00765203	-252.843	-36.5095	55.9381
0.0779233	-253.454	-36.6177	55.9883
0.197432	-254.11	-36.7437	56.0436
0.26488	-254.764	-36.8813	56.0985
0.354762	-255.409	-37.0122	56.1514
0.456602	-256.042	-37.1431	56.202
0.533369	-256.721	-37.2801	56.2561
0.581449	-257.374	-37.4153	56.3072
0.62216	-258.018	-37.5373	56.3572
0.647441	-258.74	-37.6622	56.4129
0.657606	-259.438	-37.7736	56.4669
0.64527	-260.107	-37.8715	56.519
0.617426	-260.752	-37.9595	56.5694
0.564632	-261.423	-38.0463	56.6221
0.50835	-262.085	-38.1285	56.6743
0.432417	-262.74	-38.2069	56.7266
0.355986	-263.379	-38.2743	56.7782
0.256134	-264.055	-38.3506	56.833
0.173799	-264.683	-38.42	56.8847
0.105217	-265.341	-38.4932	56.9388
0.0060797	-265.956	-38.574	56.9901
-0.114912	-266.574	-38.6661	57.0416
-0.209092	-267.224	-38.7744	57.0955
-0.286637	-267.871	-38.8982	57.1486
-0.371181	-268.529	-39.0274	57.2013
-0.465488	-269.187	-39.1587	57.2542
-0.529784	-269.829	-39.2863	57.3059
-0.582094	-270.473	-39.4171	57.357
-0.63486	-271.12	-39.5398	57.408
-0.68025	-271.796	-39.6647	57.4607
-0.716061	-272.449	-39.7826	57.5115
-0.746464	-273.126	-39.8992	57.564
-0.750521	-273.84	-40.0182	57.6193
-0.741564	-274.551	-40.1333	57.6738
-0.719349	-275.242	-40.2426	57.7269
-0.683537	-275.906	-40.3386	57.7783
-0.623206	-276.611	-40.4325	57.833
-0.556564	-277.305	-40.513	57.888
-0.448621	-277.998	-40.5911	57.9436
-0.362811	-278.663	-40.6562	57.9975
-0.268158	-279.307	-40.726	58.0498
-0.175612	-279.932	-40.7977	58.1011
-0.0455842	-280.576	-40.8784	58.1556
0.0282513	-281.223	-40.9672	58.2088
0.138172	-281.856	-41.0665	58.2617
0.260175	-282.494	-41.1761	58.3149
0.363803	-283.101	-41.2879	58.3661
0.421561	-283.723	-41.4128	58.4179
0.52289	-284.389	-41.5427	58.4724
0.643677	-285.041	-41.674	58.5263
0.705471	-285.697	-41.8146	58.5792
0.779372	-286.378	-41.951	58.6332
0.814355	-287.077	-42.0897	58.6879
0.846305	-287.775	-42.2157	58.7422
0.867597	-288.464	-42.3339	58.796
0.862408	-289.151	-42.4444	58.8497
0.847821	-289.802	-42.542	58.9006
0.81247	-290.473	-42.6385	58.9534
0.768925	-291.154	-42.7322	59.0071
0.715203	-291.83	-42.8158	59.0608
0.649602	-292.482	-42.8974	59.1128
0.555189	-293.12	-42.9751	59.1642
0.477044	-293.747	-43.0455	59.2153
0.391923	-294.385	-43.111	59.2683
0.25639	-295.021	-43.1847	59.3224
0.178487	-295.631	-43.2575	59.3737
0.0811109	-296.248	-43.337	59.4257
0.000729978	-296.873	-43.4265	59.4797
-0.0919023	-297.488	-43.5254	59.5318
-0.212852	-298.089	-43.6329	59.5846
-0.284989	-298.71	-43.758	59.6382
-0.380596	-299.348	-43.8904	59.6912
-0.492831	-299.973	-44.0255	59.7434
-0.555317	-300.602	-44.1611	59.7943
-0.621025	-301.237	-44.2931	59.8449
-0.667811	-301.891	-44.4216	59.8963
-0.692786	-302.555	-44.5465	59.9483
-0.70583	-303.209	-44.6581	59.9992
-0.704339	-303.882	-44.7652	60.0513
-0.680356	-304.561	-44.8651	60.1039
-0.640438	-305.262	-44.955	60.158
-0.571844	-305.911	-45.0304	60.2085
-0.503313	-306.589	-45.1043	60.2613
-0.395317	-307.272	-45.1748	60.3157
-0.304395	-307.904	-45.2353	60.3664
-0.23266	-308.587	-45.2977	60.421
-0.105083	-309.254	-45.371	60.476
-0.032757	-309.904	-45.4471	60.5287
0.0597783	-310.558	-45.5421	60.5818
0.181835	-311.2	-45.6488	60.6356
0.271049	-311.837	-45.7708	60.688
0.351673	-312.518	-45.9044	60.7426
0.426197	-313.155	-46.0355	60.7935
0.502126	-313.771	-46.1668	60.8436
0.602718	-314.428	-46.3082	60.8964
0.657407	-315.092	-46.4567	60.9484
0.724949	-315.73	-46.5908	60.9986
0.762919	-316.405	-46.7253	61.0513
0.800401	-317.097	-46.8553	61.105
0.804496	-317.815	-46.9832	61.1604
0.796782	-318.516	-47.0985	61.2146
0.767608	-319.207	-47.2065	61.2683
0.726705	-319.893	-47.3061	61.3218
0.654718	-320.61	-47.402	61.3776
0.589617	-321.289	-47.4788	61.4311
0.490912	-321.966	-47.555	61.4851
0.402818	-322.586	-47.6181	61.5351
0.310191	-323.211	-47.682	61.5873
0.250765	-323.847	-47.7453	61.64
0.161389	-324.435	-47.8153	61.6906
0.0576607	-325.033	-47.8987	61.743
-0.0414314	-325.62	-47.9918	61.7937
-0.159592	-326.21	-48.095	61.8453
-0.264842	-326.811	-48.2076	61.8981
-0.330861	-327.451	-48.3373	61.9515
-0.42135	-328.06	-48.4613	62.002
-0.51792	-328.711	-48.5922	62.055
-0.577903	-329.356	-48.7231	62.1065
-0.623525	-330.005	-48.8532	62.1572
-0.656533	-330.676	-48.9862	62.2097
-0.678386	-331.333	-49.1046	62.2607
-0.688493	-331.985	-49.2146	62.3112
-0.681002	-332.649	-49.3191	62.3629
-0.64807	-333.32	-49.416	62.4152
-0.598357	-333.966	-49.5002	62.4659
-0.538279	-334.623	-49.5713	62.5183
-0.470448	-335.284	-49.6395	62.571
-0.346675	-335.956	-49.7047	62.6258
-0.253415	-336.58	-49.7625	62.6773
-0.177027	-337.198	-49.8172	62.7291
-0.0791738	-337.808	-49.8859	62.7801
0.0189979	-338.399	-49.9625	62.8304
0.117458	-338.985	-50.0517	62.8807
0.265988	-339.605	-50.1602	62.9354
0.340697	-340.229	-50.2865	62.9896
0.457304	-340.852	-50.4135	63.0423
0.576232	-341.456	-50.5447	63.0933
0.705818	-342.126	-50.6892	63.1485
0.777454	-342.8	-50.8417	63.2018
0.860395	-343.49	-50.9836	63.256
0.907026	-344.158	-51.1157	63.3081
0.932411	-344.889	-51.2525	63.3644
0.945725	-345.555	-51.3654	63.4154
0.935433	-346.215	-51.4692	63.4661
0.910125	-346.904	-51.5692	63.5199
0.873852	-347.577	-51.6611	63.5721
0.80102	-348.285	-51.7518	63.6274
0.744335	-348.981	-51.8277	63.6819
0.645985	-349.637	-51.8982	63.7346
0.563912	-350.273	-51.9618	63.7858
0.484606	-350.933	-52.0206	63.8402
0.385827	-351.542	-52.0834	63.8912
0.244737	-352.164	-52.1549	63.9455
0.133563	-352.73	-52.2274	63.9956
0.0308516	-353.351	-52.3223	64.0486
-0.0682624	-353.952	-52.4285	64.1017
-0.199618	-354.566	-52.5467	64.1551
-0.29373	-355.165	-52.6684	64.2062
-0.371097	-355.809	-52.8061	64.2595
-0.454394	-356.479	-52.94	64.3139
-0.54785	-357.112	-53.0646	64.3651
-0.599714	-357.824	-53.2041	64.4206
-0.646339	-358.505	-53.3287	64.4737
-0.680617	-359.224	-53.452	64.5291
-0.697152	-359.898	-53.5606	64.5814
-0.694406	-360.596	-53.6655	64.6354
-0.68471	-361.289	-53.7607	64.6893
-0.660124	-361.935	-53.8461	64.74
-0.621292	-362.575	-53.9262	64.7906
-0.569539	-363.228	-54.0055	64.8426
-0.487324	-363.886	-54.0813	64.8957
-0.409934	-364.521	-54.1496	64.9474
-0.31442	-365.138	-54.2126	64.9988
-0.238468	-365.77	-54.273	65.0515
-0.102684	-366.402	-54.3455	65.1055
0.00179672	-367.003	-54.4226	65.1563
0.101072	-367.607	-54.5095	65.207
0.200467	-368.265	-54.6182	65.2629
0.333632	-368.885	-54.7301	65.3161
0.434201	-369.475	-54.8454	65.3669
0.513588	-370.13	-54.9809	65.4218
0.642378	-370.785	-55.1131	65.4758
0.729542	-371.422	-55.2436	65.5268
0.792045	-372.09	-55.3783	65.5791
0.846994	-372.788	-55.5177	65.6338
0.91062	-373.48	-55.645	65.6875
0.937641	-374.166	-55.7664	65.7404
0.960661	-374.862	-55.881	65.7942
0.964291	-375.514	-55.9826	65.8447
0.950531	-376.176	-56.082	65.8962
0.925198	-376.83	-56.1767	65.9472
0.88829	-377.505	-56.269	66.0006
0.825079	-378.192	-56.3624	66.055
0.769986	-378.88	-56.4484	66.1097
0.689255	-379.577	-56.5373	66.1656
0.600583	-380.224	-56.6168	66.2178
0.508256	-380.861	-56.6938	66.2695
0.428053	-381.489	-56.7633	66.3207
0.347603	-382.144	-56.8439	66.3736
0.204564	-382.79	-56.9267	66.4285
0.124276	-383.449	-57.0145	66.4837
-0.0113574	-384.082	-57.1095	66.537
-0.0924834	-384.724	-57.2144	66.5903
-0.237259	-385.365	-57.3276	66.6454
-0.344397	-385.965	-57.44	66.6968
-0.436585	-386.595	-57.5627	66.7493
-0.519984	-387.237	-57.6951	66.802
-0.597647	-387.88	-57.8228	66.8541
-0.691064	-388.579	-57.9575	66.9096
-0.761209	-389.236	-58.0875	66.9617
-0.819213	-389.942	-58.2165	67.0165
-0.853194	-390.609	-58.3332	67.0682
-0.872207	-391.309	-58.4516	67.1223
-0.877233	-392.01	-58.5647	67.1763
-0.863594	-392.66	-58.6662	67.2267
-0.833188	-393.311	-58.7634	67.2772
-0.789256	-393.97	-58.8568	67.3285
-0.722475	-394.624	-58.9361	67.3801
-0.656413	-395.278	-59.0105	67.432
-0.575112	-395.905	-59.0751	67.4827
-0.452125	-396.568	-59.1451	67.5368
-0.367667	-397.237	-59.2119	67.5915
-0.262898	-397.882	-59.2863	67.6453
-0.122318	-398.482	-59.3608	67.697
-0.0342861	-399.128	-59.4515	67.7512
0.0795974	-399.74	-59.5502	67.8029
0.187435	-400.34	-59.6574	67.8546
0.330072	-400.916	-59.7689	67.9052
0.428777	-401.541	-59.8932	67.9592
0.547045	-402.111	-60.0132	68.0096
0.634774	-402.741	-60.1493	68.0616
0.746839	-403.431	-60.2899	68.1177
0.805416	-404.105	-60.4345	68.171
0.863957	-404.783	-60.5682	68.2239
0.913637	-405.48	-60.6982	68.2779
0.936505	-406.141	-60.8161	68.3296
0.943992	-406.808	-60.929	68.3811
0.938284	-407.465	-61.032	68.4319
0.91066	-408.15	-61.1337	68.4852
0.871019	-408.821	-61.2279	68.5375
0.822828	-409.512	-61.3169	68.5916
0.741148	-410.211	-61.405	68.6469
0.664929	-410.873	-61.4838	68.6998
0.597308	-411.574	-61.5595	68.7557
0.52113	-412.202	-61.6266	68.8061
0.425071	-412.874	-61.6956	68.8606
0.338292	-413.533	-61.7732	68.9152
0.203218	-414.167	-61.8534	68.9698
0.147344	-414.797	-61.9404	69.0222
-0.0159269	-415.41	-62.0384	69.077
-0.110373	-416.019	-62.1445	69.1288
-0.179969	-416.632	-62.2637	69.1811
-0.27724	-417.226	-62.3816	69.2317
-0.356419	-417.885	-62.5131	69.2853
-0.451405	-418.511	-62.6418	69.3365
-0.523409	-419.175	-62.774	69.3897
-0.563914	-419.836	-62.9084	69.4417
-0.622444	-420.539	-63.0411	69.4962
-0.650888	-421.215	-63.1661	69.5486
-0.663993	-421.892	-63.2863	69.6008
-0.663007	-422.588	-63.3983	69.6545
-0.645036	-423.235	-63.4935	69.7054
-0.600783	-423.882	-63.5791	69.756
-0.546352	-424.517	-63.6524	69.806
-0.480401	-425.168	-63.7204	69.8577
-0.418423	-425.838	-63.7804	69.9113
-0.318034	-426.5	-63.8472	69.9659
-0.230158	-427.136	-63.9115	70.0185
-0.148878	-427.759	-63.9728	70.0709
-0.0434193	-428.39	-64.0495	70.1244
0.0594821	-428.984	-64.1311	70.1749
0.19758	-429.598	-64.2261	70.2281
0.261974	-430.246	-64.3404	70.2823
0.37987	-430.871	-64.4573	70.3364
0.464375	-431.456	-64.5744	70.3865
0.544923	-432.108	-64.7022	70.4407
0.619437	-432.772	-64.84	70.4955
0.69737	-433.39	-64.9679	70.5462
0.782959	-434.062	-65.1037	70.5998
0.831588	-434.725	-65.2391	70.6514
0.875679	-435.396	-65.3636	70.7036
0.906701	-436.077	-65.4826	70.7561
0.926305	-436.723	-65.5888	70.8062
0.925891	-437.369	-65.6874	70.8566
0.912922	-438.051	-65.7845	70.9097
0.892076	-438.727	-65.8724	70.9631
0.859173	-439.385	-65.956	71.0153
0.803546	-440.055	-66.0367	71.0684
0.751032	-440.733	-66.1089	71.1225
0.692068	-441.359	-66.1757	71.1725
0.62615	-442.002	-66.245	71.2248
0.549887	-442.613	-66.31	71.2748
0.4459	-443.251	-66.3815	71.3274
0.385811	-443.883	-66.4566	71.3788
0.338234	-444.555	-66.542	71.4338
0.269979	-445.17	-66.6297	71.4844
0.170118	-445.827	-66.7332	71.5392
0.119675	-446.51	-66.8523	71.5943
0.0596064	-447.158	-66.9709	71.647
-0.025706	-447.827	-67.1001	71.7013
-0.0673501	-448.472	-67.2332	71.7522
-0.11167	-449.115	-67.3598	71.8032
-0.144837	-449.771	-67.4849	71.8546
-0.182984	-450.437	-67.605	71.9065
-0.195931	-451.094	-67.7161	71.9572
-0.199843	-451.781	-67.824	72.0107
-0.192663	-452.441	-67.9166	72.0624
-0.181556	-453.093	-68.002	72.113
-0.162771	-453.774	-68.0901	72.1659
-0.131753	-454.433	-68.175	72.2175
-0.107636	-455.128	-68.2635	72.2721
-0.0735291	-455.766	-68.3469	72.3223
-0.0364762	-456.411	-68.4306	72.3729
0.00867894	-457.046	-68.5116	72.4235
0.0867596	-457.707	-68.5984	72.4765
0.143675	-458.345	-68.6868	72.5279
0.203191	-458.992	-68.7847	72.5795
0.257144	-459.649	-68.8948	72.6325
0.328221	-460.313	-69.0149	72.6861
0.416265	-460.943	-69.134	72.737
0.473095	-461.586	-69.2566	72.7886
0.525962	-462.227	-69.3755	72.8397
0.565698	-462.88	-69.4897	72.8912
