x	y	z	t
0.464996	450.106	73.5756	0.0550095
0.454962	449.434	73.4195	0.107322
0.445812	448.727	73.2648	0.162958
0.431751	448.017	73.1028	0.219415
0.418258	447.377	72.9669	0.270474
0.40103	446.723	72.8342	0.322599
0.381707	446.092	72.7109	0.372974
0.356748	445.386	72.577	0.429543
0.327969	444.718	72.4593	0.483577
0.289494	444.09	72.355	0.53408
0.248632	443.409	72.2483	0.588909
0.201523	442.733	72.1485	0.644076
0.172555	442.108	72.0588	0.69445
0.154254	441.401	71.9556	0.751659
0.116275	440.782	71.8608	0.802239
0.0543337	440.105	71.7537	0.858821
-0.0382387	439.428	71.6428	0.915811
-0.0954827	438.812	71.534	0.967675
-0.16948	438.157	71.4158	1.02366
-0.261555	437.509	71.2874	1.07883
-0.332995	436.872	71.1629	1.13219
-0.412712	436.193	71.0222	1.18883
-0.488598	435.517	70.8868	1.24464
-0.521103	434.862	70.7563	1.29825
-0.551998	434.156	70.6363	1.35521
-0.560954	433.509	70.5429	1.40709
-0.56339	432.798	70.4643	1.46379
-0.551744	432.121	70.4066	1.51809
-0.527925	431.495	70.3515	1.56869
-0.493925	430.823	70.2862	1.62342
-0.44132	430.158	70.2215	1.67821
-0.390732	429.518	70.1451	1.73139
-0.293639	428.885	70.0631	1.78513
-0.22359	428.198	69.9678	1.84314
-0.117456	427.55	69.8697	1.89958
-0.00936078	426.932	69.7682	1.95338
0.13566	426.323	69.6626	2.00747
0.21136	425.685	69.5408	2.06342
0.304535	425.105	69.4286	2.11487
0.426992	424.512	69.3035	2.16801
0.520875	423.864	69.1731	2.22327
0.622255	423.217	69.0337	2.27812
0.691422	422.611	68.9093	2.32862
0.757455	421.918	68.7764	2.38541
0.791253	421.282	68.6617	2.43685
0.806798	420.652	68.559	2.48766
0.806757	420.031	68.4703	2.5378
0.793479	419.319	68.3831	2.59513
0.745181	418.667	68.3173	2.64812
0.690181	417.997	68.2444	2.70299
0.61694	417.395	68.1809	2.75321
0.530621	416.801	68.1166	2.80399
0.387982	416.199	68.0479	2.85716
0.289762	415.626	67.9786	2.90811
0.196777	414.996	67.8968	2.96533
0.0501855	414.398	67.8065	3.02232
-0.0644744	413.855	67.7123	3.07282
-0.185451	413.32	67.6081	3.12304
-0.3408	412.721	67.4783	3.17953
-0.449728	412.105	67.3447	3.23428
-0.57212	411.534	67.2147	3.28479
-0.689321	410.877	67.0622	3.34079
-0.776438	410.257	66.9261	3.39208
-0.857723	409.588	66.7887	3.44719
-0.896963	408.961	66.6701	3.49787
-0.91091	408.25	66.555	3.55506
-0.90322	407.579	66.4651	3.60875
-0.872469	406.897	66.3839	3.66346
-0.798921	406.243	66.3158	3.71713
-0.744844	405.548	66.2504	3.77338
-0.639739	404.854	66.1819	3.83096
-0.564822	404.231	66.1138	3.88389
-0.464142	403.64	66.0475	3.93496
-0.365409	403.07	65.9811	3.98507
-0.228021	402.501	65.9093	4.03602
-0.143635	401.881	65.8246	4.09164
0.0199702	401.265	65.7302	4.14824
0.120642	400.702	65.6343	4.19938
0.247075	400.091	65.5259	4.25441
0.383683	399.473	65.4087	4.30986
0.478819	398.853	65.2919	4.36322
0.611401	398.233	65.1742	4.41657
0.686771	397.581	65.048	4.47125
0.773223	396.971	64.9364	4.52179
0.842473	396.327	64.8262	4.57407
0.903299	395.654	64.7186	4.62815
0.940846	394.971	64.6179	4.68271
0.960251	394.31	64.5242	4.73557
0.962074	393.671	64.4347	4.78686
0.955127	392.993	64.3447	4.84117
0.929272	392.335	64.2558	4.89398
0.884711	391.644	64.1666	4.94965
0.821456	390.948	64.0734	5.00601
0.72605	390.333	63.9928	5.05634
0.652477	389.689	63.9106	5.10902
0.560614	389.057	63.8272	5.16111
0.46025	388.447	63.7469	5.21257
0.350987	387.841	63.6665	5.26415
0.21262	387.17	63.5775	5.32166
0.101019	386.552	63.4904	5.37485
-0.0450713	385.936	63.397	5.42906
-0.16399	385.306	63.2926	5.48352
-0.289275	384.743	63.1923	5.53373
-0.40909	384.167	63.0827	5.58379
-0.565426	383.523	62.9509	5.6402
-0.677273	382.867	62.8184	5.69577
-0.801945	382.198	62.6758	5.75227
-0.912662	381.528	62.5398	5.80824
-0.970039	380.826	62.3963	5.86481
-1.0293	380.137	62.2581	5.92032
-1.07035	379.502	62.1456	5.97102
-1.0833	378.812	62.0312	6.02617
-1.07827	378.108	61.925	6.08247
-1.05754	377.403	61.8276	6.1386
-1.02886	376.726	61.7489	6.19296
-0.965916	376.066	61.6751	6.24634
-0.916855	375.401	61.6099	6.30023
-0.829082	374.727	61.5369	6.35565
-0.757007	374.043	61.4626	6.4125
-0.673395	373.422	61.3874	6.46527
-0.540931	372.839	61.3134	6.51565
-0.457923	372.176	61.2238	6.57221
-0.304825	371.534	61.1311	6.62873
-0.202821	370.918	61.0373	6.6833
-0.0636347	370.268	60.9312	6.74043
0.0462675	369.683	60.8287	6.79129
0.157045	369.104	60.7242	6.84143
0.27074	368.491	60.6121	6.89482
0.390463	367.887	60.4996	6.94653
0.463375	367.241	60.3767	7.0004
0.539916	366.581	60.2585	7.05467
0.619381	365.943	60.1467	7.10696
0.669935	365.264	60.0316	7.16208
0.712393	364.621	59.9293	7.21369
0.738456	363.939	59.8247	7.26853
0.747523	363.307	59.7314	7.31941
0.738902	362.673	59.6389	7.37053
0.715781	362.021	59.5453	7.42343
0.682084	361.388	59.4567	7.47444
0.623319	360.7	59.3638	7.53034
0.561329	360.026	59.2716	7.58536
0.480543	359.417	59.1903	7.6354
0.397744	358.798	59.107	7.68641
0.286388	358.145	59.0193	7.74147
0.183008	357.521	58.9325	7.79375
0.0745146	356.923	58.8478	7.84477
-0.0719494	356.307	58.7547	7.89767
-0.168984	355.646	58.6506	7.95469
-0.283389	355.069	58.5521	8.00512
-0.425488	354.431	58.4375	8.06016
-0.552731	353.771	58.3172	8.11647
-0.623376	353.119	58.191	8.17136
-0.721918	352.486	58.0702	8.22482
-0.806792	351.881	57.9529	8.27518
-0.891861	351.202	57.8215	8.33112
-0.945095	350.531	57.699	8.38544
-0.993322	349.838	57.5792	8.44098
-1.01856	349.141	57.4694	8.49686
-1.02616	348.438	57.367	8.55264
-1.00858	347.751	57.2713	8.60726
-0.98512	347.052	57.1816	8.66297
-0.92228	346.381	57.095	8.71705
-0.873323	345.725	57.0145	8.76998
-0.796624	345.07	56.9293	8.82358
-0.686965	344.424	56.8438	8.87724
-0.604315	343.752	56.7544	8.93378
-0.476263	343.125	56.6683	8.98734
-0.389099	342.487	56.5818	9.04176
-0.235346	341.836	56.4891	9.09864
-0.133808	341.229	56.3985	9.1511
0.0129953	340.601	56.299	9.20672
0.107682	339.959	56.1882	9.2628
0.221858	339.387	56.0866	9.31285
0.33878	338.806	55.9804	9.3632
0.460341	338.19	55.8666	9.41653
0.55636	337.578	55.7527	9.46904
0.619054	336.953	55.6335	9.52175
0.685186	336.322	55.518	9.57428
0.751505	335.649	55.3989	9.62974
0.786736	335.024	55.289	9.68119
0.812597	334.336	55.1775	9.73713
0.816137	333.669	55.0751	9.79136
0.805439	332.95	54.9701	9.85002
0.772768	332.335	54.8865	9.90007
0.732459	331.696	54.8064	9.95175
0.682839	331.056	54.7237	10.0037
0.60535	330.359	54.6344	10.0609
0.51199	329.683	54.5448	10.1168
0.46843	329.075	54.465	10.167
0.360618	328.475	54.385	10.2177
0.271952	327.865	54.3019	10.2695
0.201263	327.205	54.2104	10.326
0.0671105	326.603	54.1203	10.3782
-0.0252149	325.995	54.0194	10.431
-0.126431	325.394	53.9143	10.4828
-0.256266	324.732	53.7929	10.5406
-0.352156	324.132	53.6811	10.5918
-0.457975	323.488	53.5599	10.6461
-0.54253	322.891	53.4426	10.6963
-0.640468	322.243	53.3109	10.7511
-0.719648	321.597	53.1838	10.805
-0.796432	320.916	53.0494	10.8614
-0.853322	320.236	52.9241	10.9169
-0.876236	319.565	52.8063	10.9711
-0.887557	318.861	52.6935	11.0276
-0.879975	318.141	52.5873	11.0852
-0.848619	317.469	52.4954	11.139
-0.811842	316.768	52.4103	11.1952
-0.745176	316.086	52.3328	11.2507
-0.682091	315.431	52.2551	11.3045
-0.578581	314.804	52.1812	11.3573
-0.510539	314.166	52.1073	11.4112
-0.420241	313.529	52.0256	11.4656
-0.314395	312.948	51.9493	11.5158
-0.163392	312.361	51.8671	11.5691
-0.0759426	311.746	51.7751	11.623
0.0373625	311.153	51.6766	11.675
0.150081	310.561	51.5727	11.727
0.294399	309.982	51.4657	11.7781
0.381245	309.355	51.3434	11.8326
0.502879	308.71	51.2199	11.888
0.580529	308.062	51.0918	11.943
0.654017	307.419	50.97	11.9969
0.739954	306.807	50.8559	12.0484
0.788938	306.169	50.7426	12.1007
0.817364	305.516	50.6312	12.1538
0.839854	304.823	50.5211	12.2097
0.843966	304.18	50.425	12.2617
0.833876	303.507	50.3282	12.3162
0.799875	302.822	50.2381	12.3717
0.760669	302.16	50.1535	12.4255
0.68863	301.505	50.0718	12.479
0.637478	300.842	49.9925	12.5339
0.553749	300.203	49.9112	12.5867
0.454954	299.535	49.8281	12.643
0.318372	298.877	49.7412	12.6995
0.252305	298.242	49.6563	12.7541
0.145338	297.632	49.5679	12.8067
0.0385885	297.041	49.4766	12.8581
-0.108301	296.462	49.3808	12.909
-0.213674	295.857	49.2757	12.961
-0.299762	295.26	49.1633	13.0122
-0.404066	294.605	49.0408	13.0677
-0.538271	294.012	48.9262	13.1186
-0.621546	293.39	48.807	13.1707
-0.689208	292.752	48.6813	13.2234
-0.763973	292.138	48.5653	13.2744
-0.847383	291.462	48.4418	13.3305
-0.887997	290.804	48.3221	13.3844
-0.926787	290.123	48.2066	13.4395
-0.94137	289.497	48.1049	13.4897
-0.942101	288.811	48.0023	13.5448
-0.931562	288.167	47.9117	13.5963
-0.899921	287.469	47.8237	13.6524
-0.844355	286.781	47.7396	13.7081
-0.797287	286.1	47.665	13.7632
-0.73717	285.472	47.595	13.8144
-0.638554	284.808	47.5183	13.8696
-0.577052	284.172	47.4475	13.9229
-0.487781	283.537	47.368	13.9768
-0.353185	282.935	47.2892	14.0298
-0.267567	282.286	47.2008	14.0861
-0.130109	281.674	47.1092	14.1396
-0.029225	281.058	47.0124	14.1934
0.1074	280.424	46.9047	14.2485
0.167168	279.824	46.7987	14.2991
0.280539	279.161	46.6772	14.3556
0.396351	278.51	46.5571	14.4108
0.475396	277.834	46.4296	14.4672
0.560298	277.175	46.3066	14.522
0.621868	276.507	46.1869	14.5768
0.682333	275.873	46.0745	14.6288
0.717291	275.194	45.957	14.6838
0.744015	274.54	45.8496	14.7366
0.761753	273.878	45.7436	14.79
0.765503	273.198	45.6368	14.8449
0.749186	272.514	45.5333	14.9
0.731558	271.815	45.4348	14.9562
0.680305	271.138	45.3406	15.0112
0.639145	270.49	45.255	15.0647
0.559922	269.83	45.1662	15.1194
0.502171	269.177	45.083	15.1738
0.428018	268.571	45.0038	15.2251
0.314861	267.904	44.9153	15.2821
0.228063	267.246	44.8222	15.338
0.0796268	266.644	44.735	15.3909
-0.0231606	266.07	44.6474	15.441
-0.105199	265.46	44.5469	15.4934
-0.200349	264.865	44.4434	15.5448
-0.303124	264.239	44.3318	15.5984
-0.4347	263.619	44.2181	15.6517
-0.513799	263.002	44.0981	15.7038
-0.602042	262.373	43.9777	15.7564
-0.679252	261.728	43.8545	15.8096
-0.766521	261.057	43.7228	15.8656
-0.840168	260.372	43.5959	15.9217
-0.877984	259.67	43.4684	15.9784
-0.907012	258.976	43.3523	16.0341
-0.915641	258.297	43.2491	16.0888
-0.911687	257.666	43.161	16.1391
-0.88931	256.953	43.0716	16.1962
-0.859875	256.317	42.9976	16.2475
-0.802798	255.651	42.9275	16.3022
-0.75328	254.966	42.8501	16.3583
-0.688748	254.358	42.783	16.4085
-0.608251	253.709	42.7111	16.463
-0.533165	253.062	42.6302	16.5176
-0.407729	252.451	42.551	16.571
-0.337445	251.824	42.4662	16.6253
-0.195894	251.201	42.3737	16.6802
-0.119697	250.586	42.2752	16.7338
0.0135367	249.949	42.1655	16.79
0.0847815	249.323	42.0496	16.8446
0.182661	248.747	41.9407	16.8948
0.306764	248.104	41.8186	16.9504
0.370433	247.461	41.6903	17.0053
0.445087	246.862	41.5733	17.056
0.529046	246.212	41.4494	17.1102
0.577706	245.572	41.3275	17.1631
0.625737	244.926	41.2131	17.216
0.667405	244.257	41.1001	17.2703
0.687686	243.587	40.9919	17.3246
0.697896	242.934	40.8921	17.3776
0.687848	242.262	40.7936	17.4319
0.67498	241.586	40.702	17.4866
0.638108	240.876	40.6109	17.544
0.599601	240.219	40.5272	17.5977
0.518657	239.565	40.4452	17.6524
0.465262	238.901	40.3664	17.7081
0.362286	238.286	40.2904	17.7612
0.290168	237.686	40.2185	17.8135
0.2108	237.094	40.1408	17.8654
0.128076	236.51	40.0602	17.9171
-0.0117476	235.899	39.9688	17.972
-0.0831037	235.318	39.8735	18.0229
-0.192613	234.75	39.772	18.0731
-0.30875	234.137	39.6576	18.1263
-0.416177	233.506	39.5327	18.18
-0.537559	232.879	39.3971	18.2331
-0.627542	232.267	39.2684	18.2841
-0.698517	231.628	39.1393	18.3363
-0.763937	230.983	39.016	18.3886
-0.820452	230.29	38.8918	18.4444
-0.849999	229.624	38.7826	18.4982
-0.865041	228.987	38.6856	18.5488
-0.863865	228.28	38.5861	18.6052
-0.832571	227.588	38.4933	18.6606
-0.792198	226.963	38.415	18.7107
-0.741375	226.328	38.337	18.762
-0.699794	225.676	38.2617	18.8146
-0.606728	224.994	38.1779	18.871
-0.530356	224.313	38.0984	18.9282
-0.444483	223.701	38.0237	18.9798
-0.329299	223.059	37.9443	19.0352
-0.218092	222.428	37.8582	19.0901
-0.074023	221.805	37.7684	19.1451
0.0218044	221.174	37.6682	19.1998
0.137693	220.541	37.5594	19.2551
0.264787	219.931	37.4504	19.3085
0.391509	219.294	37.3286	19.3634
0.483584	218.643	37.2059	19.418
0.577519	218.043	37.0907	19.4683
0.678837	217.399	36.9697	19.5223
0.733862	216.737	36.8451	19.5765
0.793295	216.034	36.72	19.6336
0.824036	215.381	36.6101	19.6867
0.841678	214.747	36.5086	19.7386
0.845444	214.104	36.41	19.7911
0.834879	213.431	36.3119	19.8459
0.810711	212.787	36.2226	19.8992
0.761051	212.139	36.1364	19.9526
0.712137	211.467	36.0527	20.0078
0.637569	210.796	35.9712	20.0637
0.57315	210.129	35.8868	20.1191
0.460225	209.502	35.8077	20.1732
0.380086	208.867	35.729	20.2277
0.282506	208.287	35.6525	20.278
0.193252	207.693	35.5705	20.3298
0.0486148	207.097	35.4826	20.3834
-0.0387619	206.478	35.3823	20.4377
-0.137016	205.89	35.2798	20.4894
-0.282039	205.282	35.1668	20.5436
-0.369602	204.68	35.0444	20.596
-0.500585	204.005	34.905	20.654
-0.602683	203.369	34.7748	20.7073
-0.683698	202.722	34.6421	20.7606
-0.778609	202.075	34.5063	20.8139
-0.847373	201.376	34.3743	20.8709
-0.884784	200.715	34.2533	20.9242
-0.923386	200.009	34.1351	20.9813
-0.932249	199.325	34.0273	21.0366
-0.931502	198.655	33.9274	21.0906
-0.914734	198.027	33.8379	21.1408
-0.88415	197.373	33.7483	21.193
-0.861164	196.684	33.6615	21.2479
-0.809009	196.057	33.5847	21.2982
-0.75415	195.42	33.5074	21.3492
-0.658646	194.762	33.4277	21.4031
-0.588489	194.145	33.357	21.4542
-0.458519	193.473	33.271	21.5111
-0.391015	192.831	33.188	21.5643
-0.292278	192.179	33.0953	21.62
-0.172368	191.527	32.9961	21.6764
-0.0817725	190.904	32.8952	21.7301
0.0361278	190.245	32.7779	21.7869
0.163541	189.588	32.6565	21.8434
0.24309	188.979	32.5327	21.896
0.356186	188.322	32.4021	21.9514
0.414991	187.665	32.2653	22.0058
0.501277	186.973	32.1302	22.0627
0.55126	186.316	32.0005	22.1168
0.606164	185.644	31.8794	22.1715
0.631392	184.949	31.7611	22.2278
0.641566	184.302	31.6618	22.2805
0.633426	183.666	31.5719	22.3325
0.613153	183.026	31.4922	22.3854
0.580066	182.366	31.4125	22.4395
0.517097	181.702	31.3414	22.4945
0.447522	181.081	31.273	22.5465
0.3565	180.419	31.1977	22.602
0.285757	179.749	31.1254	22.6582
0.166583	179.106	31.0499	22.7134
0.0932084	178.494	30.9807	22.7662
-0.0375797	177.861	30.8993	22.8215
-0.119076	177.216	30.8103	22.8776
-0.221649	176.626	30.7186	22.9302
-0.376698	176.068	30.6232	22.9816
-0.478415	175.483	30.5177	23.0336
-0.552996	174.898	30.4026	23.0847
-0.643419	174.281	30.283	23.1375
-0.733799	173.685	30.1639	23.1882
-0.838124	173.05	30.0378	23.2416
-0.894297	172.441	29.915	23.2917
-0.932002	171.79	29.784	23.3444
-0.968944	171.152	29.6641	23.3962
-1.00047	170.46	29.5419	23.4521
-1.00996	169.829	29.4352	23.503
-1.00633	169.121	29.3235	23.5599
-0.986219	168.446	29.2257	23.6145
-0.961894	167.802	29.1394	23.6667
-0.905669	167.125	29.0536	23.7219
-0.85834	166.41	28.9707	23.7797
-0.786477	165.715	28.8916	23.8365
-0.714069	165.084	28.8184	23.8887
-0.633731	164.468	28.7473	23.9397
-0.538924	163.857	28.6749	23.9911
-0.41442	163.188	28.5944	24.0485
-0.308323	162.597	28.5185	24.099
-0.209795	161.99	28.434	24.1505
-0.090559	161.34	28.3369	24.2066
0.0418185	160.684	28.2301	24.2631
0.117085	160.03	28.1152	24.3187
0.252379	159.384	27.9979	24.3745
0.31821	158.716	27.8683	24.4304
0.423718	158.105	27.7497	24.4824
0.477796	157.444	27.6197	24.5373
0.553072	156.789	27.4972	24.5916
0.619415	156.11	27.3713	24.6475
0.661494	155.456	27.2571	24.701
0.680038	154.786	27.1439	24.7555
0.689261	154.115	27.0383	24.8098
0.686541	153.479	26.9433	24.8616
0.662693	152.845	26.8531	24.9135
0.634871	152.212	26.7697	24.9652
0.588007	151.547	26.6816	25.0196
0.521268	150.907	26.5986	25.0724
0.45898	150.287	26.5187	25.1244
0.405959	149.621	26.4339	25.1796
0.304863	148.953	26.3489	25.236
0.223717	148.328	26.2663	25.2893
0.100869	147.734	26.1869	25.3415
0.0288263	147.088	26.0966	25.397
-0.10121	146.45	25.9977	25.4529
-0.176298	145.854	25.8954	25.5053
-0.288962	145.301	25.7929	25.5556
-0.386767	144.672	25.6719	25.6112
-0.522715	144.089	25.5543	25.6626
-0.602416	143.472	25.4233	25.7152
-0.677215	142.812	25.2912	25.7709
-0.75851	142.193	25.1696	25.8227
-0.806152	141.557	25.0511	25.8749
-0.836293	140.933	24.9386	25.9254
-0.857059	140.22	24.8215	25.9828
-0.865059	139.528	24.7146	26.0386
-0.858081	138.897	24.6234	26.0892
-0.82709	138.206	24.5322	26.1453
-0.78446	137.544	24.4481	26.199
-0.735455	136.906	24.37	26.2511
-0.648997	136.256	24.2913	26.3048
-0.59061	135.569	24.2135	26.3612
-0.470612	134.945	24.1405	26.4148
-0.398658	134.271	24.0629	26.4711
-0.311861	133.659	23.9873	26.5226
-0.19612	133.018	23.9039	26.5771
-0.118451	132.382	23.8113	26.6313
0.0118437	131.719	23.707	26.6891
0.0903388	131.109	23.606	26.7408
0.194163	130.451	23.4906	26.7975
0.263281	129.83	23.3791	26.8501
0.375851	129.231	23.2671	26.9018
0.441138	128.57	23.1387	26.9573
0.507304	127.933	23.0174	27.0108
0.584646	127.315	22.8999	27.0622
0.621508	126.642	22.7736	27.1174
0.652956	125.982	22.6558	27.1709
0.677841	125.338	22.5456	27.2233
0.685579	124.678	22.4387	27.2764
0.683712	124.027	22.3397	27.3292
0.660232	123.365	22.2446	27.3827
0.630829	122.755	22.1617	27.4328
0.584739	122.133	22.0792	27.4839
0.528299	121.523	21.9999	27.5344
0.490423	120.894	21.9214	27.5865
0.418767	120.267	21.8405	27.6391
0.320707	119.605	21.7579	27.6962
0.244952	118.956	21.6724	27.7511
0.105643	118.335	21.5884	27.8057
0.0362376	117.717	21.5022	27.8596
-0.110969	117.1	21.4071	27.9147
-0.196534	116.52	21.3066	27.9663
-0.298618	115.885	21.1886	28.0219
-0.428869	115.323	21.0753	28.0723
-0.508464	114.748	20.954	28.1224
-0.587996	114.163	20.829	28.1727
-0.660675	113.57	20.702	28.223
-0.727126	112.949	20.5722	28.275
-0.774825	112.342	20.4512	28.3253
-0.80458	111.663	20.3249	28.3813
-0.826743	111.047	20.221	28.4317
-0.835107	110.4	20.1211	28.4844
-0.822279	109.775	20.0319	28.5354
-0.79874	109.114	19.9485	28.5892
-0.754938	108.401	19.8653	28.6466
-0.708362	107.729	19.7876	28.701
-0.621033	107.093	19.7176	28.7535
-0.551345	106.458	19.6482	28.8061
-0.485705	105.813	19.5816	28.8601
-0.372186	105.155	19.5046	28.916
-0.301761	104.537	19.4337	28.969
-0.193532	103.915	19.351	29.0233
-0.0761493	103.299	19.263	29.0774
0.0581832	102.64	19.1585	29.1344
0.100544	101.996	19.0476	29.1893
0.217377	101.365	18.9335	29.2437
0.30977	100.765	18.8185	29.2944
0.396866	100.167	18.7005	29.3448
0.460493	99.5337	18.5703	29.3979
0.51875	98.9147	18.4492	29.4492
0.574382	98.2954	18.3303	29.5008
0.636561	97.6493	18.213	29.5535
0.66759	96.9981	18.1007	29.6062
0.689114	96.3762	17.9987	29.6567
0.701644	95.7153	17.8958	29.7104
0.701262	95.0662	17.7989	29.7633
0.674496	94.4257	17.7081	29.8159
0.645289	93.8073	17.6254	29.8667
0.613472	93.1591	17.5452	29.9197
0.561903	92.5409	17.4677	29.9711
0.493286	91.9323	17.3913	30.0222
0.40898	91.2849	17.3123	30.0778
0.291094	90.6612	17.2323	30.1322
0.196403	90.0617	17.153	30.1845
0.120428	89.4851	17.071	30.2349
0.054547	88.865	16.9732	30.2895
-0.095256	88.2367	16.8626	30.3451
-0.208603	87.6599	16.7511	30.3965
-0.279025	87.0395	16.619	30.4498
-0.418921	86.3968	16.4854	30.5065
-0.495634	85.8057	16.3516	30.5572
-0.581572	85.1699	16.22	30.6104
-0.684524	84.5154	16.0901	30.666
-0.745622	83.8652	15.9628	30.7203
-0.818709	83.2073	15.8451	30.7749
-0.852102	82.5977	15.7408	30.825
-0.867231	81.9121	15.6319	30.881
-0.873558	81.2449	15.5342	30.9358
-0.862369	80.6198	15.4503	30.9865
-0.840412	79.9946	15.3811	31.0374
-0.802284	79.3728	15.316	31.088
-0.729927	78.6931	15.2445	31.144
-0.667274	78.0748	15.1824	31.1949
-0.606146	77.4096	15.1173	31.2503
-0.495903	76.7635	15.0467	31.3054
-0.424235	76.1045	14.9774	31.3614
-0.33703	75.4993	14.9061	31.4133
-0.203809	74.9077	14.8319	31.4654
-0.115216	74.32	14.7499	31.5155
-0.0480316	73.7109	14.6559	31.5679
0.0945107	73.0567	14.5439	31.6248
0.171882	72.4451	14.4286	31.6777
0.254513	71.8391	14.3114	31.7287
0.363207	71.1846	14.183	31.7841
0.416082	70.5348	14.0487	31.8382
0.523233	69.8453	13.9138	31.8959
0.581537	69.2198	13.7861	31.9486
0.62323	68.6008	13.6679	31.9997
0.663659	67.9798	13.5541	32.051
0.699908	67.3381	13.4428	32.1037
0.722025	66.7046	13.3379	32.1556
0.724169	66.0859	13.2391	32.2064
0.71782	65.4492	13.1405	32.2587
0.702006	64.8197	13.048	32.3102
0.655052	64.1564	12.9552	32.3643
0.597883	63.5418	12.8732	32.4155
0.535981	62.936	12.7954	32.466
0.478067	62.2933	12.7184	32.5197
0.392639	61.6983	12.6471	32.5704
0.295203	61.1239	12.5795	32.6204
0.155028	60.4828	12.5027	32.6777
0.0593124	59.8834	12.4248	32.7312
-0.0791693	59.2872	12.3417	32.7846
-0.156327	58.6544	12.2433	32.8403
-0.296439	58.0261	12.1322	32.8967
-0.367075	57.4329	12.0136	32.9486
-0.472684	56.8659	11.8984	32.9988
-0.572803	56.2763	11.7777	33.0502
-0.654432	55.6904	11.6552	33.1003
-0.742083	55.0209	11.52	33.1572
-0.802747	54.4141	11.3932	33.2081
-0.853223	53.7441	11.2686	33.2634
-0.891313	53.098	11.1553	33.317
-0.906073	52.4454	11.0488	33.3703
-0.910971	51.8263	10.9565	33.4203
-0.892255	51.1602	10.8638	33.4748
-0.868163	50.4972	10.7835	33.5286
-0.807781	49.8158	10.7025	33.5841
-0.757227	49.1918	10.633	33.6349
-0.698826	48.5743	10.566	33.6854
-0.632294	47.9237	10.4987	33.7399
-0.518622	47.2611	10.4217	33.796
-0.438664	46.6116	10.3478	33.8514
-0.329095	45.9982	10.2709	33.9047
-0.26399	45.3805	10.1898	33.958
-0.163451	44.7738	10.1016	34.0112
-0.0759127	44.1784	10.0098	34.0632
0.0328195	43.5325	9.90079	34.1185
0.122531	42.9102	9.79173	34.1715
0.238096	42.2943	9.67968	34.2242
0.313402	41.643	9.55495	34.2791
0.390682	41.047	9.44127	34.3292
0.465531	40.3977	9.31851	34.3837
0.568637	39.7581	9.1963	34.4377
0.61735	39.0755	9.06462	34.4944
0.681544	38.4598	8.9501	34.5461
0.723095	37.8462	8.83926	34.597
0.747306	37.1792	8.72272	34.6524
0.767748	36.5504	8.61801	34.7042
0.76621	35.9309	8.51822	34.7551
0.756913	35.2522	8.41332	34.8113
0.731383	34.6244	8.32394	34.8629
0.678244	33.9816	8.23766	34.9157
0.639235	33.3214	8.15549	34.97
0.560566	32.6542	8.07105	35.0255
0.493726	32.0474	7.99795	35.0763
0.427212	31.4171	7.92574	35.1295
0.323175	30.7697	7.84487	35.1852
0.270136	30.1291	7.76486	35.2406
0.139469	29.5082	7.68037	35.2961
0.0731796	28.9294	7.60092	35.3483
-0.0140757	28.3273	7.50636	35.4014
-0.161608	27.7237	7.40209	35.4564
-0.236532	27.092	7.28213	35.5121
-0.345965	26.4613	7.15797	35.5676
-0.439831	25.8672	7.02899	35.6195
-0.553469	25.2344	6.89605	35.6742
-0.620338	24.5874	6.75177	35.7291
-0.711202	23.9813	6.62359	35.7802
-0.776552	23.3095	6.49126	35.8357
-0.819909	22.6602	6.36769	35.8891
-0.844122	22.0157	6.25811	35.9416
-0.856557	21.3291	6.15105	35.9969
-0.847614	20.6674	6.05868	36.0506
-0.82001	20.0047	5.97367	36.1046
-0.77687	19.3492	5.8968	36.1581
-0.728479	18.6706	5.82952	36.2136
-0.639918	18.0504	5.76737	36.2648
-0.576096	17.396	5.70498	36.3198
-0.489526	16.7589	5.6353	36.3738
-0.378349	16.1429	5.56614	36.4263
-0.306252	15.5066	5.49398	36.4806
-0.20285	14.8755	5.41193	36.5348
-0.119703	14.2863	5.33086	36.5865
-0.0224687	13.7008	5.24567	36.6385
0.0441406	13.1254	5.15526	36.6887
0.122223	12.4914	5.04826	36.7437
0.219677	11.8619	4.93293	36.7989
0.278604	11.2142	4.81119	36.8534
0.369249	10.5728	4.68557	36.9079
0.430697	9.97293	4.56354	36.9582
0.497552	9.36069	4.4321	37.0101
0.549068	8.69638	4.30062	37.0648
0.618561	7.99335	4.16253	37.1224
0.656849	7.38304	4.04991	37.1725
0.685318	6.76729	3.94359	37.2229
0.697708	6.0959	3.83566	37.2779
0.689058	5.46219	3.74163	37.33
0.666447	4.82438	3.65306	37.3824
0.619772	4.1717	3.5685	37.4365
0.570652	3.52945	3.49482	37.4899
0.498933	2.85712	3.41584	37.5456
0.403487	2.22283	3.34989	37.5994
0.321689	1.60083	3.28015	37.652
0.227074	0.998622	3.21081	37.7044
0.109749	0.391703	3.13684	37.7573
0.019873	-0.181713	3.06459	37.8077
-0.0573921	-0.805149	2.98134	37.8617
-0.199887	-1.40531	2.88934	37.9163
-0.296349	-2.04294	2.77652	37.9723
-0.404595	-2.61784	2.66211	38.0227
-0.564227	-3.22999	2.53333	38.0773
-0.657381	-3.89875	2.38301	38.1343
-0.773596	-4.53593	2.24527	38.1888
-0.849488	-5.14006	2.10708	38.2391
-0.913976	-5.79539	1.97219	38.2933
-0.983354	-6.47586	1.83927	38.3491
-1.01996	-7.14661	1.71164	38.404
-1.05994	-7.78488	1.60044	38.4563
-1.06664	-8.42829	1.49692	38.5087
-1.05994	-9.08297	1.40052	38.5622
-1.03369	-9.74158	1.31001	38.6161
-1.00099	-10.3919	1.23434	38.6703
-0.950216	-11.0327	1.16163	38.7232
-0.857716	-11.7016	1.08585	38.7791
-0.774985	-12.3271	1.02262	38.8322
-0.679767	-12.9202	0.955658	38.8832
-0.556411	-13.5323	0.882135	38.9366
-0.465137	-14.1726	0.805059	38.9921
-0.35732	-14.76	0.728213	39.0434
-0.237783	-15.3379	0.645808	39.0957
-0.0793943	-15.9008	0.561238	39.1478
0.0129934	-16.484	0.466116	39.2012
0.131966	-17.0452	0.369627	39.2529
0.274728	-17.6104	0.267049	39.3056
0.38045	-18.2149	0.154312	39.3592
0.460639	-18.8015	0.0369884	39.4106
0.561931	-19.3848	-0.076769	39.4609
0.641958	-20.0223	-0.198847	39.5145
0.725425	-20.6931	-0.325545	39.57
0.772881	-21.312	-0.435607	39.6209
0.809041	-21.9365	-0.540986	39.672
0.831328	-22.6186	-0.648068	39.7269
0.832705	-23.2554	-0.744949	39.7785
0.820972	-23.9134	-0.835781	39.8322
0.787203	-24.579	-0.922099	39.8869
0.749526	-25.1921	-0.994902	39.9372
0.701729	-25.8339	-1.06687	39.9896
0.64323	-26.4401	-1.12661	40.0398
0.566974	-27.0641	-1.19555	40.0921
0.482793	-27.6672	-1.2625	40.1432
0.366576	-28.3068	-1.33653	40.1975
0.27152	-28.8913	-1.40478	40.2478
0.174624	-29.4753	-1.47744	40.2982
0.1078	-30.1278	-1.56442	40.3533
-0.0150787	-30.7864	-1.65952	40.4108
-0.107519	-31.3682	-1.75151	40.461
-0.216942	-31.9915	-1.85808	40.5152
-0.354547	-32.609	-1.97143	40.5696
-0.44664	-33.1992	-2.0867	40.6198
-0.508784	-33.8427	-2.22203	40.6735
-0.605422	-34.4737	-2.35337	40.727
-0.68987	-35.1178	-2.49684	40.7808
-0.784721	-35.781	-2.63668	40.8362
-0.850677	-36.424	-2.77176	40.8898
-0.888541	-37.0798	-2.90862	40.944
-0.939499	-37.7269	-3.03117	40.9973
-0.959839	-38.3706	-3.1476	41.0499
-0.969642	-39.0005	-3.2579	41.1011
-0.968984	-39.6413	-3.35945	41.1533
-0.948268	-40.2911	-3.45342	41.2066
-0.911515	-40.9402	-3.53691	41.2597
-0.877812	-41.5891	-3.60814	41.3132
-0.792858	-42.219	-3.67883	41.3664
-0.716896	-42.8464	-3.74904	41.4199
-0.640567	-43.4341	-3.81255	41.4703
-0.58734	-44.0685	-3.88132	41.5253
-0.477601	-44.6637	-3.95349	41.578
-0.410956	-45.3069	-4.03791	41.6343
-0.297814	-45.9104	-4.12623	41.6881
-0.219323	-46.4903	-4.22261	41.7402
-0.130339	-47.0811	-4.32689	41.7923
-0.0317298	-47.6653	-4.43679	41.8438
0.0925333	-48.3023	-4.56023	41.8991
0.162791	-48.9133	-4.68634	41.9514
0.247201	-49.5042	-4.80329	42.0022
0.305585	-50.1334	-4.9246	42.0553
0.380997	-50.8154	-5.05488	42.1126
0.436272	-51.4937	-5.1762	42.1681
0.463768	-52.1086	-5.28368	42.2187
0.475592	-52.7452	-5.38959	42.2706
0.474081	-53.4465	-5.50011	42.3275
0.45298	-54.1254	-5.59788	42.3831
0.397258	-54.8029	-5.68933	42.4389
0.357261	-55.4609	-5.76851	42.4932
0.28209	-56.0711	-5.8414	42.544
0.206143	-56.6731	-5.91172	42.5955
0.102325	-57.3028	-5.98565	42.6497
0.0138309	-57.8882	-6.05439	42.7001
-0.0814431	-58.503	-6.12661	42.7538
-0.217655	-59.1623	-6.21499	42.8107
-0.312439	-59.7225	-6.29413	42.8609
-0.441898	-60.2939	-6.38593	42.9123
-0.516329	-60.9073	-6.49419	42.9648
-0.612144	-61.4817	-6.60416	43.0149
-0.730313	-62.0936	-6.729	43.0688
-0.819791	-62.7027	-6.86468	43.1218
-0.907645	-63.3531	-7.00279	43.1772
-1.00079	-63.982	-7.14467	43.2308
-1.06423	-64.6242	-7.27831	43.2843
-1.12158	-65.267	-7.40733	43.3375
-1.14328	-65.9619	-7.54133	43.3939
-1.15815	-66.5749	-7.64932	43.4439
-1.15667	-67.2221	-7.75538	43.4964
-1.13804	-67.8627	-7.85298	43.5487
-1.10964	-68.5282	-7.94403	43.6029
-1.06219	-69.1691	-8.02577	43.6555
-0.973789	-69.7792	-8.09879	43.7068
-0.892862	-70.3949	-8.17013	43.7589
-0.82301	-71.0259	-8.23829	43.8127
-0.702969	-71.6206	-8.30892	43.8652
-0.557946	-72.2156	-8.38393	43.9186
-0.444761	-72.7837	-8.45948	43.9699
-0.366325	-73.4052	-8.54816	44.0247
-0.203185	-74.0236	-8.64413	44.0809
-0.107059	-74.588	-8.74015	44.1315
0.0118358	-75.1744	-8.8437	44.1849
0.176124	-75.7904	-8.95798	44.2417
0.28578	-76.3926	-9.06974	44.294
0.382117	-76.9852	-9.18212	44.3458
0.49757	-77.5772	-9.29517	44.3972
0.560425	-78.1837	-9.41002	44.4484
0.627166	-78.8094	-9.52588	44.5008
0.682671	-79.442	-9.64007	44.5531
0.720942	-80.0694	-9.74405	44.6047
0.752756	-80.7156	-9.84388	44.6572
0.757562	-81.3647	-9.93617	44.7102
0.744785	-81.9842	-10.0181	44.7605
0.719385	-82.6379	-10.0952	44.8136
0.683097	-83.2578	-10.167	44.8642
0.618003	-83.9064	-10.2386	44.9173
0.553281	-84.5301	-10.3052	44.9688
0.489374	-85.1909	-10.3739	45.0235
0.363196	-85.8335	-10.4494	45.0785
0.290392	-86.4879	-10.5257	45.134
0.190091	-87.091	-10.6024	45.1859
0.0936926	-87.6702	-10.6792	45.2361
-0.0227098	-88.2398	-10.7591	45.2869
-0.13351	-88.8734	-10.8539	45.3419
-0.271053	-89.4737	-10.9525	45.3955
-0.41534	-90.0901	-11.0619	45.4496
-0.515635	-90.7178	-11.1849	45.5049
-0.622403	-91.3272	-11.3069	45.5572
-0.746471	-91.9564	-11.4347	45.6107
-0.81934	-92.612	-11.5748	45.6658
-0.91854	-93.2365	-11.703	45.7183
-0.970859	-93.8881	-11.8364	45.7718
-1.02086	-94.5686	-11.9627	45.8271
-1.05761	-95.2448	-12.0819	45.8819
-1.07664	-95.9071	-12.189	45.9351
-1.08599	-96.593	-12.2947	45.99
-1.08625	-97.3013	-12.3977	46.0469
-1.06949	-97.964	-12.4902	46.1008
-1.05128	-98.6408	-12.5775	46.1556
-1.00343	-99.2861	-12.6604	46.2088
-0.973245	-99.9267	-12.7364	46.2618
-0.919916	-100.537	-12.8112	46.313
-0.86205	-101.152	-12.887	46.3649
-0.771007	-101.772	-12.9654	46.4179
-0.710114	-102.385	-13.0466	46.4705
-0.654431	-103.009	-13.1317	46.524
-0.534253	-103.608	-13.2193	46.5774
-0.392822	-104.178	-13.3046	46.628
-0.310156	-104.815	-13.4064	46.6835
-0.199471	-105.449	-13.5124	46.7383
-0.101157	-106.048	-13.6199	46.7909
-0.0301818	-106.687	-13.744	46.8457
0.0660461	-107.282	-13.862	46.8964
0.159272	-107.909	-13.9875	46.9498
0.22744	-108.53	-14.1159	47.0023
0.310718	-109.186	-14.242	47.0576
0.368151	-109.821	-14.3622	47.1101
0.412055	-110.476	-14.4854	47.1639
0.443454	-111.088	-14.5915	47.2142
0.46073	-111.725	-14.6952	47.267
0.45079	-112.36	-14.7896	47.3193
0.436384	-113.019	-14.8783	47.3735
0.398731	-113.662	-14.9612	47.4269
0.335066	-114.334	-15.0403	47.4828
0.241244	-114.969	-15.1157	47.5368
0.122348	-115.629	-15.1883	47.5937
0.0071619	-116.211	-15.2555	47.6448
-0.10061	-116.808	-15.3283	47.6974
-0.21625	-117.421	-15.4068	47.7528
-0.354226	-118.004	-15.4935	47.8059
-0.517793	-118.594	-15.5929	47.8604
-0.624666	-119.163	-15.6988	47.9111
-0.728664	-119.741	-15.8209	47.9625
-0.814975	-120.385	-15.9531	48.0172
-0.926408	-120.992	-16.0807	48.0692
-1.00129	-121.639	-16.221	48.1243
-1.08407	-122.322	-16.3576	48.1815
-1.12197	-122.93	-16.4778	48.2317
-1.14884	-123.567	-16.6001	48.2841
-1.16161	-124.217	-16.7135	48.3371
-1.16134	-124.882	-16.8226	48.3911
-1.15076	-125.538	-16.9236	48.4438
-1.11121	-126.222	-17.0213	48.4988
-1.07983	-126.896	-17.1062	48.5529
-1.03765	-127.549	-17.1862	48.6064
-0.93884	-128.216	-17.2646	48.662
-0.893123	-128.847	-17.3284	48.7148
-0.812631	-129.48	-17.3972	48.7684
-0.738001	-130.115	-17.4616	48.8234
-0.664376	-130.71	-17.529	48.8753
-0.567167	-131.299	-17.6012	48.9276
-0.431054	-131.869	-17.676	48.9794
-0.332076	-132.444	-17.759	49.0304
-0.238854	-133.064	-17.8559	49.0849
-0.113476	-133.668	-17.9554	49.1385
-0.0198324	-134.25	-18.0547	49.1892
0.065344	-134.9	-18.1702	49.2449
0.199939	-135.526	-18.2817	49.2992
0.271624	-136.183	-18.403	49.3547
0.356587	-136.803	-18.5177	49.4073
0.452384	-137.452	-18.6368	49.4618
0.515962	-138.099	-18.7571	49.5155
0.567122	-138.73	-18.8672	49.5674
0.609343	-139.356	-18.9727	49.6185
0.628329	-139.982	-19.0729	49.6698
0.629771	-140.621	-19.171	49.7223
0.622243	-141.258	-19.2629	49.7745
0.595984	-141.868	-19.3464	49.8247
0.529297	-142.543	-19.437	49.8802
0.472253	-143.175	-19.5154	49.9329
0.394996	-143.827	-19.5989	49.9874
0.285291	-144.432	-19.675	50.0391
0.193311	-145.044	-19.7524	50.0917
0.112237	-145.708	-19.8351	50.1483
-0.0121322	-146.312	-19.9136	50.2012
-0.105887	-146.897	-19.9888	50.2531
-0.188865	-147.51	-20.0747	50.3064
-0.33704	-148.126	-20.1674	50.3614
-0.441107	-148.718	-20.2674	50.4131
-0.527472	-149.311	-20.375	50.464
-0.621648	-149.898	-20.4885	50.5143
-0.693538	-150.499	-20.6069	50.5649
-0.767032	-151.136	-20.7321	50.6178
-0.87949	-151.763	-20.8568	50.6705
-0.933601	-152.451	-20.9954	50.7272
-0.985819	-153.071	-21.1143	50.7779
-1.03266	-153.76	-21.2405	50.8337
-1.06616	-154.404	-21.3502	50.886
-1.09011	-155.082	-21.4605	50.9405
-1.09831	-155.769	-21.5696	50.9955
-1.09921	-156.423	-21.6706	51.0488
-1.0868	-157.084	-21.7697	51.1024
-1.06355	-157.752	-21.8632	51.1566
-1.01684	-158.444	-21.9579	51.2128
-0.976357	-159.115	-22.0423	51.2676
-0.912654	-159.748	-22.1224	51.3197
-0.863233	-160.42	-22.2057	51.3749
-0.784404	-161.07	-22.2919	51.4294
-0.718193	-161.694	-22.3773	51.4821
-0.652423	-162.293	-22.4583	51.5333
-0.559182	-162.892	-22.5417	51.5848
-0.47173	-163.513	-22.6307	51.6379
-0.352291	-164.115	-22.7176	51.6903
-0.288709	-164.733	-22.8123	51.7438
-0.221992	-165.369	-22.9145	51.7982
-0.124462	-165.959	-23.0147	51.8502
-0.0529358	-166.581	-23.124	51.9031
0.00731006	-167.19	-23.24	51.956
0.106564	-167.809	-23.3585	52.0096
0.170328	-168.432	-23.4798	52.062
0.207326	-169.081	-23.6086	52.1163
0.250402	-169.708	-23.7238	52.1685
0.291827	-170.322	-23.8293	52.2199
0.309488	-170.928	-23.9286	52.2703
0.31802	-171.582	-24.0343	52.3245
0.314627	-172.225	-24.1343	52.3775
0.296877	-172.839	-24.2241	52.4283
0.257062	-173.485	-24.3116	52.4818
0.217286	-174.147	-24.3915	52.5366
0.140477	-174.777	-24.4661	52.5896
0.0571204	-175.39	-24.5362	52.6418
-0.0180123	-176.044	-24.6089	52.6978
-0.154636	-176.677	-24.6859	52.7536
-0.249667	-177.241	-24.7519	52.805
-0.39637	-177.837	-24.8307	52.8604
-0.473569	-178.43	-24.9157	52.9148
-0.578406	-178.98	-25.0055	52.9653
-0.680594	-179.555	-25.108	53.0167
-0.812742	-180.171	-25.2244	53.0719
-0.874862	-180.785	-25.3508	53.1246
-0.960341	-181.405	-25.4762	53.1774
-1.02568	-182.008	-25.6011	53.2283
-1.09112	-182.615	-25.7259	53.2788
-1.16926	-183.253	-25.8527	53.3315
-1.21498	-183.936	-25.9858	53.3874
-1.25865	-184.635	-26.1097	53.4439
-1.27837	-185.287	-26.2198	53.4963
-1.28669	-185.951	-26.3232	53.5499
-1.27933	-186.626	-26.421	53.6043
-1.26078	-187.288	-26.5108	53.6578
-1.21391	-187.955	-26.5969	53.7127
-1.17225	-188.629	-26.6757	53.7681
-1.09975	-189.299	-26.756	53.8237
-1.02896	-189.893	-26.8241	53.8738
-0.976168	-190.526	-26.8954	53.9277
-0.864445	-191.151	-26.9738	53.9824
-0.787825	-191.774	-27.0512	54.0368
-0.703494	-192.368	-27.1315	54.0891
-0.563891	-192.94	-27.2133	54.1412
-0.495387	-193.543	-27.3038	54.1945
-0.403619	-194.132	-27.4001	54.2469
-0.288195	-194.746	-27.5054	54.3011
-0.193303	-195.32	-27.6105	54.3525
-0.0926914	-195.904	-27.7263	54.4047
0.0267109	-196.552	-27.8516	54.4605
0.0801118	-197.154	-27.9716	54.511
0.176235	-197.785	-28.1017	54.5645
0.246331	-198.41	-28.2222	54.6167
0.295112	-199.019	-28.3358	54.6667
0.346737	-199.69	-28.4529	54.7218
0.373495	-200.312	-28.5568	54.7732
0.388022	-200.933	-28.6554	54.8242
0.388756	-201.542	-28.7483	54.8742
0.381625	-202.191	-28.8413	54.9276
0.339235	-202.831	-28.9281	54.9809
0.291367	-203.427	-29.004	55.0309
0.252992	-204.076	-29.0816	55.0855
0.175627	-204.706	-29.1583	55.139
0.0962596	-205.361	-29.2344	55.1947
0.0113552	-205.964	-29.3082	55.2474
-0.0989574	-206.569	-29.3859	55.3007
-0.172946	-207.202	-29.47	55.3563
-0.25914	-207.759	-29.5508	55.4068
-0.356831	-208.309	-29.638	55.4576
-0.50518	-208.913	-29.7421	55.5143
-0.593866	-209.47	-29.846	55.5645
-0.662584	-210.036	-29.9609	55.615
-0.751613	-210.666	-30.0833	55.6694
-0.87112	-211.305	-30.2081	55.7245
-0.923707	-211.962	-30.3405	55.7785
-0.991232	-212.601	-30.4642	55.8313
-1.04337	-213.215	-30.5825	55.8817
-1.09783	-213.89	-30.71	55.937
-1.13285	-214.533	-30.8219	55.989
-1.1538	-215.235	-30.9383	56.0453
-1.15772	-215.897	-31.0394	56.0984
-1.14349	-216.551	-31.1331	56.1515
-1.12106	-217.229	-31.2206	56.2062
-1.08493	-217.893	-31.3036	56.261
-1.0318	-218.559	-31.3793	56.3154
-0.979822	-219.22	-31.4584	56.3701
-0.903815	-219.833	-31.5312	56.4208
-0.794121	-220.436	-31.6048	56.4719
-0.717639	-221.056	-31.6831	56.5238
-0.658687	-221.728	-31.7697	56.5799
-0.577103	-222.336	-31.8538	56.6314
-0.482358	-222.961	-31.944	56.685
-0.400312	-223.596	-32.0414	56.7392
-0.285745	-224.202	-32.1403	56.7923
-0.208216	-224.804	-32.2425	56.8444
-0.131865	-225.435	-32.3555	56.8987
-0.046971	-226.044	-32.4666	56.951
0.051353	-226.662	-32.5814	57.0039
0.107011	-227.296	-32.7034	57.057
0.174551	-227.905	-32.8161	57.1076
0.24175	-228.543	-32.9312	57.1609
0.304008	-229.175	-33.0409	57.2135
0.33927	-229.851	-33.1546	57.2694
0.367282	-230.51	-33.2616	57.3238
0.368648	-231.134	-33.3602	57.3756
0.361052	-231.771	-33.4565	57.4281
0.337032	-232.377	-33.5436	57.4785
0.289541	-233.042	-33.6352	57.5334
0.238412	-233.671	-33.7125	57.5855
0.169904	-234.267	-33.7841	57.6361
0.110738	-234.907	-33.8594	57.6899
0.00457221	-235.527	-33.9292	57.7431
-0.052281	-236.17	-33.9963	57.7978
-0.15933	-236.776	-34.064	57.8508
-0.255904	-237.393	-34.1357	57.905
-0.323917	-238.029	-34.2116	57.9607
-0.457305	-238.58	-34.2878	58.0115
-0.553728	-239.138	-34.3772	58.0619
-0.658013	-239.692	-34.4766	58.1121
-0.763735	-240.262	-34.5878	58.1627
-0.853815	-240.853	-34.7081	58.2144
-0.909566	-241.452	-34.8379	58.2654
-0.995278	-242.1	-34.9715	58.3208
-1.08584	-242.714	-35.1004	58.3721
-1.12491	-243.378	-35.2412	58.4265
-1.16655	-243.996	-35.3646	58.4773
-1.21004	-244.667	-35.4918	58.5325
-1.22163	-245.292	-35.6055	58.5832
-1.21948	-245.933	-35.7136	58.6352
-1.20516	-246.585	-35.8165	58.6882
-1.17983	-247.209	-35.9065	58.7398
-1.12224	-247.877	-35.9961	58.7944
-1.07499	-248.529	-36.0749	58.8481
-1.01992	-249.151	-36.1522	58.8994
-0.924289	-249.77	-36.2309	58.9526
-0.863968	-250.418	-36.3131	59.008
-0.765097	-251.031	-36.3966	59.0611
-0.647978	-251.615	-36.4789	59.1124
-0.569381	-252.239	-36.5722	59.1674
-0.448496	-252.799	-36.661	59.218
-0.338747	-253.355	-36.7558	59.2682
-0.221566	-253.919	-36.8548	59.3189
-0.0948673	-254.514	-36.963	59.3724
0.0109425	-255.101	-37.0733	59.4246
0.0833182	-255.743	-37.1995	59.4795
0.180508	-256.392	-37.3227	59.5346
0.26015	-256.994	-37.4377	59.5859
0.327023	-257.603	-37.5544	59.6371
0.387807	-258.232	-37.6657	59.6897
0.434967	-258.841	-37.7673	59.7401
0.465202	-259.485	-37.8664	59.7933
0.469938	-260.116	-37.9564	59.8454
0.463379	-260.768	-38.0405	59.8995
0.430696	-261.402	-38.1196	59.9525
0.385668	-262.012	-38.1919	60.004
0.337508	-262.614	-38.2625	60.0547
0.274204	-263.21	-38.3317	60.1053
0.218764	-263.873	-38.4072	60.161
0.122358	-264.476	-38.479	60.2134
0.0452589	-265.05	-38.5472	60.2634
-0.0348011	-265.691	-38.6246	60.3191
-0.155858	-266.302	-38.7064	60.3733
-0.215367	-266.929	-38.7961	60.428
-0.311171	-267.507	-38.8875	60.4796
-0.462275	-268.086	-38.9878	60.5326
-0.533	-268.715	-39.1043	60.5876
-0.617087	-269.299	-39.2165	60.6387
-0.728272	-269.934	-39.3396	60.6942
-0.779456	-270.575	-39.4714	60.7489
-0.843829	-271.173	-39.5922	60.7997
-0.906451	-271.784	-39.7132	60.8513
-0.97262	-272.384	-39.8296	60.902
-1.00765	-273.001	-39.9453	60.9532
-1.02852	-273.696	-40.0723	61.0097
-1.03668	-274.326	-40.1779	61.0605
-1.02889	-275.013	-40.285	61.1161
-1.00953	-275.637	-40.3741	61.1664
-0.987995	-276.267	-40.4522	61.2171
-0.930338	-276.937	-40.5348	61.2719
-0.883743	-277.599	-40.6082	61.3265
-0.822938	-278.227	-40.6807	61.3792
-0.722347	-278.862	-40.7549	61.4333
-0.642977	-279.454	-40.8254	61.4837
-0.562045	-280.076	-40.9014	61.5379
-0.466314	-280.65	-40.9807	61.5881
-0.348747	-281.242	-41.0671	61.6403
-0.252804	-281.828	-41.1587	61.6919
-0.119693	-282.434	-41.2579	61.7455
-0.0326848	-283.054	-41.3657	61.8002
0.0947026	-283.708	-41.4844	61.8568
0.184804	-284.315	-41.5966	61.9087
0.316106	-284.947	-41.7144	61.9638
0.384306	-285.568	-41.8354	62.0168
0.464707	-286.189	-41.952	62.0693
0.541883	-286.842	-42.0718	62.1239
0.593866	-287.489	-42.1892	62.1775
0.633119	-288.114	-42.2951	62.2291
0.664155	-288.766	-42.4007	62.2827
0.679687	-289.428	-42.5024	62.3368
0.683421	-290.076	-42.5991	62.3898
0.661291	-290.724	-42.6912	62.4433
0.631384	-291.372	-42.779	62.4967
0.591365	-292.009	-42.8582	62.5494
0.541207	-292.637	-42.9365	62.6019
0.455312	-293.228	-43.0082	62.652
0.372841	-293.818	-43.0794	62.703
0.293843	-294.451	-43.1551	62.7573
0.217726	-295.069	-43.2334	62.8107
0.116926	-295.627	-43.3045	62.8609
0.00832187	-296.216	-43.384	62.9136
-0.130385	-296.794	-43.4665	62.9663
-0.215543	-297.394	-43.5593	63.0189
-0.306662	-297.974	-43.6607	63.0709
-0.456218	-298.534	-43.7653	63.1228
-0.540482	-299.177	-43.8957	63.1786
-0.64015	-299.773	-44.0162	63.2309
-0.73895	-300.347	-44.1349	63.281
-0.8464	-300.984	-44.2644	63.3359
-0.912198	-301.588	-44.3859	63.3865
-0.962473	-302.2	-44.5082	63.4372
-1.00951	-302.823	-44.6212	63.4882
-1.05025	-303.515	-44.7386	63.5444
-1.06638	-304.168	-44.842	63.597
-1.07124	-304.802	-44.9333	63.6482
-1.06214	-305.465	-45.0257	63.7017
-1.03142	-306.143	-45.1152	63.7568
-1.00331	-306.788	-45.1914	63.8088
-0.939122	-307.476	-45.2799	63.8653
-0.896621	-308.129	-45.359	63.919
-0.833351	-308.756	-45.4385	63.9717
-0.738558	-309.413	-45.5185	64.0274
-0.647613	-310.051	-45.5998	64.0821
-0.521334	-310.671	-45.6788	64.1367
-0.42495	-311.27	-45.7545	64.1897
-0.320746	-311.874	-45.8388	64.242
-0.175737	-312.489	-45.9324	64.2962
-0.0939283	-313.126	-46.0357	64.3506
0.00957668	-313.701	-46.1355	64.4014
0.113675	-314.319	-46.2499	64.4541
0.222372	-314.956	-46.3762	64.5081
0.331054	-315.551	-46.4947	64.5586
0.420334	-316.191	-46.6218	64.6122
0.493995	-316.805	-46.7434	64.6632
0.56378	-317.469	-46.8733	64.7176
0.605805	-318.135	-46.993	64.7715
0.633714	-318.766	-47.1007	64.823
0.64708	-319.448	-47.2091	64.8779
0.638408	-320.101	-47.3077	64.9309
0.607494	-320.736	-47.3995	64.9832
0.566512	-321.381	-47.4888	65.0365
0.514425	-322.035	-47.5744	65.09
0.416286	-322.686	-47.6621	65.1441
0.338623	-323.296	-47.7449	65.1951
0.252379	-323.898	-47.8266	65.246
0.160268	-324.485	-47.9069	65.2965
0.0933335	-325.092	-47.9888	65.3485
0.000462577	-325.726	-48.0774	65.4032
-0.131998	-326.304	-48.1578	65.4551
-0.241257	-326.89	-48.2403	65.5078
-0.310407	-327.452	-48.3238	65.5585
-0.430258	-328.009	-48.4143	65.6085
-0.519998	-328.605	-48.5154	65.6607
-0.608324	-329.186	-48.6192	65.7114
-0.739542	-329.791	-48.7297	65.7641
-0.803445	-330.419	-48.8475	65.8168
-0.860228	-331.077	-48.9764	65.8719
-0.941484	-331.741	-49.1007	65.9276
-0.988728	-332.423	-49.2284	65.9837
-1.03934	-333.091	-49.347	66.0382
-1.07087	-333.717	-49.4508	66.0894
-1.09445	-334.344	-49.5496	66.1403
-1.10724	-334.993	-49.6476	66.1933
-1.10347	-335.634	-49.7409	66.2458
-1.0905	-336.251	-49.8276	66.2971
-1.06539	-336.906	-49.9145	66.3514
-1.02237	-337.529	-49.9959	66.4031
-0.952133	-338.2	-50.082	66.4586
-0.874751	-338.841	-50.1662	66.5121
-0.766012	-339.457	-50.2462	66.5649
-0.677756	-340.076	-50.3255	66.6176
-0.588997	-340.669	-50.4002	66.668
-0.516542	-341.26	-50.4733	66.7186
-0.441889	-341.878	-50.5568	66.7718
-0.363168	-342.468	-50.6381	66.8228
-0.299528	-343.05	-50.7223	66.8733
-0.205806	-343.693	-50.8202	66.9295
-0.0931172	-344.315	-50.922	66.985
-0.0432879	-344.947	-51.0375	67.0403
0.0393891	-345.534	-51.1505	67.0919
0.140514	-346.181	-51.2784	67.1481
0.202057	-346.816	-51.4121	67.2025
0.280553	-347.434	-51.5359	67.2551
0.335572	-348.038	-51.6533	67.3061
0.375748	-348.702	-51.7761	67.3614
0.407586	-349.312	-51.8825	67.4121
0.426347	-349.964	-51.9897	67.466
0.427997	-350.585	-52.0858	67.5175
0.41592	-351.198	-52.1738	67.5679
0.386979	-351.838	-52.253	67.6209
0.339601	-352.463	-52.3262	67.6733
0.274498	-353.126	-52.397	67.7291
0.206877	-353.752	-52.4678	67.7824
0.141795	-354.338	-52.534	67.8331
0.055672	-354.907	-52.5992	67.8834
-0.0782747	-355.495	-52.6691	67.9364
-0.132655	-356.121	-52.7462	67.9911
-0.214133	-356.669	-52.8206	68.0411
-0.304155	-357.227	-52.9052	68.0917
-0.456373	-357.838	-53.0074	68.1481
-0.534245	-358.402	-53.1101	68.1987
-0.636757	-359.02	-53.2342	68.2537
-0.735769	-359.601	-53.3545	68.3053
-0.820894	-360.193	-53.4812	68.3567
-0.896542	-360.824	-53.6235	68.4107
-0.969536	-361.421	-53.7545	68.4614
-1.04365	-362.058	-53.8896	68.5155
-1.08729	-362.664	-54.0129	68.5659
-1.11303	-363.28	-54.1289	68.6162
-1.12481	-363.896	-54.2362	68.6664
-1.12391	-364.539	-54.3385	68.7186
-1.10877	-365.213	-54.4357	68.7738
-1.06729	-365.831	-54.5164	68.8249
-1.02246	-366.476	-54.5939	68.8783
-0.972434	-367.09	-54.6561	68.9295
-0.891071	-367.736	-54.7272	68.9842
-0.810169	-368.338	-54.7911	69.0357
-0.722546	-368.944	-54.8559	69.0884
-0.663951	-369.551	-54.917	69.1419
-0.531552	-370.131	-54.9839	69.1962
-0.463822	-370.728	-55.0602	69.2487
-0.383256	-371.325	-55.1418	69.302
-0.265783	-371.904	-55.2329	69.3542
-0.0897028	-372.476	-55.3306	69.4085
-0.0224404	-373.092	-55.4477	69.4627
0.129367	-373.719	-55.5701	69.5185
0.219853	-374.364	-55.7049	69.5736
0.330868	-375.047	-55.8475	69.6315
0.425083	-375.704	-55.9793	69.6865
0.477853	-376.348	-56.1113	69.7392
0.53921	-377.02	-56.2371	69.7948
0.591626	-377.668	-56.3532	69.8481
0.611682	-378.305	-56.4601	69.9003
0.609874	-378.947	-56.5564	69.9528
0.59137	-379.611	-56.6491	70.0069
0.556279	-380.229	-56.7313	70.0582
0.522065	-380.914	-56.8152	70.1149
0.452563	-381.53	-56.8868	70.1666
0.402088	-382.137	-56.9547	70.2171
0.341409	-382.758	-57.0178	70.2697
0.25932	-383.368	-57.0844	70.3223
0.17336	-383.972	-57.1508	70.3739
0.0247714	-384.583	-57.2217	70.4286
-0.080122	-385.154	-57.2908	70.4788
-0.167707	-385.718	-57.3625	70.5298
-0.257743	-386.329	-57.4514	70.5845
-0.392832	-386.886	-57.5406	70.6357
-0.490931	-387.451	-57.6446	70.6867
-0.598154	-388.019	-57.7567	70.7372
-0.682324	-388.636	-57.8892	70.7908
-0.79577	-389.216	-58.0114	70.8415
-0.901548	-389.849	-58.1404	70.8952
-0.981692	-390.449	-58.2617	70.9459
-1.05956	-391.072	-58.3831	70.9977
-1.10626	-391.697	-58.5004	71.0491
-1.14013	-392.355	-58.6203	71.1036
-1.17371	-393.014	-58.7299	71.1576
-1.18595	-393.679	-58.8319	71.2121
-1.18971	-394.307	-58.9231	71.2631
-1.17093	-394.988	-59.0197	71.3192
-1.15666	-395.645	-59.1071	71.3737
-1.09497	-396.277	-59.192	71.4269
-1.04041	-396.878	-59.2704	71.4778
-0.986435	-397.485	-59.3462	71.5298
-0.904358	-398.061	-59.4185	71.5803
-0.810045	-398.627	-59.4899	71.6307
-0.715146	-399.208	-59.5645	71.6824
-0.604575	-399.763	-59.6386	71.733
-0.463488	-400.347	-59.7202	71.7869
-0.370543	-400.935	-59.8071	71.8407
-0.239609	-401.501	-59.8964	71.8939
-0.0967983	-402.095	-59.9947	71.9488
0.028121	-402.693	-60.1044	72.0013
0.171104	-403.324	-60.222	72.056
0.259138	-403.992	-60.3517	72.1121
0.343831	-404.614	-60.4686	72.1637
0.446747	-405.254	-60.5852	72.2166
0.511154	-405.915	-60.7053	72.2716
0.557465	-406.541	-60.8153	72.3228
0.594879	-407.164	-60.9217	72.3738
0.61451	-407.825	-61.03	72.4279
0.612444	-408.464	-61.1317	72.4801
0.595912	-409.088	-61.2271	72.5315
0.564893	-409.738	-61.3216	72.5848
0.508346	-410.389	-61.4105	72.6384
0.449389	-410.995	-61.4858	72.6891
0.388528	-411.67	-61.5622	72.7452
0.300986	-412.31	-61.6352	72.7994
0.241018	-412.938	-61.7008	72.8521
0.115545	-413.557	-61.772	72.9061
0.00864628	-414.133	-61.8406	72.9576
-0.0734423	-414.764	-61.9204	73.0122
-0.170547	-415.349	-62.0041	73.0645
-0.316623	-415.913	-62.0931	73.1166
-0.413891	-416.488	-62.1959	73.1678
-0.500527	-417.115	-62.3197	73.2231
-0.594633	-417.693	-62.4399	73.2739
-0.681245	-418.278	-62.5646	73.3243
-0.794627	-418.929	-62.7083	73.3805
-0.864239	-419.557	-62.841	73.4327
-0.914932	-420.185	-62.9704	73.4844
-0.959269	-420.807	-63.0946	73.5357
-1.0037	-421.422	-63.2111	73.5861
-1.01699	-422.052	-63.3228	73.6373
-1.02044	-422.687	-63.4281	73.6885
-1.01318	-423.362	-63.5322	73.7433
-0.982786	-424.032	-63.6284	73.7978
-0.948344	-424.704	-63.7143	73.8528
-0.88309	-425.366	-63.7962	73.908
-0.812596	-425.982	-63.8672	73.9598
-0.745779	-426.609	-63.9332	74.0133
-0.62711	-427.212	-64.0004	74.0658
-0.543139	-427.813	-64.0699	74.1178
-0.472803	-428.421	-64.1389	74.1707
-0.388298	-429.003	-64.2111	74.2216
-0.280109	-429.568	-64.2837	74.2723
-0.162898	-430.153	-64.3663	74.3257
-0.0242757	-430.731	-64.4533	74.3779
0.0698481	-431.331	-64.5503	74.4306
0.147287	-431.937	-64.6574	74.4843
0.255046	-432.548	-64.7672	74.538
0.33304	-433.136	-64.8753	74.5885
0.387567	-433.795	-64.9992	74.6439
0.478399	-434.46	-65.1209	74.6996
0.522957	-435.098	-65.2418	74.7516
0.568967	-435.738	-65.3572	74.8034
0.611051	-436.358	-65.467	74.8538
0.647335	-437.061	-65.5858	74.9103
0.66632	-437.713	-65.6942	74.9626
0.672803	-438.348	-65.7952	75.0139
0.656922	-438.988	-65.8932	75.0667
0.633002	-439.626	-65.9866	75.1189
0.591093	-440.287	-66.0798	75.1731
0.520518	-440.98	-66.1799	75.2303
0.461271	-441.615	-66.2671	75.2832
0.370105	-442.263	-66.3542	75.338
0.305684	-442.913	-66.4365	75.3933
0.214775	-443.516	-66.5158	75.4454
0.0822175	-444.111	-66.5936	75.498
-0.0283435	-444.687	-66.6707	75.5492
-0.0917241	-445.316	-66.7575	75.6036
-0.188359	-445.883	-66.8411	75.6539
-0.31748	-446.485	-66.9371	75.7079
-0.373797	-447.119	-67.0457	75.7626
-0.468637	-447.719	-67.1529	75.8152
-0.569146	-448.351	-67.2682	75.8694
-0.627236	-448.998	-67.3917	75.9238
