x	y	z	t
0.552871	450.187	73.7204	0.0544304
0.546154	449.532	73.5785	0.105711
0.537818	448.871	73.4256	0.157365
0.527199	448.183	73.256	0.211044
0.516046	447.538	73.1071	0.261791
0.502566	446.865	72.9587	0.314887
0.48455	446.162	72.8054	0.371326
0.470966	445.465	72.669	0.427798
0.441126	444.804	72.5419	0.481723
0.414618	444.134	72.4233	0.536653
0.361136	443.454	72.3065	0.592434
0.285194	442.783	72.2038	0.647692
0.223065	442.155	72.1212	0.698812
0.180537	441.464	72.0408	0.755557
0.138307	440.856	71.9664	0.806211
0.0897697	440.192	71.8833	0.862187
0.0154984	439.518	71.7897	0.919721
-0.0220225	438.918	71.6997	0.971113
-0.0848333	438.261	71.5906	1.02799
-0.170157	437.65	71.4745	1.08193
-0.252339	437.029	71.349	1.13595
-0.359728	436.386	71.2037	1.19198
-0.444575	435.716	71.058	1.24881
-0.532124	435.086	70.9135	1.30239
-0.609565	434.416	70.7759	1.35849
-0.649414	433.734	70.64	1.41508
-0.672171	433.037	70.5172	1.47143
-0.671986	432.356	70.4132	1.5262
-0.657886	431.65	70.3271	1.58278
-0.618133	430.982	70.2591	1.63739
-0.602528	430.309	70.2076	1.69259
-0.566146	429.679	70.1575	1.74566
-0.486035	429.065	70.1053	1.79888
-0.44721	428.445	70.0522	1.8529
-0.36857	427.801	69.9792	1.90975
-0.268931	427.18	69.9022	1.96559
-0.144208	426.569	69.8127	2.01955
-0.0629282	425.965	69.7128	2.07287
0.056334	425.344	69.596	2.12775
0.226599	424.777	69.4791	2.17926
0.346442	424.166	69.3374	2.23265
0.491298	423.507	69.1914	2.28902
0.58825	422.906	69.0575	2.34028
0.677458	422.308	68.9289	2.39068
0.738582	421.626	68.7873	2.44734
0.795128	420.996	68.6677	2.49913
0.807871	420.372	68.5623	2.55035
0.792713	419.763	68.4694	2.60035
0.752116	419.142	68.3784	2.65127
0.687891	418.503	68.2898	2.70405
0.608917	417.863	68.2033	2.75701
0.504379	417.174	68.1194	2.8146
0.418364	416.571	68.0496	2.86533
0.292874	415.957	67.9775	2.91852
0.193571	415.374	67.9071	2.96981
0.115758	414.732	67.8256	3.02692
0.00199533	414.126	67.7391	3.08309
-0.161627	413.525	67.6399	3.14042
-0.238576	412.914	67.5237	3.19712
-0.393856	412.341	67.4073	3.25182
-0.491166	411.746	67.2751	3.30651
-0.599147	411.176	67.1499	3.35703
-0.712832	410.514	67.0018	3.4144
-0.813792	409.843	66.8618	3.47112
-0.857666	409.176	66.7236	3.52624
-0.888752	408.566	66.6111	3.57626
-0.898101	407.88	66.5	3.6322
-0.887811	407.218	66.4075	3.68624
-0.837367	406.567	66.331	3.73971
-0.793849	405.887	66.2717	3.79587
-0.703922	405.223	66.2123	3.85175
-0.643296	404.586	66.1645	3.90633
-0.541681	403.958	66.1135	3.96196
-0.454231	403.331	66.0497	4.01791
-0.301943	402.774	65.9906	4.07011
-0.227505	402.165	65.9171	4.12593
-0.0745153	401.576	65.8305	4.18262
0.0759264	400.965	65.7256	4.23923
0.178175	400.342	65.6056	4.29594
0.34638	399.752	65.4866	4.35019
0.43989	399.136	65.3548	4.40434
0.548803	398.536	65.2334	4.45691
0.662294	397.894	65.1102	4.51129
0.739026	397.245	64.9902	4.56532
0.80276	396.602	64.8829	4.618
0.859553	395.949	64.7799	4.67138
0.893468	395.292	64.6836	4.72459
0.91504	394.617	64.5879	4.77921
0.916314	393.992	64.5021	4.83034
0.917013	393.344	64.4182	4.88352
0.900333	392.68	64.3314	4.9377
0.853486	392.046	64.2517	4.98987
0.821182	391.366	64.1688	5.04597
0.75714	390.693	64.0837	5.10213
0.695212	390.084	64.0023	5.15302
0.628592	389.456	63.916	5.20531
0.552838	388.854	63.8326	5.25613
0.462462	388.238	63.7459	5.30839
0.329889	387.627	63.6588	5.36117
0.2361	386.977	63.5666	5.41667
0.118668	386.393	63.4795	5.46798
-0.0386093	385.802	63.386	5.52028
-0.141627	385.163	63.2737	5.57533
-0.255272	384.579	63.1659	5.62626
-0.389325	383.927	63.0344	5.6834
-0.493527	383.282	62.9045	5.73887
-0.606425	382.606	62.7611	5.79615
-0.709186	381.937	62.6241	5.85226
-0.774414	381.281	62.4843	5.90686
-0.838583	380.589	62.3436	5.9638
-0.871723	379.913	62.2167	6.01912
-0.889096	379.228	62.0944	6.075
-0.880968	378.544	61.9845	6.13067
-0.859392	377.87	61.888	6.18583
-0.800673	377.192	61.8014	6.24167
-0.747623	376.546	61.7365	6.2949
-0.686102	375.908	61.6735	6.34784
-0.565617	375.273	61.6119	6.40208
-0.494538	374.616	61.5518	6.45769
-0.384085	373.986	61.4908	6.5126
-0.294277	373.369	61.4192	6.56645
-0.157014	372.739	61.3397	6.62231
-0.0765178	372.166	61.2607	6.67271
0.0178597	371.527	61.1612	6.72867
0.13121	370.897	61.0533	6.78435
0.263707	370.258	60.9409	6.84069
0.351077	369.678	60.8338	6.89084
0.427071	369.059	60.7124	6.94442
0.504061	368.449	60.5937	6.9967
0.574224	367.832	60.4729	7.04927
0.661295	367.193	60.3436	7.10322
0.716704	366.549	60.2217	7.15667
0.77402	365.91	60.1043	7.20952
0.80582	365.247	59.9859	7.26386
0.82888	364.588	59.8761	7.31719
0.837994	363.923	59.7713	7.37089
0.831547	363.287	59.6766	7.42251
0.816407	362.66	59.5934	7.47351
0.783604	362.024	59.5117	7.52576
0.739882	361.414	59.4381	7.57625
0.684833	360.808	59.3663	7.62667
0.593806	360.154	59.2855	7.68196
0.527057	359.496	59.2059	7.73752
0.446901	358.898	59.1292	7.78891
0.320735	358.247	59.0429	7.8462
0.227428	357.651	58.9594	7.89799
0.144354	357.067	58.8747	7.94873
-0.00210397	356.484	58.7845	8.00091
-0.0795623	355.882	58.6846	8.0535
-0.194798	355.319	58.584	8.10381
-0.313352	354.716	58.472	8.15673
-0.41964	354.119	58.354	8.20866
-0.540533	353.478	58.219	8.26449
-0.632676	352.837	58.0873	8.31937
-0.739143	352.2	57.951	8.37376
-0.808911	351.529	57.8197	8.43013
-0.874405	350.854	57.6912	8.48536
-0.913343	350.199	57.5782	8.5386
-0.939758	349.494	57.467	8.595
-0.941243	348.872	57.3783	8.64531
-0.928569	348.206	57.2901	8.69997
-0.896102	347.55	57.2146	8.75401
-0.847912	346.877	57.1371	8.80956
-0.772224	346.222	57.0712	8.86434
-0.706775	345.596	57.0035	8.91709
-0.60425	344.97	56.9348	8.9705
-0.541375	344.315	56.8646	9.02599
-0.399708	343.683	56.7889	9.08161
-0.327605	343.067	56.7149	9.13524
-0.191997	342.449	56.63	9.1902
-0.111251	341.827	56.5384	9.24449
0.0220281	341.195	56.4363	9.30042
0.0961903	340.551	56.3223	9.35619
0.23592	339.93	56.2093	9.41079
0.338379	339.335	56.0965	9.46187
0.416578	338.674	55.9656	9.51799
0.531308	338.058	55.8454	9.57086
0.605249	337.423	55.7188	9.62447
0.683291	336.803	55.6007	9.67664
0.741297	336.157	55.4806	9.73029
0.805112	335.499	55.361	9.78466
0.848111	334.863	55.2525	9.83707
0.878309	334.201	55.1459	9.89108
0.890072	333.589	55.053	9.94111
0.88338	332.962	54.9629	9.99259
0.873037	332.27	54.8707	10.0494
0.829161	331.633	54.7886	10.1017
0.79501	331.003	54.7143	10.1536
0.740969	330.33	54.6304	10.2096
0.652589	329.658	54.5502	10.2664
0.550946	329.002	54.4674	10.3227
0.47731	328.405	54.3935	10.3738
0.383735	327.818	54.3136	10.4246
0.285317	327.181	54.2224	10.4801
0.146293	326.588	54.1333	10.5323
0.0552147	325.977	54.0344	10.5855
-0.0532434	325.349	53.9258	10.6397
-0.175642	324.701	53.8045	10.6965
-0.288683	324.115	53.6913	10.7476
-0.416471	323.493	53.5699	10.801
-0.513986	322.888	53.4498	10.8524
-0.588429	322.245	53.3185	10.9073
-0.694544	321.609	53.1933	10.9613
-0.74246	321.009	53.0746	11.0114
-0.807705	320.345	52.9435	11.0667
-0.856956	319.688	52.8236	11.1207
-0.876362	318.995	52.7023	11.1772
-0.886489	318.302	52.591	11.2335
-0.879671	317.623	52.4904	11.289
-0.853774	316.949	52.401	11.3445
-0.822829	316.283	52.3181	11.3989
-0.760682	315.614	52.2399	11.454
-0.715475	314.982	52.1762	11.5065
-0.648693	314.337	52.1063	11.5607
-0.544446	313.716	52.0392	11.6142
-0.480693	313.06	51.9696	11.6702
-0.387407	312.428	51.8978	11.7249
-0.294626	311.814	51.8181	11.7786
-0.195713	311.168	51.7277	11.8348
-0.0926188	310.588	51.6375	11.8855
-0.000872366	310.011	51.5402	11.9361
0.126522	309.375	51.428	11.9917
0.220004	308.738	51.3066	12.0473
0.318705	308.148	51.1916	12.0981
0.444761	307.534	51.0699	12.1514
0.517148	306.905	50.9392	12.2048
0.599037	306.284	50.8156	12.2573
0.693598	305.646	50.6923	12.3108
0.748644	304.988	50.5673	12.3652
0.793183	304.347	50.4554	12.4179
0.829417	303.687	50.3476	12.4718
0.846683	303.028	50.2489	12.5256
0.83962	302.343	50.1524	12.5816
0.826558	301.685	50.0689	12.6358
0.795062	301.004	49.983	12.6919
0.73504	300.39	49.9108	12.7428
0.69448	299.701	49.8318	12.8004
0.61697	299.053	49.7588	12.8556
0.525726	298.411	49.6803	12.9113
0.433438	297.836	49.6104	12.9615
0.29848	297.239	49.5343	13.0141
0.211781	296.615	49.4531	13.0692
0.111933	296.037	49.3714	13.12
0.00584066	295.463	49.285	13.1706
-0.118079	294.806	49.1792	13.2277
-0.210162	294.203	49.0758	13.2794
-0.324907	293.616	48.9676	13.3302
-0.462311	292.998	48.8469	13.3835
-0.554799	292.386	48.7145	13.4356
-0.656988	291.796	48.5873	13.4858
-0.745778	291.139	48.4484	13.5407
-0.835988	290.468	48.3026	13.5965
-0.906876	289.772	48.1653	13.6538
-0.93975	289.098	48.0364	13.7089
-0.964294	288.391	47.9166	13.7663
-0.968961	287.714	47.8137	13.8214
-0.956723	287.015	47.7203	13.8783
-0.909767	286.355	47.6405	13.9326
-0.861049	285.748	47.576	13.983
-0.815445	285.087	47.513	14.0386
-0.72367	284.468	47.45	14.0916
-0.660972	283.832	47.389	14.1463
-0.585587	283.228	47.3212	14.1989
-0.460798	282.615	47.2455	14.2534
-0.397024	281.987	47.1614	14.3086
-0.268079	281.383	47.0682	14.3628
-0.175676	280.747	46.9593	14.4195
-0.045408	280.146	46.8466	14.4737
0.0527594	279.562	46.731	14.5246
0.130872	278.934	46.5994	14.5791
0.259039	278.303	46.4713	14.6339
0.34407	277.701	46.3477	14.6849
0.417174	277.055	46.2131	14.7395
0.499306	276.415	46.0877	14.7933
0.547257	275.778	45.9629	14.8462
0.590176	275.139	45.8475	14.8991
0.633762	274.487	45.7365	14.9528
0.655335	273.835	45.6325	15.0066
0.667429	273.172	45.5338	15.0608
0.662192	272.519	45.4423	15.1147
0.65326	271.836	45.3559	15.1714
0.61125	271.205	45.2799	15.2243
0.570673	270.566	45.2121	15.2778
0.503785	269.899	45.1361	15.3335
0.455256	269.261	45.0694	15.3874
0.371157	268.647	44.9993	15.4405
0.281004	267.989	44.9229	15.4971
0.174876	267.34	44.8395	15.5534
0.116548	266.73	44.7607	15.606
0.0281587	266.155	44.6799	15.6566
-0.0580594	265.578	44.5914	15.7074
-0.14231	264.989	44.4954	15.7586
-0.221593	264.383	44.3901	15.8106
-0.348963	263.755	44.2755	15.8653
-0.428568	263.167	44.1574	15.916
-0.497538	262.534	44.032	15.969
-0.568997	261.898	43.9048	16.0222
-0.648113	261.224	43.765	16.0787
-0.711658	260.542	43.6307	16.135
-0.748551	259.874	43.4955	16.1895
-0.786753	259.165	43.3585	16.247
-0.80438	258.494	43.2373	16.3017
-0.813186	257.81	43.1227	16.3571
-0.808292	257.189	43.0299	16.4074
-0.791413	256.543	42.942	16.4596
-0.750061	255.874	42.8584	16.5145
-0.713996	255.204	42.7859	16.5697
-0.664972	254.583	42.718	16.6209
-0.592215	253.943	42.648	16.6747
-0.546878	253.281	42.5799	16.7301
-0.446812	252.659	42.5093	16.7833
-0.394503	252.03	42.4386	16.837
-0.275384	251.385	42.356	16.8932
-0.198862	250.77	42.275	16.9474
-0.109904	250.137	42.1815	17.0028
-0.00684601	249.52	42.0823	17.0574
0.095998	248.955	41.9817	17.1076
0.252853	248.33	41.8653	17.1638
0.324275	247.705	41.7365	17.218
0.44246	247.05	41.6031	17.2747
0.504984	246.393	41.4618	17.3301
0.605915	245.757	41.3308	17.384
0.664848	245.129	41.1986	17.4363
0.724107	244.482	41.0749	17.4898
0.779584	243.812	40.9544	17.5448
0.810263	243.154	40.8425	17.5987
0.827544	242.516	40.7441	17.6515
0.831119	241.84	40.6492	17.7074
0.80014	241.159	40.5582	17.7639
0.772941	240.511	40.4818	17.8183
0.720449	239.893	40.4096	17.8709
0.627238	239.257	40.3362	17.9259
0.564163	238.631	40.2696	17.9801
0.472534	238.023	40.2002	18.0333
0.337093	237.45	40.1347	18.0855
0.257016	236.881	40.071	18.1366
0.149148	236.289	39.9955	18.1896
-0.0192176	235.688	39.9116	18.2436
-0.139907	235.108	39.8214	18.2954
-0.24434	234.517	39.7171	18.3476
-0.366376	233.911	39.6028	18.4006
-0.517675	233.271	39.4755	18.456
-0.608603	232.677	39.3444	18.507
-0.712765	232.073	39.2169	18.5584
-0.795631	231.431	39.0839	18.6118
-0.865725	230.813	38.9577	18.6632
-0.927414	230.157	38.8266	18.7175
-0.969022	229.494	38.7049	18.772
-0.994538	228.872	38.5959	18.8227
-1.00428	228.188	38.4839	18.8785
-0.99154	227.495	38.3789	18.9348
-0.966085	226.882	38.2927	18.9849
-0.924644	226.251	38.2114	19.0362
-0.877237	225.604	38.1393	19.0889
-0.789508	224.954	38.0667	19.1429
-0.719979	224.287	37.998	19.1985
-0.635418	223.69	37.9326	19.249
-0.514436	223.063	37.8605	19.3037
-0.435925	222.439	37.791	19.3578
-0.328526	221.819	37.7148	19.4124
-0.181007	221.218	37.6371	19.4665
-0.0867111	220.588	37.5501	19.5219
0.0526391	219.981	37.4567	19.5764
0.125657	219.342	37.3515	19.6318
0.237712	218.713	37.2393	19.687
0.314728	218.107	37.1269	19.7386
0.393897	217.481	37.0065	19.7928
0.486991	216.837	36.8746	19.8479
0.577527	216.168	36.7412	19.9041
0.626599	215.528	36.6074	19.9574
0.683458	214.88	36.4807	20.0111
0.723373	214.244	36.3613	20.0633
0.758215	213.591	36.2432	20.1171
0.7711	212.927	36.1342	20.1711
0.767086	212.278	36.0343	20.2242
0.751382	211.614	35.9411	20.2787
0.718497	210.951	35.8532	20.3335
0.667019	210.271	35.7715	20.3902
0.585122	209.614	35.692	20.4457
0.512866	209.008	35.6254	20.4979
0.411974	208.355	35.5442	20.554
0.322002	207.753	35.4677	20.6068
0.247694	207.137	35.3867	20.661
0.157441	206.556	35.3041	20.713
0.00843211	206.007	35.2224	20.765
-0.061334	205.395	35.1223	20.82
-0.175461	204.818	35.0202	20.8729
-0.308079	204.203	34.9005	20.9296
-0.415799	203.606	34.7827	20.9826
-0.515646	203.011	34.6627	21.0346
-0.635013	202.381	34.5299	21.0897
-0.716111	201.793	34.409	21.1402
-0.797052	201.186	34.286	21.1914
-0.865816	200.539	34.1587	21.2451
-0.937846	199.934	34.0431	21.2954
-0.979962	199.28	33.9272	21.3495
-1.00991	198.619	33.8236	21.4039
-1.01977	197.922	33.7269	21.4606
-1.01446	197.22	33.6389	21.5176
-0.995493	196.558	33.5596	21.5717
-0.965557	195.925	33.4889	21.6232
-0.922476	195.317	33.4247	21.6735
-0.837438	194.697	33.3595	21.7248
-0.775836	194.082	33.2933	21.7759
-0.722501	193.398	33.2182	21.833
-0.644408	192.803	33.1479	21.8837
-0.548266	192.176	33.0718	21.9383
-0.439973	191.565	32.9899	21.9927
-0.316407	190.953	32.9036	22.0476
-0.216609	190.336	32.8087	22.1021
-0.05826	189.731	32.7083	22.1572
0.0231908	189.101	32.5954	22.2124
0.139439	188.446	32.4696	22.2695
0.239793	187.84	32.3491	22.3223
0.335439	187.242	32.2254	22.3737
0.442215	186.608	32.087	22.4278
0.521624	185.956	31.9537	22.4821
0.59216	185.345	31.8307	22.5322
0.66824	184.694	31.7072	22.5859
0.712572	184.057	31.5895	22.6379
0.742919	183.418	31.4815	22.6902
0.756979	182.76	31.378	22.7445
0.745607	182.098	31.2831	22.7992
0.721183	181.463	31.1986	22.852
0.657593	180.816	31.1187	22.906
0.599245	180.176	31.0499	22.9602
0.522321	179.583	30.9861	23.0105
0.418031	178.956	30.9162	23.0647
0.327982	178.348	30.8477	23.1177
0.246718	177.709	30.7764	23.1735
0.112953	177.125	30.7039	23.2268
0.0302965	176.55	30.6306	23.2793
-0.0568596	175.944	30.5432	23.3333
-0.195747	175.406	30.4572	23.3837
-0.309731	174.841	30.3587	23.4356
-0.383663	174.249	30.2419	23.4885
-0.495904	173.678	30.1233	23.5398
-0.606565	173.085	29.9956	23.592
-0.722097	172.462	29.8603	23.6451
-0.844051	171.832	29.7175	23.6981
-0.934299	171.218	29.5885	23.7489
-1.02191	170.523	29.4528	23.806
-1.08158	169.905	29.337	23.8563
-1.12282	169.27	29.228	23.9077
-1.14826	168.613	29.1265	23.961
-1.15594	167.965	29.0359	24.0142
-1.14076	167.275	28.949	24.0705
-1.09639	166.605	28.8669	24.1257
-1.05773	165.919	28.7904	24.1823
-0.986363	165.307	28.7225	24.2329
-0.896116	164.634	28.6512	24.2892
-0.821519	164.027	28.5819	24.3399
-0.714445	163.428	28.5104	24.3912
-0.599708	162.758	28.4275	24.4489
-0.506961	162.138	28.3454	24.5019
-0.354963	161.511	28.2572	24.5577
-0.27267	160.884	28.165	24.6122
-0.124329	160.284	28.0675	24.6666
-0.0455341	159.666	27.9569	24.7207
0.0631362	159.091	27.8468	24.7714
0.157488	158.483	27.7234	24.8243
0.286917	157.87	27.5951	24.8781
0.360236	157.23	27.4541	24.9324
0.456222	156.634	27.3279	24.9825
0.558589	155.994	27.1999	25.036
0.621063	155.34	27.072	25.0898
0.683802	154.666	26.9531	25.1452
0.736248	154.007	26.8443	25.1995
0.756924	153.387	26.7508	25.2508
0.761953	152.772	26.6652	25.3021
0.74575	152.146	26.585	25.3546
0.701447	151.531	26.5123	25.4065
0.658541	150.872	26.4419	25.4621
0.600865	150.279	26.378	25.5128
0.505912	149.643	26.3066	25.5677
0.44105	149.021	26.2421	25.622
0.327878	148.406	26.1703	25.6761
0.239705	147.821	26.1037	25.7286
0.156221	147.201	26.0226	25.7833
0.0128212	146.602	25.9405	25.838
-0.0735058	145.988	25.8497	25.8933
-0.182825	145.417	25.7531	25.9456
-0.307184	144.83	25.6401	26.0005
-0.419443	144.268	25.5251	26.0519
-0.550734	143.693	25.4032	26.1041
-0.698212	143.127	25.2801	26.1549
-0.771345	142.545	25.154	26.2049
-0.890729	141.917	25.0212	26.2586
-0.965404	141.301	24.8868	26.31
-1.03944	140.673	24.7629	26.362
-1.0977	140.02	24.641	26.4161
-1.12222	139.322	24.5174	26.4732
-1.13543	138.622	24.4058	26.53
-1.13205	137.97	24.3119	26.5834
-1.09741	137.336	24.2306	26.6354
-1.07094	136.67	24.1597	26.69
-1.01507	136.028	24.0931	26.7437
-0.933798	135.369	24.0315	26.7994
-0.862163	134.723	23.9633	26.8546
-0.776181	134.151	23.9054	26.9048
-0.670232	133.586	23.846	26.9555
-0.528703	132.976	23.7771	27.0117
-0.425308	132.37	23.6948	27.0661
-0.290629	131.748	23.6012	27.1229
-0.173962	131.169	23.5015	27.1747
-0.0277656	130.57	23.3888	27.2295
0.0829496	129.947	23.2687	27.2842
0.249888	129.374	23.1517	27.3361
0.365369	128.763	23.026	27.3892
0.453856	128.102	22.8851	27.445
0.568956	127.496	22.7608	27.4966
0.644031	126.848	22.6278	27.5503
0.698011	126.224	22.5104	27.6018
0.748356	125.553	22.3926	27.6566
0.771697	124.909	22.287	27.709
0.778162	124.271	22.1901	27.7613
0.766879	123.618	22.0965	27.8152
0.724171	123.011	22.0161	27.8658
0.679068	122.339	21.9341	27.9223
0.586366	121.67	21.8516	27.9792
0.513405	121.063	21.787	28.0311
0.435721	120.453	21.7175	28.0832
0.321122	119.881	21.6532	28.1341
0.176146	119.304	21.5863	28.1863
0.0646274	118.743	21.5191	28.2372
-0.0259602	118.1	21.4386	28.2941
-0.134613	117.526	21.3583	28.3464
-0.304779	116.996	21.2746	28.3971
-0.413053	116.406	21.168	28.4506
-0.531711	115.81	21.0528	28.5041
-0.675471	115.255	20.9378	28.5548
-0.82511	114.629	20.8026	28.6109
-0.957511	113.994	20.6708	28.666
-1.05094	113.382	20.5435	28.7178
-1.13918	112.78	20.4211	28.7681
-1.20328	112.175	20.3036	28.8184
-1.25051	111.544	20.1872	28.87
-1.27911	110.919	20.0818	28.9209
-1.29281	110.259	19.9778	28.9746
-1.28515	109.583	19.8797	29.03
-1.2622	108.931	19.7907	29.0835
-1.19959	108.26	19.7053	29.139
-1.14651	107.645	19.6366	29.1908
-1.06437	107.031	19.565	29.243
-0.974774	106.418	19.4933	29.2964
-0.844287	105.827	19.4288	29.3497
-0.745226	105.211	19.3543	29.4042
-0.595869	104.633	19.2838	29.4573
-0.479307	104.063	19.2114	29.5097
-0.355376	103.5	19.1381	29.5614
-0.237926	102.88	19.0458	29.6174
-0.0644507	102.345	18.9602	29.6676
0.0481098	101.719	18.8508	29.7241
0.223344	101.115	18.7382	29.7795
0.332305	100.528	18.6188	29.8311
0.456229	99.8886	18.4933	29.8863
0.557322	99.2829	18.3725	29.9384
0.634134	98.6881	18.2541	29.9893
0.703971	98.0603	18.1297	30.0417
0.762944	97.4272	18.0129	30.0942
0.811692	96.8083	17.9084	30.1456
0.833851	96.1836	17.8115	30.1969
0.838666	95.5379	17.7239	30.2496
0.832217	94.9035	17.6459	30.3022
0.803831	94.2988	17.5714	30.3528
0.754588	93.6884	17.499	30.4043
0.682874	93.0671	17.4266	30.4567
0.623194	92.4819	17.3594	30.5069
0.546207	91.8956	17.2921	30.5575
0.479071	91.2577	17.2219	30.613
0.36627	90.6448	17.1491	30.6678
0.27175	90.0532	17.0782	30.72
0.202911	89.4823	17.0106	30.7708
0.0986606	88.8758	16.9299	30.8258
-0.0442848	88.3265	16.8531	30.8764
-0.164078	87.7548	16.7646	30.928
-0.270595	87.1182	16.6539	30.9838
-0.377622	86.5508	16.545	31.0339
-0.500527	85.9856	16.4284	31.0839
-0.645502	85.3594	16.2969	31.1383
-0.73139	84.6944	16.1495	31.1948
-0.852315	84.0569	16.0132	31.2498
-0.932673	83.4208	15.8739	31.3036
-1.01659	82.7619	15.7439	31.3591
-1.05885	82.0947	15.6165	31.4145
-1.08729	81.4864	15.5106	31.4646
-1.10413	80.8763	15.4131	31.5147
-1.10684	80.265	15.322	31.5651
-1.09078	79.641	15.2363	31.6165
-1.05311	78.9734	15.1562	31.6719
-0.971877	78.3081	15.0785	31.7279
-0.905871	77.7166	15.016	31.7782
-0.847981	77.0802	14.9533	31.8324
-0.767926	76.4853	14.8904	31.884
-0.673031	75.9166	14.8302	31.9347
-0.525077	75.3424	14.7648	31.9871
-0.400904	74.7568	14.6896	32.0401
-0.301306	74.1899	14.6077	32.0901
-0.217572	73.6292	14.5148	32.1407
-0.103416	73.0182	14.4077	32.1946
0.0431398	72.4181	14.2966	32.2479
0.152923	71.7486	14.1651	32.3057
0.266221	71.0879	14.0299	32.362
0.351838	70.4616	13.9042	32.4148
0.431319	69.8504	13.7806	32.4656
0.523612	69.2132	13.6559	32.5187
0.572867	68.5782	13.5322	32.571
0.624058	67.8936	13.4103	32.6274
0.651094	67.2678	13.3049	32.6786
0.663551	66.6314	13.2031	32.731
0.662664	66.0204	13.1086	32.7815
0.64557	65.3958	13.0155	32.8331
0.620013	64.7832	12.928	32.8836
0.562656	64.1393	12.8392	32.9367
0.498436	63.5367	12.7606	32.9869
0.414639	62.921	12.6828	33.0385
0.349482	62.2679	12.6043	33.0929
0.257585	61.6556	12.5285	33.1452
0.155893	61.0116	12.4505	33.2013
0.0600331	60.3892	12.37	33.2563
-0.076494	59.8247	12.2966	33.3074
-0.165884	59.2139	12.2139	33.3622
-0.280296	58.6116	12.1222	33.4174
-0.41696	58.0328	12.0254	33.4718
-0.531928	57.4535	11.9212	33.5242
-0.675737	56.8273	11.7993	33.5813
-0.777011	56.2295	11.6805	33.6337
-0.889157	55.6106	11.5549	33.6884
-0.967001	55.0176	11.4318	33.7394
-1.02716	54.4223	11.309	33.7897
-1.07832	53.7713	11.1753	33.8443
-1.1371	53.1311	11.0541	33.8977
-1.16615	52.4678	10.934	33.9521
-1.18189	51.797	10.8254	34.007
-1.18321	51.1162	10.7255	34.0629
-1.15329	50.451	10.6355	34.1177
-1.10905	49.8416	10.5619	34.1681
-1.06667	49.1768	10.491	34.2237
-1.00301	48.5913	10.4289	34.2738
-0.884959	47.9657	10.3605	34.3289
-0.827612	47.3449	10.2956	34.3834
-0.744191	46.7794	10.2307	34.4337
-0.620615	46.1899	10.1583	34.4877
-0.512298	45.6281	10.0848	34.5404
-0.425185	45.0533	10.001	34.5941
-0.317794	44.5	9.91288	34.6448
-0.191312	43.9258	9.81312	34.6976
-0.069284	43.3141	9.69944	34.7525
0.037571	42.725	9.58806	34.8046
0.131467	42.1184	9.47016	34.8574
0.258624	41.4922	9.34883	34.9115
0.336172	40.8788	9.2268	34.9629
0.405648	40.244	9.10816	35.016
0.483913	39.6008	8.99288	35.0694
0.52685	38.9411	8.87796	35.1238
0.559746	38.3214	8.77722	35.1751
0.578278	37.7006	8.68275	35.2263
0.587922	37.0224	8.58647	35.2823
0.585345	36.4129	8.50156	35.3329
0.572562	35.8025	8.41824	35.3841
0.539848	35.1604	8.33234	35.4381
0.500709	34.5406	8.25231	35.4902
0.455953	33.9438	8.17769	35.5405
0.400755	33.3106	8.10171	35.5941
0.302733	32.6635	8.01974	35.6495
0.234355	32.0056	7.93855	35.7059
0.132847	31.3806	7.85828	35.7596
0.0579184	30.7231	7.77269	35.8164
-0.0835054	30.1373	7.69198	35.8685
-0.158432	29.5175	7.60304	35.923
-0.26152	28.926	7.51078	35.9764
-0.390346	28.3062	7.40702	36.0325
-0.486959	27.7059	7.29994	36.0863
-0.647542	27.1081	7.1878	36.1413
-0.727142	26.4743	7.05806	36.1965
-0.812411	25.887	6.93764	36.247
-0.898985	25.3007	6.81541	36.2976
-0.991633	24.6654	6.68519	36.3519
-1.04926	23.9973	6.54753	36.4075
-1.10643	23.3308	6.41816	36.4628
-1.13518	22.6978	6.30788	36.5148
-1.1492	22.0516	6.20453	36.5677
-1.14235	21.3911	6.10661	36.6219
-1.13022	20.7419	6.02063	36.6752
-1.06964	20.0802	5.93718	36.7302
-1.03312	19.4384	5.86661	36.784
-0.949608	18.7949	5.79409	36.8386
-0.872629	18.2006	5.72974	36.8897
-0.80551	17.5752	5.66673	36.9442
-0.707372	16.9733	5.59958	36.998
-0.590153	16.3755	5.53386	37.0527
-0.456168	15.7717	5.45523	37.108
-0.361423	15.1774	5.37049	37.1622
-0.257621	14.6177	5.28038	37.2135
-0.152696	14.0406	5.18079	37.2659
-0.0592404	13.4703	5.07675	37.3173
0.0727939	12.8881	4.9671	37.3693
0.183542	12.3087	4.85548	37.4197
0.281973	11.7204	4.74233	37.4706
0.337793	11.0793	4.61779	37.5245
0.44033	10.4057	4.49355	37.5813
0.489258	9.74627	4.37053	37.6361
0.542209	9.1203	4.25954	37.6882
0.589951	8.51154	4.15507	37.7383
0.625752	7.86516	4.04963	37.7919
0.643968	7.26164	3.95604	37.842
0.652616	6.59362	3.85618	37.8976
0.650629	5.9321	3.76162	37.9528
0.632282	5.31661	3.67499	38.0042
0.602157	4.71025	3.59179	38.055
0.542555	4.06037	3.50376	38.1097
0.494059	3.42045	3.42212	38.1629
0.443205	2.77823	3.33777	38.2162
0.352307	2.1452	3.25588	38.2694
0.27755	1.53339	3.17715	38.3214
0.222609	0.918183	3.09837	38.3735
0.133528	0.313247	3.01728	38.4259
0.0359047	-0.252586	2.94141	38.4762
-0.113202	-0.842962	2.8603	38.5297
-0.185032	-1.45771	2.77146	38.5848
-0.336321	-2.05788	2.67475	38.6399
-0.411646	-2.69064	2.56276	38.6957
-0.551974	-3.27402	2.45191	38.749
-0.620735	-3.85565	2.33713	38.7994
-0.725107	-4.49365	2.20492	38.855
-0.816574	-5.08498	2.08316	38.9059
-0.918813	-5.71182	1.95529	38.9593
-0.963061	-6.38067	1.81791	39.0147
-1.01604	-7.05602	1.69108	39.0701
-1.04952	-7.70647	1.57419	39.1234
-1.07	-8.34426	1.47067	39.1756
-1.07929	-8.98868	1.37342	39.2285
-1.07437	-9.64676	1.28319	39.2828
-1.05431	-10.2968	1.19834	39.3367
-1.00323	-10.924	1.12088	39.3897
-0.963439	-11.5838	1.04642	39.4453
-0.91119	-12.2202	0.97138	39.4996
-0.83438	-12.8462	0.902587	39.5541
-0.776062	-13.4488	0.831111	39.6067
-0.636808	-14.0541	0.756124	39.6621
-0.576053	-14.6536	0.680821	39.7157
-0.455392	-15.2345	0.599268	39.7688
-0.359724	-15.8003	0.515949	39.8205
-0.237847	-16.3617	0.425798	39.873
-0.145063	-16.9181	0.33205	39.9247
-0.030543	-17.5058	0.229173	39.9781
0.0649104	-18.0741	0.124237	40.0284
0.19859	-18.6454	0.0154332	40.0801
0.289517	-19.2279	-0.097717	40.1305
0.369832	-19.8413	-0.216624	40.183
0.461926	-20.502	-0.346546	40.2389
0.549512	-21.1248	-0.463243	40.2914
0.604555	-21.7474	-0.577697	40.3432
0.655119	-22.4221	-0.691116	40.3987
0.689313	-23.0578	-0.791622	40.4513
0.702959	-23.7091	-0.88816	40.5056
0.691443	-24.3674	-0.982361	40.5607
0.674764	-25.0226	-1.06918	40.616
0.643939	-25.6333	-1.14709	40.6672
0.58376	-26.2735	-1.22721	40.7216
0.529176	-26.8793	-1.30135	40.7728
0.469992	-27.4658	-1.37288	40.8228
0.410308	-28.1148	-1.45217	40.8778
0.300658	-28.7248	-1.5316	40.9308
0.202462	-29.2891	-1.60624	40.9812
0.122314	-29.8952	-1.6893	41.0345
0.015966	-30.4614	-1.7724	41.0857
-0.0798045	-31.0534	-1.86418	41.139
-0.211116	-31.6553	-1.96664	41.1948
-0.327844	-32.2269	-2.06995	41.2476
-0.46162	-32.8365	-2.18492	41.303
-0.538131	-33.4639	-2.31152	41.3582
-0.672771	-34.0587	-2.43148	41.4111
-0.759144	-34.695	-2.56546	41.4662
-0.840233	-35.3096	-2.69006	41.5188
-0.919826	-35.9747	-2.82283	41.5746
-0.965029	-36.6143	-2.93964	41.6277
-1.00057	-37.2718	-3.0517	41.6817
-1.01278	-37.9235	-3.15304	41.7356
-1.01067	-38.5499	-3.24231	41.787
-0.99866	-39.1655	-3.32306	41.8381
-0.951285	-39.7871	-3.39744	41.8896
-0.906098	-40.4451	-3.46717	41.9444
-0.853947	-41.0734	-3.5351	41.9973
-0.759876	-41.6793	-3.59846	42.0498
-0.709928	-42.3099	-3.6606	42.104
-0.633843	-42.9275	-3.73106	42.1581
-0.535713	-43.4969	-3.80212	42.2084
-0.401936	-44.0895	-3.88524	42.2616
-0.322835	-44.6833	-3.97679	42.3143
-0.226237	-45.2724	-4.07686	42.3656
-0.119069	-45.8953	-4.18689	42.42
-0.0262049	-46.4865	-4.29462	42.4719
0.0576409	-47.0926	-4.4123	42.5249
0.134998	-47.6812	-4.52582	42.5757
0.226722	-48.2981	-4.64385	42.6289
0.3333	-48.9162	-4.76145	42.6821
0.416268	-49.5018	-4.87359	42.7329
0.482556	-50.1089	-4.99208	42.7849
0.547821	-50.754	-5.11093	42.8387
0.609939	-51.4312	-5.23418	42.8949
0.652103	-52.0479	-5.34041	42.9459
0.67972	-52.6666	-5.44121	42.9971
0.696582	-53.2959	-5.53856	43.0491
0.695204	-53.9225	-5.63004	43.1009
0.690594	-54.5756	-5.7173	43.1558
0.668634	-55.2056	-5.79789	43.2089
0.618403	-55.8544	-5.87275	43.2641
0.561657	-56.4494	-5.94289	43.3148
0.486413	-57.0939	-6.02084	43.3702
0.403821	-57.6893	-6.09283	43.4218
0.328618	-58.2874	-6.16765	43.4738
0.257223	-58.9097	-6.24769	43.5283
0.170447	-59.4972	-6.329	43.5802
0.0717606	-60.0567	-6.40933	43.631
-0.0466878	-60.6627	-6.50138	43.6858
-0.15496	-61.2463	-6.59985	43.7385
-0.296124	-61.8553	-6.71537	43.7947
-0.386339	-62.4613	-6.83543	43.8485
-0.506634	-63.057	-6.95915	43.9017
-0.593174	-63.6855	-7.09606	43.9564
-0.690795	-64.2692	-7.21971	44.0067
-0.754594	-64.8662	-7.34312	44.0574
-0.828668	-65.4702	-7.46347	44.108
-0.892671	-66.1128	-7.58362	44.1615
-0.920155	-66.7241	-7.69274	44.2118
-0.932856	-67.3606	-7.79925	44.2642
-0.934051	-68.0328	-7.90662	44.319
-0.918366	-68.6989	-8.00807	44.3735
-0.894888	-69.3279	-8.09691	44.4249
-0.855795	-69.9533	-8.17988	44.4761
-0.8057	-70.5884	-8.25801	44.5284
-0.722743	-71.2374	-8.33331	44.5825
-0.668552	-71.885	-8.40044	44.6368
-0.605994	-72.4854	-8.46716	44.6881
-0.500399	-73.1372	-8.53814	44.7449
-0.414362	-73.7494	-8.61138	44.7986
-0.320384	-74.3885	-8.69252	44.8546
-0.249649	-74.996	-8.77658	44.9077
-0.105674	-75.5847	-8.86475	44.9618
-0.00283895	-76.1824	-8.95891	45.0146
0.0776393	-76.7532	-9.05452	45.0651
0.159716	-77.3565	-9.15875	45.118
0.232477	-77.9279	-9.26173	45.1686
0.301546	-78.5169	-9.37081	45.2198
0.396784	-79.1288	-9.48496	45.2727
0.443441	-79.7465	-9.60442	45.3252
0.518268	-80.4071	-9.72449	45.3812
0.560998	-81.0527	-9.84072	45.4354
0.597047	-81.7034	-9.94958	45.4895
0.624525	-82.3865	-10.0585	45.5461
0.634242	-82.9965	-10.15	45.597
0.631027	-83.619	-10.2405	45.6491
0.596579	-84.2558	-10.329	45.7023
0.569875	-84.9083	-10.4136	45.7574
0.493082	-85.5572	-10.4985	45.8129
0.441116	-86.193	-10.5774	45.8674
0.344758	-86.8497	-10.6626	45.9243
0.282497	-87.4381	-10.7349	45.9751
0.195025	-88.0567	-10.8175	46.0292
0.110525	-88.6643	-10.9003	46.0822
-0.0359853	-89.2248	-10.9771	46.1329
-0.107179	-89.87	-11.0697	46.1892
-0.234481	-90.4984	-11.1678	46.2457
-0.352365	-91.056	-11.2624	46.296
-0.454918	-91.6777	-11.3745	46.3503
-0.597646	-92.267	-11.4877	46.4032
-0.683262	-92.8804	-11.6135	46.4571
-0.776822	-93.5113	-11.7389	46.5115
-0.868475	-94.1392	-11.8705	46.5656
-0.934105	-94.7818	-11.9976	46.6195
-1.00956	-95.4307	-12.1213	46.6739
-1.04139	-96.0915	-12.2424	46.7286
-1.07107	-96.7497	-12.3511	46.7826
-1.07773	-97.3699	-12.4468	46.8335
-1.07084	-98.0101	-12.5374	46.8864
-1.05261	-98.6502	-12.623	46.9398
-0.995761	-99.3032	-12.7059	46.9943
-0.955774	-99.9385	-12.779	47.0475
-0.892395	-100.544	-12.851	47.099
-0.822785	-101.148	-12.9221	47.1508
-0.718325	-101.765	-12.9957	47.2047
-0.648784	-102.362	-13.0624	47.2571
-0.538887	-102.968	-13.1384	47.3116
-0.409576	-103.516	-13.2104	47.3624
-0.313734	-104.088	-13.2917	47.4134
-0.241827	-104.72	-13.39	47.4698
-0.148246	-105.283	-13.4845	47.5204
0.00548244	-105.853	-13.5836	47.5739
0.0653652	-106.424	-13.6861	47.6244
0.125725	-106.988	-13.7908	47.6745
0.17347	-107.588	-13.909	47.7276
0.240758	-108.187	-14.0251	47.7804
0.289366	-108.777	-14.1401	47.8317
0.341983	-109.414	-14.2642	47.8869
0.383916	-110.041	-14.3798	47.9401
0.424718	-110.654	-14.4885	47.992
0.442933	-111.255	-14.5895	48.0424
0.452306	-111.916	-14.6949	48.0971
0.456618	-112.566	-14.7928	48.1508
0.442035	-113.206	-14.8807	48.204
0.425066	-113.83	-14.9543	48.2557
0.387853	-114.438	-15.0285	48.3058
0.368196	-115.095	-15.0998	48.3595
0.315243	-115.768	-15.1733	48.4158
0.265599	-116.401	-15.2472	48.4692
0.167946	-117.018	-15.3211	48.5232
0.119253	-117.631	-15.3983	48.5754
0.0539712	-118.226	-15.4764	48.6274
-0.0210236	-118.813	-15.5617	48.6787
-0.102397	-119.401	-15.6529	48.7303
-0.169571	-119.971	-15.7482	48.7804
-0.287803	-120.543	-15.8519	48.8308
-0.408051	-121.141	-15.9665	48.8833
-0.486346	-121.783	-16.0988	48.939
-0.595368	-122.405	-16.2258	48.9924
-0.658685	-123.008	-16.35	49.0434
-0.710671	-123.655	-16.4871	49.0982
-0.794577	-124.283	-16.6125	49.1515
-0.829489	-124.94	-16.7425	49.2061
-0.865968	-125.581	-16.8601	49.2592
-0.893958	-126.246	-16.9742	49.3139
-0.898778	-126.898	-17.0797	49.3675
-0.887664	-127.562	-17.1794	49.422
-0.871195	-128.247	-17.2734	49.4782
-0.838725	-128.885	-17.3554	49.531
-0.774005	-129.538	-17.4345	49.5858
-0.72703	-130.185	-17.5027	49.6406
-0.627977	-130.782	-17.5669	49.6928
-0.541124	-131.379	-17.6304	49.7455
-0.457284	-131.952	-17.6876	49.7975
-0.382748	-132.527	-17.7556	49.849
-0.240301	-133.133	-17.8359	49.9041
-0.157692	-133.709	-17.917	49.9565
-0.0627192	-134.277	-18.0072	50.0081
0.0705816	-134.903	-18.1116	50.0644
0.133668	-135.507	-18.2182	50.1182
0.225234	-136.074	-18.3193	50.1682
0.305382	-136.682	-18.4281	50.2213
0.41795	-137.3	-18.5408	50.2757
0.479219	-137.893	-18.655	50.3265
0.543826	-138.511	-18.7715	50.3792
0.60013	-139.108	-18.8836	50.4298
0.646743	-139.722	-18.9963	50.4816
0.690016	-140.338	-19.1057	50.5332
0.714633	-140.961	-19.212	50.5855
0.724443	-141.575	-19.3123	50.637
0.724479	-142.206	-19.4097	50.6898
0.70642	-142.823	-19.5012	50.742
0.680534	-143.492	-19.5947	50.798
0.639303	-144.1	-19.6773	50.8496
0.591329	-144.699	-19.756	50.9007
0.512128	-145.336	-19.8382	50.9548
0.451362	-145.95	-19.9105	51.0071
0.370113	-146.526	-19.9823	51.0576
0.290494	-147.153	-20.0637	51.1116
0.173132	-147.761	-20.1446	51.1659
0.0861112	-148.386	-20.2298	51.2211
-0.0347077	-148.986	-20.318	51.2739
-0.130586	-149.566	-20.4089	51.3258
-0.207187	-150.202	-20.5176	51.3824
-0.352704	-150.789	-20.6233	51.4356
-0.424806	-151.411	-20.7456	51.4898
-0.515346	-151.991	-20.8616	51.5407
-0.597892	-152.582	-20.9817	51.5922
-0.70738	-153.21	-21.1086	51.6464
-0.790446	-153.793	-21.2292	51.6967
-0.846936	-154.439	-21.3628	51.7514
-0.912312	-155.081	-21.4856	51.8055
-0.935812	-155.737	-21.609	51.8598
-0.963018	-156.397	-21.7233	51.9141
-0.963847	-157.057	-21.831	51.9682
-0.955462	-157.729	-21.9329	52.0234
-0.926064	-158.393	-22.0224	52.0777
-0.886773	-159.008	-22.0988	52.128
-0.833862	-159.653	-22.1749	52.1814
-0.758742	-160.292	-22.247	52.2348
-0.699402	-160.965	-22.3159	52.2909
-0.593445	-161.58	-22.3813	52.3442
-0.513385	-162.185	-22.4473	52.3967
-0.43902	-162.763	-22.5107	52.4483
-0.341659	-163.327	-22.5847	52.4993
-0.22711	-163.94	-22.6726	52.5542
-0.111397	-164.508	-22.7598	52.6065
-0.0407892	-165.074	-22.8562	52.6576
0.0659861	-165.631	-22.9547	52.7076
0.16492	-166.261	-23.0687	52.763
0.27253	-166.873	-23.1875	52.8176
0.359971	-167.473	-23.303	52.8699
0.46145	-168.104	-23.4243	52.925
0.508572	-168.756	-23.5544	52.9801
0.572521	-169.359	-23.671	53.0313
0.641191	-169.968	-23.7855	53.0827
0.689833	-170.575	-23.8953	53.1336
0.718852	-171.212	-24.005	53.1865
0.735255	-171.834	-24.1068	53.2383
0.741096	-172.446	-24.2001	53.2891
0.731288	-173.074	-24.2911	53.3416
0.695483	-173.709	-24.3768	53.3952
0.662579	-174.348	-24.4531	53.4492
0.616072	-174.958	-24.5245	53.5006
0.56294	-175.562	-24.594	53.5521
0.462367	-176.199	-24.6695	53.607
0.408456	-176.794	-24.7366	53.6583
0.326738	-177.394	-24.8116	53.7108
0.21766	-177.992	-24.8895	53.7649
0.139029	-178.591	-24.97	53.8189
0.0467313	-179.196	-25.059	53.8727
-0.0897611	-179.773	-25.1488	53.925
-0.160464	-180.393	-25.2566	53.9804
-0.255736	-180.967	-25.3632	54.0319
-0.40329	-181.552	-25.4772	54.0847
-0.477842	-182.181	-25.6076	54.1389
-0.579762	-182.762	-25.7272	54.1895
-0.675236	-183.385	-25.8542	54.2427
-0.770686	-183.996	-25.9798	54.2946
-0.834386	-184.648	-26.1156	54.3498
-0.90412	-185.281	-26.2389	54.4031
-0.952808	-185.924	-26.3589	54.4572
-0.972722	-186.585	-26.4768	54.5122
-0.981063	-187.221	-26.5796	54.565
-0.970945	-187.856	-26.6732	54.6177
-0.938607	-188.531	-26.7676	54.6732
-0.89848	-189.205	-26.8551	54.7291
-0.840747	-189.809	-26.9336	54.7791
-0.775618	-190.435	-27.0161	54.8316
-0.687806	-191.076	-27.1012	54.8859
-0.602063	-191.669	-27.1789	54.9363
-0.52627	-192.275	-27.2566	54.989
-0.439602	-192.873	-27.3372	55.0418
-0.279059	-193.443	-27.4166	55.0952
-0.174104	-193.986	-27.4983	55.1457
-0.111225	-194.588	-27.5968	55.2
-0.00501713	-195.173	-27.6986	55.2538
0.151689	-195.742	-27.8019	55.3077
0.236539	-196.347	-27.9157	55.3621
0.363365	-196.932	-28.0255	55.4151
0.437825	-197.522	-28.1373	55.4662
0.500386	-198.126	-28.2558	55.519
0.571185	-198.738	-28.3701	55.5713
0.653651	-199.402	-28.4889	55.6276
0.701016	-200.006	-28.5947	55.6784
0.736622	-200.626	-28.6935	55.7302
0.760986	-201.225	-28.7824	55.7804
0.774384	-201.868	-28.8725	55.8337
0.770257	-202.486	-28.9543	55.8854
0.754163	-203.095	-29.0318	55.9364
0.722948	-203.707	-29.1076	55.9881
0.695859	-204.331	-29.1784	56.0406
0.625518	-204.987	-29.2569	56.0961
0.578865	-205.604	-29.324	56.1488
0.50351	-206.192	-29.3934	56.1998
0.394757	-206.829	-29.4733	56.2551
0.308978	-207.415	-29.5477	56.3071
0.226653	-207.984	-29.6226	56.3579
0.155793	-208.547	-29.6995	56.409
0.0194856	-209.138	-29.7878	56.4644
-0.0807362	-209.725	-29.8814	56.518
-0.152522	-210.302	-29.9849	56.5705
-0.240333	-210.891	-30.0963	56.6237
-0.358351	-211.452	-30.2097	56.6743
-0.499204	-212.038	-30.3304	56.7264
-0.601365	-212.664	-30.4646	56.7807
-0.678682	-213.267	-30.589	56.8321
-0.749248	-213.862	-30.7085	56.8824
-0.819919	-214.493	-30.8286	56.9348
-0.86494	-215.116	-30.9407	56.9858
-0.892656	-215.786	-31.0527	57.0406
-0.910161	-216.418	-31.1483	57.0929
-0.909288	-217.084	-31.2417	57.1476
-0.902538	-217.747	-31.3237	57.2021
-0.865297	-218.402	-31.4019	57.2565
-0.826431	-219.06	-31.4719	57.3114
-0.775266	-219.658	-31.536	57.3617
-0.710232	-220.269	-31.6019	57.4135
-0.609056	-220.895	-31.6704	57.4671
-0.549525	-221.525	-31.7362	57.5218
-0.445328	-222.088	-31.8001	57.5722
-0.379492	-222.672	-31.8722	57.6229
-0.262378	-223.288	-31.9564	57.678
-0.198976	-223.889	-32.0452	57.7311
-0.122509	-224.49	-32.1443	57.7839
-0.0130181	-225.085	-32.2496	57.8369
0.0691615	-225.668	-32.3577	57.8877
0.129787	-226.269	-32.477	57.9399
0.208637	-226.898	-32.5995	57.9942
0.307656	-227.501	-32.7188	58.0462
0.390223	-228.107	-32.839	58.0976
0.446774	-228.732	-32.9678	58.1502
0.51196	-229.347	-33.0883	58.202
0.57173	-229.948	-33.2027	58.2523
0.616043	-230.583	-33.3173	58.3051
0.635662	-231.198	-33.4229	58.3561
0.639158	-231.805	-33.5211	58.4068
0.628329	-232.424	-33.6148	58.4586
0.609328	-233.06	-33.7032	58.5119
0.575304	-233.679	-33.7841	58.5644
0.516953	-234.322	-33.8614	58.6197
0.434957	-234.966	-33.9388	58.6748
0.379535	-235.624	-34.0122	58.7307
0.293181	-236.244	-34.0858	58.7843
0.20729	-236.83	-34.1564	58.8363
0.114324	-237.432	-34.2311	58.8909
-0.0460931	-238.045	-34.3163	58.9481
-0.135917	-238.645	-34.4055	59.0032
-0.233665	-239.185	-34.4962	59.0537
-0.368865	-239.761	-34.6023	59.1093
-0.449292	-240.322	-34.7099	59.1598
-0.547682	-240.887	-34.821	59.2111
-0.647344	-241.447	-34.9335	59.2613
-0.751641	-242.046	-35.0546	59.3142
-0.857746	-242.674	-35.1804	59.3677
-0.906461	-243.303	-35.3074	59.4202
-0.958725	-243.934	-35.425	59.4726
-1.01174	-244.614	-35.5446	59.5288
-1.03328	-245.233	-35.6498	59.5795
-1.04312	-245.874	-35.7501	59.6318
-1.03785	-246.527	-35.8462	59.6856
-1.02298	-247.161	-35.9333	59.7382
-1.00104	-247.808	-36.0121	59.7918
-0.938223	-248.449	-36.0888	59.8456
-0.894264	-249.098	-36.1593	59.9003
-0.829059	-249.721	-36.2295	59.9538
-0.754835	-250.308	-36.2952	60.0043
-0.645028	-250.894	-36.3619	60.0556
-0.574246	-251.479	-36.4308	60.1066
-0.52279	-252.128	-36.5089	60.1629
-0.430201	-252.695	-36.5838	60.2132
-0.306935	-253.292	-36.6696	60.2661
-0.20822	-253.904	-36.7645	60.3213
-0.115464	-254.5	-36.8659	60.3748
-0.00574489	-255.071	-36.969	60.426
0.0516461	-255.711	-37.0907	60.4813
0.14889	-256.338	-37.2113	60.5357
0.217781	-256.926	-37.3293	60.5873
0.291755	-257.522	-37.4505	60.6395
0.340862	-258.131	-37.5797	60.6914
0.406768	-258.727	-37.6983	60.7418
0.446726	-259.354	-37.8172	60.7946
0.491388	-259.978	-37.9303	60.8468
0.508491	-260.638	-38.0443	60.9018
0.519624	-261.278	-38.1462	60.9549
0.520289	-261.9	-38.2398	61.0068
0.504609	-262.498	-38.3237	61.057
0.477736	-263.09	-38.4003	61.1071
0.441952	-263.716	-38.4716	61.1597
0.395338	-264.357	-38.5465	61.2137
0.340585	-264.941	-38.6111	61.2637
0.256994	-265.572	-38.6824	61.3183
0.198925	-266.187	-38.7494	61.3718
0.127817	-266.756	-38.8182	61.4219
0.0538555	-267.34	-38.8936	61.4743
-0.0883282	-267.915	-38.9714	61.5282
-0.182218	-268.487	-39.0536	61.5798
-0.264391	-269.058	-39.1444	61.6333
-0.35989	-269.599	-39.2393	61.6837
-0.456688	-270.139	-39.3426	61.7339
-0.584716	-270.727	-39.4598	61.7884
-0.68538	-271.296	-39.5786	61.8395
-0.758473	-271.876	-39.7076	61.8906
-0.848125	-272.454	-39.8306	61.941
-0.922941	-273.054	-39.9552	61.9919
-1.02769	-273.728	-40.0874	62.0486
-1.06819	-274.363	-40.2107	62.1005
-1.11367	-275.038	-40.3283	62.1558
-1.13529	-275.735	-40.442	62.2126
-1.14662	-276.364	-40.5369	62.2637
-1.14064	-277.045	-40.6339	62.3196
-1.12753	-277.681	-40.7145	62.3721
-1.10312	-278.307	-40.7914	62.4241
-1.03261	-278.955	-40.8685	62.4787
-0.98937	-279.61	-40.9408	62.5339
-0.911756	-280.237	-41.0131	62.5878
-0.830154	-280.834	-41.0815	62.6396
-0.774287	-281.487	-41.1568	62.6963
-0.669001	-282.105	-41.231	62.7518
-0.525407	-282.712	-41.3121	62.8076
-0.43362	-283.345	-41.4031	62.8642
-0.344697	-283.933	-41.4941	62.9163
-0.218093	-284.546	-41.5977	62.9725
-0.0772508	-285.137	-41.7015	63.0264
0.00433189	-285.746	-41.8185	63.0803
0.103817	-286.314	-41.9304	63.1305
0.221206	-286.883	-42.0444	63.1808
0.30721	-287.49	-42.1656	63.2333
0.376772	-288.089	-42.2856	63.2842
0.461247	-288.738	-42.4106	63.339
0.511655	-289.372	-42.5306	63.3919
0.568146	-290.038	-42.6448	63.4471
0.592885	-290.666	-42.7468	63.4993
0.603179	-291.316	-42.8454	63.5534
0.594003	-291.946	-42.9364	63.6064
0.569804	-292.559	-43.0204	63.658
0.537295	-293.156	-43.098	63.7086
0.497103	-293.769	-43.1701	63.7607
0.453158	-294.376	-43.2426	63.8123
0.394227	-294.992	-43.3156	63.8653
0.329772	-295.57	-43.3824	63.9157
0.237361	-296.214	-43.4559	63.972
0.1512	-296.791	-43.5253	64.0237
0.0325804	-297.378	-43.5993	64.076
-0.0204895	-297.951	-43.674	64.1264
-0.144414	-298.527	-43.7528	64.1797
-0.245796	-299.134	-43.8438	64.2356
-0.399402	-299.704	-43.9385	64.289
-0.502339	-300.26	-44.0391	64.34
-0.590051	-300.874	-44.16	64.3954
-0.676822	-301.444	-44.2738	64.4457
-0.806373	-302.02	-44.3905	64.4971
-0.894408	-302.605	-44.5095	64.5479
-0.971146	-303.248	-44.6423	64.6031
-1.03868	-303.859	-44.7625	64.6548
-1.12809	-304.489	-44.8827	64.7078
-1.17439	-305.113	-44.9972	64.7599
-1.20984	-305.734	-45.1055	64.8109
-1.22656	-306.351	-45.2068	64.8617
-1.23229	-307.027	-45.3104	64.9171
-1.22269	-307.684	-45.4032	64.9711
-1.20086	-308.327	-45.4893	65.0242
-1.15085	-308.974	-45.5704	65.0781
-1.12082	-309.621	-45.6435	65.1323
-1.07432	-310.265	-45.7189	65.1866
-0.969996	-310.886	-45.7915	65.2407
-0.90957	-311.524	-45.8631	65.2962
-0.829463	-312.103	-45.9329	65.3472
-0.696664	-312.668	-46.0046	65.399
-0.58548	-313.216	-46.0785	65.4491
-0.496011	-313.811	-46.1638	65.503
-0.38211	-314.367	-46.25	65.5532
-0.272088	-314.958	-46.3494	65.6063
-0.131155	-315.531	-46.4499	65.6578
-0.0147996	-316.128	-46.5611	65.7117
0.100069	-316.76	-46.6805	65.7669
0.238214	-317.378	-46.802	65.8208
0.331989	-318.031	-46.9376	65.8762
0.454985	-318.651	-47.0612	65.9287
0.53609	-319.306	-47.1908	65.983
0.608852	-319.928	-47.3045	66.0349
0.663925	-320.575	-47.4158	66.0886
0.690361	-321.201	-47.5167	66.1408
0.694933	-321.845	-47.6134	66.1942
0.671179	-322.484	-47.7046	66.2476
0.63114	-323.088	-47.7843	66.2981
0.575673	-323.692	-47.8603	66.3489
0.510949	-324.285	-47.9336	66.399
0.438505	-324.881	-48.0064	66.4498
0.356418	-325.517	-48.0787	66.5049
0.230135	-326.122	-48.1484	66.5598
0.124794	-326.682	-48.2117	66.611
0.0416549	-327.261	-48.2777	66.6637
-0.0519025	-327.815	-48.3491	66.7138
-0.137944	-328.395	-48.43	66.7661
-0.263367	-328.954	-48.5162	66.8175
-0.365047	-329.538	-48.6149	66.8703
-0.461778	-330.105	-48.7191	66.9207
-0.552492	-330.684	-48.8386	66.9723
-0.674215	-331.31	-48.9652	67.0278
-0.763458	-331.883	-49.0853	67.0779
-0.853032	-332.474	-49.2092	67.1288
-0.92185	-333.114	-49.3442	67.1834
-0.979582	-333.727	-49.464	67.2346
-1.03364	-334.393	-49.5845	67.29
-1.0569	-335.025	-49.6916	67.3421
-1.07164	-335.668	-49.7912	67.3953
-1.07412	-336.272	-49.8792	67.4454
-1.05442	-336.928	-49.972	67.5
-1.02369	-337.552	-50.0548	67.5514
-0.982082	-338.159	-50.1307	67.6017
-0.931563	-338.781	-50.2013	67.654
-0.870961	-339.41	-50.2763	67.7072
-0.766053	-340.034	-50.3515	67.7612
-0.702184	-340.675	-50.4264	67.8167
-0.592926	-341.305	-50.5018	67.8727
-0.514032	-341.903	-50.5792	67.9258
-0.403602	-342.544	-50.6676	67.9829
-0.336369	-343.131	-50.7546	68.034
-0.22067	-343.75	-50.8551	68.0885
-0.127634	-344.319	-50.9519	68.1388
-0.0319521	-344.92	-51.0623	68.1927
0.0739368	-345.543	-51.1802	68.2467
0.164256	-346.119	-51.2944	68.2968
0.269983	-346.742	-51.4186	68.3509
0.344289	-347.368	-51.5489	68.404
0.415894	-347.978	-51.6689	68.4559
0.496507	-348.641	-51.793	68.5116
0.535176	-349.251	-51.9065	68.5624
0.558209	-349.878	-52.0117	68.6144
0.563171	-350.514	-52.1119	68.6674
0.546391	-351.117	-52.2	68.7175
0.507629	-351.737	-52.284	68.7695
0.457839	-352.366	-52.3596	68.8227
0.394518	-353.019	-52.4385	68.8783
0.300931	-353.64	-52.5097	68.9319
0.233068	-354.217	-52.5678	68.9828
0.13987	-354.781	-52.6307	69.0337
0.0461971	-355.326	-52.6931	69.0837
-0.053141	-355.921	-52.7673	69.1374
-0.213511	-356.473	-52.8392	69.1904
-0.317135	-357.01	-52.9142	69.2409
-0.421666	-357.582	-53.0043	69.2946
-0.521825	-358.155	-53.1047	69.3472
-0.610607	-358.712	-53.2113	69.3974
-0.76221	-359.283	-53.3271	69.4502
-0.875989	-359.851	-53.4473	69.5017
-0.954528	-360.457	-53.5812	69.5545
-1.02599	-361.061	-53.7086	69.6063
-1.12704	-361.699	-53.8396	69.6614
-1.17803	-362.345	-53.9715	69.716
-1.233	-363	-54.093	69.7716
-1.26119	-363.597	-54.1988	69.8217
-1.27964	-364.212	-54.3009	69.8727
-1.28268	-364.828	-54.3951	69.9235
-1.27236	-365.46	-54.4861	69.9755
-1.24814	-366.081	-54.5693	70.0275
-1.19333	-366.694	-54.6456	70.0789
-1.12847	-367.292	-54.7159	70.1298
-1.0532	-367.868	-54.7808	70.1799
-0.967161	-368.448	-54.8459	70.2307
-0.88169	-369.018	-54.9093	70.2818
-0.811177	-369.607	-54.9722	70.3353
-0.709457	-370.16	-55.0373	70.3863
-0.563273	-370.723	-55.1101	70.4396
-0.490506	-371.332	-55.1963	70.4942
-0.325477	-371.935	-55.2936	70.5506
-0.216185	-372.497	-55.3933	70.6038
-0.0767269	-373.09	-55.5002	70.6584
-0.0103616	-373.667	-55.6099	70.709
0.108001	-374.281	-55.7322	70.7632
0.226368	-374.938	-55.8594	70.8198
0.301801	-375.584	-55.9904	70.8747
0.387475	-376.196	-56.1091	70.9261
0.475619	-376.867	-56.2338	70.9821
0.528428	-377.493	-56.3494	71.0345
0.56349	-378.122	-56.4552	71.087
0.585385	-378.769	-56.5583	71.1403
0.590334	-379.405	-56.6534	71.1934
0.57261	-380.037	-56.7428	71.2461
0.530727	-380.675	-56.8264	71.2995
0.480246	-381.294	-56.9015	71.3519
0.416463	-381.896	-56.9713	71.4028
0.349655	-382.498	-57.0348	71.4548
0.278441	-383.089	-57.102	71.5064
0.142263	-383.725	-57.1785	71.5631
0.0631261	-384.335	-57.2491	71.6179
-0.0700008	-384.929	-57.3226	71.6731
-0.18596	-385.479	-57.3976	71.7246
-0.316103	-385.991	-57.4727	71.7746
-0.480429	-386.577	-57.5693	71.8311
-0.57045	-387.155	-57.6742	71.8832
-0.674048	-387.718	-57.7896	71.9347
-0.77954	-388.268	-57.9022	71.9848
-0.873196	-388.872	-58.0241	72.0376
-0.989336	-389.462	-58.1446	72.0895
-1.06153	-390.052	-58.2649	72.14
-1.1331	-390.646	-58.384	72.1907
-1.18766	-391.251	-58.5014	72.2421
-1.2264	-391.865	-58.6163	72.2932
-1.24738	-392.519	-58.7327	72.3475
-1.26322	-393.177	-58.8383	72.4022
-1.26036	-393.789	-58.9303	72.4529
-1.25172	-394.44	-59.0193	72.5071
-1.22692	-395.05	-59.0976	72.5576
-1.17689	-395.715	-59.1761	72.6134
-1.12364	-396.336	-59.2505	72.6657
-1.05411	-396.928	-59.3213	72.7168
-0.963066	-397.523	-59.3937	72.7684
-0.882315	-398.094	-59.4632	72.819
-0.787894	-398.653	-59.533	72.8693
-0.668523	-399.199	-59.6024	72.9199
-0.572942	-399.75	-59.6781	72.9702
-0.478433	-400.334	-59.764	73.0244
-0.322807	-400.907	-59.8555	73.0793
-0.204234	-401.466	-59.9492	73.1324
-0.10878	-402.081	-60.0582	73.1892
0.0282567	-402.719	-60.1748	73.2465
0.156157	-403.338	-60.2877	73.301
0.258187	-403.969	-60.4083	73.356
0.351524	-404.565	-60.5213	73.4071
0.457437	-405.217	-60.6428	73.4619
0.520781	-405.876	-60.7664	73.5169
0.582227	-406.516	-60.8796	73.5699
0.631193	-407.141	-60.9849	73.6216
0.654671	-407.788	-61.0882	73.675
0.661151	-408.432	-61.1859	73.7282
0.652167	-409.048	-61.276	73.7795
0.607943	-409.685	-61.3638	73.8332
0.570743	-410.317	-61.4435	73.8863
0.511643	-410.916	-61.5194	73.9373
0.417483	-411.528	-61.5973	73.9903
0.362434	-412.167	-61.6773	74.0454
0.267565	-412.745	-61.7512	74.0963
0.129301	-413.342	-61.8303	74.1504
0.026834	-413.902	-61.9046	74.2016
-0.0989513	-414.449	-61.9794	74.2521
-0.181032	-415.041	-62.0648	74.306
-0.292638	-415.599	-62.1535	74.358
-0.457757	-416.137	-62.2451	74.4096
-0.559568	-416.734	-62.3549	74.4652
-0.669227	-417.278	-62.4595	74.5154
-0.803432	-417.892	-62.5787	74.5711
-0.901137	-418.458	-62.692	74.6217
-0.966358	-419.11	-62.8251	74.6784
-1.04623	-419.696	-62.9424	74.7289
-1.13348	-420.314	-63.0625	74.7813
-1.18229	-420.921	-63.1776	74.8321
-1.21631	-421.526	-63.2888	74.8822
-1.23686	-422.145	-63.3974	74.9326
-1.24158	-422.761	-63.5002	74.9832
-1.23674	-423.424	-63.6019	75.0376
-1.20741	-424.074	-63.6942	75.0915
-1.17676	-424.748	-63.7806	75.147
-1.13094	-425.361	-63.8556	75.1976
-1.07942	-425.973	-63.9276	75.2487
-0.987807	-426.603	-64.0003	75.3029
-0.917838	-427.216	-64.0645	75.3554
-0.834692	-427.799	-64.129	75.4066
-0.738828	-428.373	-64.1926	75.4583
-0.639752	-428.928	-64.2548	75.5086
-0.504346	-429.527	-64.3208	75.5653
-0.406084	-430.099	-64.3922	75.6177
-0.298087	-430.627	-64.4656	75.668
-0.161489	-431.195	-64.5543	75.7221
-0.0988399	-431.785	-64.6569	75.7758
0.0435886	-432.39	-64.7672	75.8312
0.133237	-432.957	-64.8756	75.8812
0.194874	-433.592	-65.001	75.9359
0.264652	-434.224	-65.1219	75.9895
0.326365	-434.82	-65.2367	76.0397
0.411932	-435.515	-65.3696	76.0979
0.452726	-436.134	-65.4833	76.1496
0.489393	-436.8	-65.6013	76.2046
0.503661	-437.405	-65.7023	76.2546
0.505386	-438.054	-65.805	76.308
0.483105	-438.703	-65.9037	76.3625
0.459086	-439.327	-65.9909	76.4155
0.412634	-439.94	-66.0746	76.4673
0.330976	-440.559	-66.1568	76.5205
0.268043	-441.227	-66.2431	76.5775
0.195023	-441.825	-66.3212	76.63
0.0830104	-442.439	-66.4022	76.6845
0.00670789	-443.038	-66.4775	76.7387
-0.0969444	-443.582	-66.5455	76.7891
-0.215498	-444.114	-66.6084	76.8397
-0.330382	-444.636	-66.6699	76.8902
-0.488247	-445.167	-66.7399	76.9414
-0.592934	-445.732	-66.8267	76.9959
-0.748522	-446.265	-66.9194	77.0493
-0.90796	-446.803	-67.0192	77.1015
-1.03916	-447.365	-67.1278	77.1542
-1.1359	-447.98	-67.2517	77.2087
-1.26497	-448.578	-67.3696	77.2614
-1.35357	-449.224	-67.4948	77.3164
-1.43915	-449.867	-67.608	77.3705
-1.52424	-450.534	-67.7161	77.426
-1.58179	-451.21	-67.8162	77.4816
-1.62926	-451.858	-67.9044	77.5351
-1.65964	-452.53	-67.9927	77.5904
-1.67597	-453.196	-68.0721	77.6453
-1.67912	-453.801	-68.1439	77.6954
-1.64987	-454.465	-68.2236	77.7511
-1.63804	-455.114	-68.298	77.8061
-1.60023	-455.732	-68.3748	77.8596
-1.53183	-456.343	-68.4517	77.9133
-1.49292	-456.954	-68.5259	77.9674
