x	y	z	t
0.525784	450.092	73.7072	0.057952
0.521579	449.323	73.574	0.111329
0.515191	448.514	73.4091	0.167001
0.50838	447.78	73.2428	0.217468
0.500131	447.016	73.0615	0.269758
0.487475	446.197	72.8592	0.325918
0.471783	445.388	72.6786	0.382252
0.44887	444.605	72.5024	0.437054
0.424864	443.786	72.3404	0.495029
0.392653	443.017	72.195	0.549604
0.351914	442.302	72.0782	0.600052
0.299466	441.514	71.9636	0.656118
0.252031	440.802	71.8656	0.707062
0.204099	440.036	71.7594	0.762733
0.127403	439.335	71.6599	0.813573
0.0800492	438.562	71.5471	0.869992
-0.0230983	437.812	71.4312	0.925996
-0.0953132	437.061	71.304	0.981838
-0.206784	436.291	71.1623	1.03932
-0.315608	435.545	71.0226	1.09442
-0.382557	434.769	70.8769	1.15093
-0.450798	433.979	70.7338	1.20854
-0.488021	433.253	70.6101	1.26096
-0.505611	432.509	70.4918	1.31526
-0.49738	431.728	70.3776	1.37073
-0.470682	430.937	70.2728	1.42677
-0.44303	430.17	70.1756	1.48122
-0.382191	429.43	70.0866	1.53456
-0.346989	428.694	70.0032	1.58797
-0.282927	427.975	69.9154	1.64139
-0.177998	427.231	69.8246	1.69787
-0.0816024	426.511	69.7256	1.75185
0.038348	425.795	69.6166	1.80645
0.140359	425.106	69.4966	1.85901
0.244494	424.429	69.3673	1.91091
0.390532	423.671	69.2107	1.96906
0.488106	422.95	69.0654	2.02286
0.603891	422.258	68.9265	2.07433
0.662868	421.506	68.7759	2.13013
0.716455	420.789	68.6423	2.18214
0.747482	420.087	68.5213	2.23282
0.756248	419.373	68.4092	2.28372
0.74591	418.628	68.3029	2.33652
0.722765	417.867	68.2114	2.39054
0.687783	417.16	68.1318	2.44087
0.633951	416.444	68.0536	2.49206
0.546582	415.726	67.9705	2.54387
0.488726	414.941	67.8729	2.60138
0.387499	414.204	67.7716	2.65714
0.298808	413.458	67.6592	2.71327
0.15874	412.806	67.5585	2.76411
0.0807906	412.096	67.4397	2.8193
-0.0250965	411.449	67.3242	2.87036
-0.133631	410.801	67.1992	2.92151
-0.281835	410.122	67.0622	2.9742
-0.364916	409.377	66.9045	3.03073
-0.449859	408.708	66.766	3.08116
-0.517747	408.029	66.632	3.13174
-0.580951	407.27	66.4902	3.18746
-0.603895	406.532	66.3651	3.24109
-0.607163	405.754	66.2424	3.29727
-0.59274	405.052	66.137	3.34769
-0.568413	404.303	66.0276	3.40153
-0.530044	403.593	65.9295	3.45274
-0.472131	402.881	65.8365	3.50407
-0.395535	402.097	65.74	3.56082
-0.302366	401.335	65.6475	3.61734
-0.216222	400.64	65.5557	3.66887
-0.0802612	399.912	65.4561	3.72432
-0.0124352	399.162	65.3512	3.78098
0.117184	398.437	65.2434	3.83664
0.191886	397.739	65.1331	3.89082
0.319026	397.041	65.0156	3.9453
0.400688	396.356	64.8926	3.99782
0.495627	395.659	64.768	4.04988
0.617804	394.906	64.6296	4.10555
0.675365	394.19	64.4915	4.15811
0.74614	393.459	64.3614	4.21114
0.807892	392.669	64.2295	4.26732
0.836058	391.948	64.1206	4.31852
0.846522	391.168	64.012	4.37383
0.832569	390.446	63.9192	4.42491
0.801331	389.706	63.8335	4.47736
0.757441	388.997	63.7497	4.52797
0.697297	388.279	63.6641	4.57933
0.627043	387.527	63.5717	4.63346
0.54029	386.777	63.4797	4.6884
0.454583	386.095	63.3871	4.73891
0.363809	385.359	63.28	4.79314
0.261262	384.677	63.1779	4.84437
0.149594	384.026	63.0767	4.89445
0.0159266	383.296	62.9544	4.95151
-0.0865103	382.609	62.8324	5.0038
-0.210244	381.876	62.6896	5.06051
-0.342086	381.153	62.5471	5.11558
-0.432109	380.477	62.4086	5.16627
-0.501333	379.707	62.2513	5.22315
-0.580247	378.945	62.1048	5.27924
-0.640954	378.187	61.9724	5.3351
-0.665167	377.479	61.856	5.38639
-0.672545	376.716	61.7431	5.44137
-0.662829	375.975	61.6438	5.49446
-0.642236	375.202	61.5521	5.54972
-0.588479	374.417	61.4599	5.60576
-0.544135	373.653	61.3825	5.66035
-0.471896	372.944	61.3106	5.71121
-0.372444	372.185	61.2311	5.76664
-0.288898	371.489	61.1579	5.81756
-0.218406	370.765	61.0805	5.87184
-0.108561	370.005	60.9884	5.92907
-0.00452927	369.33	60.8962	5.97976
0.091722	368.658	60.7954	6.03011
0.179361	367.97	60.6809	6.08226
0.296448	367.265	60.5518	6.1357
0.371252	366.522	60.4007	6.19146
0.446033	365.823	60.2552	6.24316
0.547927	365.058	60.0903	6.29931
0.624656	364.324	59.9407	6.35218
0.679562	363.605	59.7988	6.40387
0.722854	362.881	59.6651	6.45558
0.756423	362.164	59.5402	6.50703
0.760367	361.439	59.4244	6.55871
0.750375	360.654	59.3086	6.61513
0.726385	359.869	59.203	6.67173
0.68289	359.084	59.1072	6.72863
0.635033	358.389	59.0261	6.77896
0.566789	357.67	58.9436	6.83119
0.495993	356.944	58.8612	6.88448
0.395216	356.193	58.7798	6.93991
0.310134	355.53	58.7037	6.98994
0.213156	354.847	58.6208	7.0415
0.0692531	354.098	58.5222	7.09795
-0.00857274	353.427	58.4264	7.14884
-0.109833	352.76	58.3176	7.19948
-0.20194	352.044	58.1877	7.25418
-0.339273	351.385	58.0571	7.30453
-0.411569	350.646	57.8988	7.35979
-0.545537	349.882	57.7383	7.41664
-0.627402	349.139	57.5729	7.47162
-0.705932	348.451	57.4284	7.52169
-0.785116	347.701	57.2831	7.57606
-0.830457	346.909	57.1375	7.63307
-0.868584	346.166	57.0133	7.68689
-0.884812	345.43	56.9025	7.73973
-0.886765	344.692	56.8001	7.79269
-0.86289	343.923	56.7005	7.84805
-0.841096	343.157	56.613	7.90309
-0.7729	342.404	56.5243	7.95792
-0.718588	341.64	56.4388	8.01437
-0.640255	340.938	56.3551	8.06603
-0.541622	340.228	56.2724	8.11963
-0.402196	339.49	56.1757	8.17562
-0.289001	338.836	56.0867	8.22565
-0.199244	338.141	55.9848	8.279
-0.0643847	337.447	55.8709	8.33253
0.101207	336.749	55.7466	8.38647
0.207026	336.003	55.5976	8.44271
0.349357	335.307	55.4548	8.49539
0.449643	334.556	55.2936	8.5506
0.55602	333.807	55.1422	8.60523
0.660939	333.039	54.9903	8.66073
0.736254	332.279	54.8542	8.71519
0.78876	331.516	54.7247	8.76919
0.800119	330.789	54.6125	8.82077
0.79544	330.088	54.5131	8.87079
0.775632	329.383	54.4175	8.9211
0.743957	328.684	54.3265	8.97141
0.698024	327.966	54.2367	9.02311
0.623852	327.185	54.1439	9.07998
0.544673	326.45	54.0537	9.13372
0.451455	325.701	53.965	9.18859
0.364116	325.021	53.8798	9.23926
0.251082	324.34	53.7918	9.29092
0.146156	323.614	53.6926	9.34583
0.00546728	322.936	53.5924	9.39795
-0.0807635	322.245	53.4763	9.45046
-0.180223	321.546	53.3457	9.50435
-0.321771	320.803	53.1891	9.56156
-0.453541	320.054	53.0312	9.61788
-0.534946	319.293	52.8611	9.67413
-0.628354	318.542	52.6947	9.72943
-0.693999	317.823	52.5479	9.78109
-0.736769	317.066	52.4049	9.83557
-0.745162	316.289	52.2716	9.89094
-0.738695	315.5	52.153	9.94693
-0.71995	314.758	52.0582	9.99985
-0.686787	314.024	51.9733	10.0524
-0.609419	313.255	51.89	10.1083
-0.557351	312.478	51.8144	10.1645
-0.465393	311.762	51.7404	10.2176
-0.406188	311.016	51.6675	10.273
-0.298103	310.265	51.5886	10.3301
-0.202374	309.544	51.5002	10.3852
-0.0541516	308.856	51.4044	10.4388
0.0334314	308.186	51.2962	10.4898
0.142058	307.462	51.1647	10.5454
0.275923	306.75	51.0186	10.5999
0.388775	306.076	50.8782	10.6511
0.512648	305.324	50.7239	10.707
0.590645	304.571	50.5635	10.7618
0.668221	303.832	50.4153	10.8152
0.74387	303.075	50.2673	10.8696
0.787281	302.288	50.1289	10.9256
0.812265	301.514	50.0042	10.9806
0.813849	300.781	49.8963	11.0326
0.801155	300.048	49.794	11.0846
0.771587	299.27	49.6935	11.1406
0.709111	298.514	49.5933	11.1957
0.647855	297.802	49.5007	11.2476
0.603464	297.079	49.4104	11.3002
0.535919	296.308	49.3102	11.3567
0.41124	295.606	49.2192	11.4093
0.328014	294.863	49.1227	11.4644
0.237483	294.167	49.025	11.5169
0.07717	293.531	48.9268	11.567
-0.00906882	292.815	48.8023	11.6214
-0.113999	292.129	48.6711	11.6737
-0.251703	291.384	48.5129	11.7309
-0.353535	290.654	48.3578	11.786
-0.486544	289.971	48.2087	11.8368
-0.551748	289.219	48.0478	11.892
-0.636317	288.419	47.8934	11.9498
-0.678068	287.635	47.7593	12.006
-0.702139	286.856	47.6404	12.0617
-0.695018	286.069	47.5314	12.1175
-0.665828	285.361	47.4444	12.1679
-0.635043	284.605	47.365	12.2221
-0.553337	283.861	47.2853	12.2758
-0.478669	283.13	47.2076	12.3292
-0.417592	282.358	47.1271	12.3858
-0.326951	281.621	47.0474	12.4408
-0.215445	280.899	46.9598	12.4957
-0.0991789	280.185	46.8699	12.5504
0.00318558	279.505	46.7721	12.6017
0.104696	278.838	46.6654	12.6522
0.241293	278.125	46.5388	12.7077
0.332343	277.46	46.4101	12.7581
0.408111	276.732	46.2608	12.8127
0.524923	276.014	46.1167	12.8668
0.601279	275.301	45.9749	12.9196
0.655527	274.549	45.8265	12.9748
0.714992	273.822	45.6934	13.028
0.743452	273.068	45.5623	13.0827
0.759576	272.297	45.4406	13.1382
0.754041	271.521	45.3279	13.1939
0.721069	270.775	45.2241	13.2479
0.681665	270.025	45.1274	13.3026
0.622371	269.295	45.0351	13.3558
0.531939	268.533	44.9456	13.4116
0.414281	267.781	44.8526	13.4676
0.323223	267.102	44.7692	13.5179
0.254189	266.368	44.6763	13.572
0.119821	265.639	44.5741	13.6277
0.0172548	264.953	44.4702	13.6797
-0.0654354	264.215	44.3447	13.7351
-0.20733	263.54	44.2208	13.7871
-0.314042	262.842	44.0865	13.8397
-0.388036	262.132	43.9414	13.8928
-0.482719	261.457	43.8072	13.9433
-0.593925	260.69	43.6601	14.0003
-0.654606	259.936	43.5139	14.0556
-0.728918	259.16	43.3698	14.1122
-0.787145	258.375	43.2314	14.1687
-0.808024	257.577	43.0939	14.2254
-0.821712	256.865	42.9824	14.2759
-0.817971	256.141	42.8784	14.327
-0.804148	255.364	42.7796	14.382
-0.757144	254.561	42.6807	14.4392
-0.72391	253.784	42.5952	14.4947
-0.633757	253.046	42.5104	14.5485
-0.570164	252.315	42.4319	14.6021
-0.487277	251.573	42.3432	14.6571
-0.370588	250.84	42.2578	14.7123
-0.223003	250.098	42.1617	14.769
-0.147221	249.369	42.0606	14.8242
-0.0348449	248.688	41.9527	14.8758
0.0780919	248.027	41.8351	14.9263
0.216787	247.304	41.6909	14.9821
0.319802	246.629	41.5497	15.0328
0.444903	245.903	41.3963	15.0874
0.523166	245.174	41.2373	15.141
0.605281	244.444	41.0936	15.1942
0.67954	243.685	40.9542	15.2489
0.719106	242.942	40.8258	15.3026
0.73717	242.176	40.706	15.3577
0.737876	241.41	40.5943	15.4129
0.708898	240.641	40.4846	15.4688
0.680392	239.901	40.3888	15.5226
0.610898	239.148	40.2926	15.5775
0.564281	238.396	40.2041	15.6323
0.506349	237.683	40.117	15.6845
0.434724	236.993	40.0319	15.736
0.31883	236.263	39.9419	15.7915
0.228536	235.55	39.8477	15.8448
0.130896	234.804	39.7458	15.9014
0.0443247	234.123	39.6426	15.953
-0.0526657	233.396	39.5219	16.0077
-0.181513	232.733	39.3999	16.0582
-0.279189	232.039	39.2627	16.1105
-0.367151	231.297	39.1029	16.1652
-0.456362	230.603	38.9548	16.2163
-0.540065	229.842	38.7919	16.2717
-0.621991	229.071	38.6423	16.3274
-0.66289	228.36	38.5111	16.378
-0.685237	227.562	38.3779	16.4344
-0.693297	226.843	38.2726	16.4851
-0.682345	226.113	38.1761	16.5366
-0.63854	225.381	38.0886	16.5885
-0.598878	224.601	38.0072	16.6441
-0.531265	223.904	37.9352	16.6944
-0.438402	223.128	37.8565	16.7514
-0.360364	222.373	37.7705	16.8071
-0.221658	221.669	37.6882	16.861
-0.138997	220.953	37.6024	16.9156
0.0089718	220.252	37.506	16.9697
0.100723	219.501	37.3918	17.0265
0.227589	218.788	37.2663	17.0814
0.336126	218.122	37.1411	17.1315
0.419652	217.392	36.9979	17.1857
0.544221	216.669	36.8518	17.2397
0.623049	215.97	36.7098	17.2907
0.685127	215.249	36.5621	17.3436
0.738863	214.544	36.4292	17.3948
0.778824	213.816	36.2987	17.4474
0.807707	213.055	36.1703	17.5022
0.81148	212.304	36.0528	17.5565
0.79816	211.546	35.9413	17.6111
0.774354	210.799	35.8423	17.6653
0.725632	210.048	35.7467	17.7198
0.686827	209.312	35.6635	17.7734
0.604212	208.56	35.5748	17.8285
0.544069	207.83	35.4941	17.8823
0.472899	207.137	35.4105	17.9339
0.402971	206.451	35.3247	17.9855
0.311056	205.761	35.2334	18.038
0.16135	205.084	35.1399	18.0917
0.100168	204.433	35.0445	18.1419
-0.00845812	203.67	34.921	18.1998
-0.124584	202.939	34.789	18.2551
-0.266238	202.23	34.6525	18.3087
-0.358112	201.542	34.5101	18.36
-0.452739	200.8	34.3448	18.4149
-0.545384	200.066	34.1872	18.4689
-0.629122	199.31	34.0237	18.524
-0.69422	198.557	33.8788	18.5783
-0.736358	197.846	33.7524	18.6291
-0.757074	197.144	33.6411	18.6791
-0.756756	196.373	33.5336	18.7346
-0.737698	195.659	33.4446	18.7855
-0.705776	194.904	33.3569	18.8395
-0.63258	194.207	33.2823	18.8901
-0.586607	193.42	33.2007	18.9475
-0.51918	192.742	33.1283	18.9976
-0.391667	192.035	33.0494	19.0517
-0.314383	191.309	32.9694	19.1068
-0.169127	190.632	32.8842	19.1598
-0.0531902	189.967	32.7877	19.2114
0.0574717	189.269	32.6725	19.2656
0.201326	188.552	32.5423	19.3211
0.293259	187.844	32.3998	19.3747
0.403458	187.167	32.2629	19.4249
0.521298	186.442	32.117	19.4788
0.605587	185.663	31.9595	19.5353
0.697234	184.905	31.8164	19.5901
0.741523	184.164	31.68	19.6434
0.772796	183.446	31.5597	19.6949
0.788833	182.681	31.4408	19.7496
0.782059	181.927	31.331	19.8037
0.760518	181.203	31.2305	19.856
0.710714	180.427	31.1276	19.912
0.664994	179.651	31.0345	19.9682
0.597856	178.901	30.9461	20.0226
0.533038	178.159	30.8535	20.0766
0.45287	177.395	30.7595	20.1326
0.379256	176.699	30.6693	20.1846
0.312431	176.019	30.5789	20.236
0.220333	175.363	30.4871	20.2871
0.0795789	174.693	30.3847	20.3393
0.0136193	173.983	30.2652	20.393
-0.0900686	173.232	30.1282	20.4499
-0.20805	172.544	29.9847	20.5027
-0.324887	171.789	29.828	20.5586
-0.45513	171.113	29.6799	20.6091
-0.543208	170.416	29.5277	20.66
-0.603737	169.663	29.3643	20.7141
-0.666607	168.955	29.2239	20.7651
-0.699872	168.222	29.0891	20.8182
-0.71778	167.465	28.9611	20.8728
-0.711363	166.677	28.8423	20.9291
-0.673805	165.894	28.7379	20.9853
-0.625529	165.175	28.6512	21.0373
-0.571257	164.466	28.5724	21.0881
-0.472505	163.739	28.4925	21.1408
-0.406622	162.983	28.413	21.1967
-0.324416	162.264	28.3276	21.2497
-0.211865	161.52	28.2373	21.3059
-0.0697297	160.806	28.1418	21.3607
0.0261721	160.111	28.0432	21.4148
0.164984	159.38	27.9281	21.4712
0.238659	158.667	27.8028	21.5255
0.367267	157.997	27.6779	21.5779
0.495502	157.27	27.5337	21.6329
0.618659	156.515	27.387	21.689
0.692576	155.776	27.2387	21.7433
0.77599	155.031	27.099	21.7977
0.850368	154.271	26.9606	21.8533
0.890989	153.558	26.8408	21.9047
0.916374	152.842	26.73	21.9562
0.929066	152.123	26.6251	22.008
0.922513	151.39	26.526	22.0608
0.899979	150.648	26.4337	22.1148
0.869539	149.907	26.3422	22.1683
0.807608	149.183	26.2556	22.2211
0.756542	148.439	26.17	22.2755
0.681891	147.745	26.0855	22.3269
0.577631	146.995	25.9896	22.3823
0.508342	146.306	25.9026	22.4344
0.432236	145.615	25.8079	22.4863
0.339791	144.952	25.7148	22.537
0.250525	144.298	25.6184	22.5873
0.0986994	143.602	25.5076	22.6411
0.0105111	142.926	25.3865	22.6933
-0.11718	142.2	25.2479	22.7491
-0.292113	141.536	25.1089	22.8013
-0.390882	140.782	24.9382	22.8575
-0.537314	140.03	24.765	22.9141
-0.640719	139.33	24.6131	22.965
-0.731592	138.624	24.469	23.0164
-0.801197	137.855	24.3271	23.0723
-0.819512	137.132	24.2053	23.1246
-0.821308	136.367	24.0903	23.1794
-0.797357	135.59	23.9834	23.235
-0.760494	134.83	23.8852	23.2898
-0.688959	134.122	23.8001	23.3408
-0.623461	133.433	23.7189	23.3908
-0.57055	132.653	23.6279	23.448
-0.457395	131.92	23.5417	23.5037
-0.375035	131.217	23.4524	23.5564
-0.244777	130.511	23.3561	23.6112
-0.138569	129.839	23.2544	23.6652
-0.0337429	129.185	23.1442	23.7171
0.126676	128.511	23.0201	23.7713
0.208607	127.841	22.8838	23.824
0.342922	127.181	22.7495	23.8758
0.474902	126.458	22.6008	23.9303
0.556033	125.732	22.446	23.9843
0.637258	125	22.3059	24.0377
0.71343	124.277	22.1777	24.09
0.755101	123.527	22.0586	24.1435
0.783732	122.824	21.9612	24.1938
0.790573	122.118	21.8704	24.2441
0.780909	121.415	21.7861	24.2947
0.749501	120.682	21.6993	24.3472
0.71293	119.96	21.6137	24.3996
0.664014	119.251	21.5284	24.4517
0.591041	118.538	21.445	24.5047
0.46533	117.812	21.3518	24.5599
0.372596	117.156	21.2663	24.6112
0.286582	116.47	21.1702	24.6647
0.17766	115.826	21.0663	24.7147
0.0473052	115.187	20.9506	24.766
-0.0715901	114.535	20.8208	24.8177
-0.195057	113.898	20.6818	24.868
-0.309338	113.239	20.5341	24.9188
-0.461502	112.558	20.3846	24.971
-0.548683	111.832	20.2309	25.0256
-0.627554	111.128	20.0994	25.0775
-0.676129	110.375	19.9701	25.1321
-0.700293	109.58	19.8463	25.189
-0.70053	108.813	19.7415	25.244
-0.676158	107.988	19.6315	25.3023
-0.639287	107.26	19.5463	25.3543
-0.588521	106.521	19.4563	25.4075
-0.498205	105.816	19.3697	25.4601
-0.381557	105.093	19.2801	25.515
-0.300509	104.406	19.1868	25.5673
-0.149435	103.688	19.0829	25.6234
-0.0586461	102.992	18.9755	25.6779
0.0478464	102.343	18.8674	25.7284
0.189711	101.644	18.7429	25.7834
0.298471	100.943	18.6101	25.8386
0.407149	100.278	18.4844	25.8894
0.536906	99.5854	18.3531	25.942
0.608161	98.895	18.227	25.9929
0.664701	98.2062	18.107	26.0434
0.718984	97.455	17.9873	26.0972
0.753754	96.7417	17.8844	26.1482
0.772521	96.0071	17.7862	26.2009
0.767232	95.2915	17.6967	26.2523
0.76069	94.5463	17.6095	26.3056
0.731261	93.8345	17.5225	26.3569
0.664554	93.0975	17.4302	26.4104
0.611453	92.4077	17.3439	26.461
0.547717	91.7408	17.2604	26.5111
0.482094	91.001	17.168	26.5672
0.404732	90.3557	17.0833	26.6172
0.320821	89.6786	16.9881	26.6697
0.200938	88.9939	16.8841	26.7248
0.106253	88.3307	16.7757	26.7773
-0.0176542	87.6858	16.6608	26.8292
-0.184434	87.0311	16.5371	26.882
-0.29138	86.372	16.405	26.9337
-0.401177	85.7035	16.259	26.9855
-0.486317	85.011	16.1154	27.0376
-0.588946	84.2744	15.9689	27.0938
-0.646813	83.5512	15.8284	27.1481
-0.701293	82.8006	15.6988	27.2035
-0.725022	82.0449	15.58	27.2585
-0.732106	81.3495	15.4816	27.3085
-0.716124	80.5634	15.3825	27.3649
-0.657173	79.7676	15.2863	27.4221
-0.607682	79.0656	15.2086	27.4727
-0.556394	78.3108	15.1287	27.5275
-0.471415	77.6191	15.0506	27.5791
-0.345309	76.9142	14.9692	27.6323
-0.233207	76.2334	14.8891	27.6846
-0.149965	75.5717	14.8089	27.7358
-0.0466607	74.8768	14.7089	27.7895
0.0728801	74.2076	14.6022	27.8411
0.23784	73.573	14.4892	27.8926
0.323604	72.8757	14.3515	27.947
0.467228	72.1535	14.2087	28.0026
0.551055	71.4187	14.0538	28.0572
0.660446	70.7217	13.912	28.1101
0.764539	69.9568	13.7579	28.1666
0.844571	69.2119	13.6171	28.2213
0.889712	68.484	13.4865	28.2742
0.916814	67.7885	13.37	28.3242
0.929113	67.0753	13.2598	28.3756
0.929552	66.3407	13.1523	28.4279
0.914072	65.6238	13.053	28.4794
0.87132	64.8899	12.9552	28.5318
0.832995	64.1403	12.8612	28.5853
0.787117	63.4394	12.7712	28.6358
0.742067	62.7358	12.6798	28.6871
0.65289	62.0435	12.5902	28.7396
0.536631	61.322	12.4983	28.7952
0.43823	60.5975	12.4	28.851
0.314279	59.9103	12.3043	28.9061
0.197788	59.27	12.203	28.9569
0.064739	58.6398	12.0948	29.0074
-0.0789097	57.9868	11.9759	29.06
-0.235673	57.3336	11.8512	29.1119
-0.345008	56.6637	11.7184	29.1642
-0.447355	55.998	11.5755	29.2156
-0.543669	55.3354	11.438	29.2656
-0.638041	54.6347	11.2959	29.3183
-0.733252	53.8903	11.1514	29.3734
-0.799954	53.1496	11.0114	29.4276
-0.852563	52.4199	10.8876	29.4814
-0.893857	51.6568	10.7712	29.5363
-0.914666	50.9462	10.6748	29.5869
-0.917979	50.2023	10.5792	29.6403
-0.901827	49.5068	10.4961	29.6904
-0.848718	48.8129	10.4149	29.7409
-0.819973	48.0734	10.3308	29.7958
-0.728509	47.3477	10.2408	29.851
-0.630968	46.6208	10.153	29.907
-0.554011	45.9208	10.0621	29.9609
-0.406434	45.2473	9.97377	30.016
-0.287685	44.6078	9.88229	30.0669
-0.151813	43.9334	9.77722	30.1203
0.0354768	43.2454	9.65938	30.1759
0.164591	42.5525	9.53255	30.2299
0.36124	41.8797	9.40631	30.2835
0.465345	41.1384	9.26175	30.3393
0.600791	40.4033	9.12469	30.3939
0.696731	39.6676	8.98829	30.4483
0.775549	38.9286	8.86027	30.5021
0.850081	38.2129	8.74064	30.5536
0.890722	37.5075	8.62887	30.6041
0.912816	36.7164	8.51154	30.6605
0.916493	35.9276	8.40006	30.7167
0.901721	35.2235	8.3047	30.7671
0.870922	34.5251	8.21318	30.8173
0.829319	33.7989	8.1186	30.8695
0.772847	33.079	8.02498	30.9214
0.69304	32.3392	7.93252	30.976
0.600594	31.6532	7.84379	31.0275
0.512924	30.9883	7.75685	31.078
0.366211	30.2834	7.66062	31.1334
0.291531	29.5755	7.56079	31.1882
0.179904	28.9026	7.45538	31.2416
0.0687461	28.2664	7.34787	31.2918
-0.0824896	27.6139	7.22881	31.3437
-0.147634	26.8732	7.08322	31.4007
-0.268981	26.1899	6.94536	31.4546
-0.341638	25.4955	6.79636	31.5073
-0.460466	24.7682	6.64969	31.5622
-0.52606	24.0954	6.51478	31.6122
-0.572346	23.4127	6.38305	31.6623
-0.605747	22.6669	6.2448	31.7165
-0.629315	21.937	6.123	31.769
-0.634937	21.1758	6.00718	31.8233
-0.624337	20.4038	5.90432	31.8784
-0.594087	19.6786	5.8158	31.9311
-0.549238	18.9758	5.73731	31.9819
-0.486809	18.2017	5.65767	32.038
-0.389232	17.456	5.57594	32.0933
-0.325836	16.7069	5.49854	32.1488
-0.242052	16.0148	5.41866	32.2004
-0.115097	15.3222	5.33255	32.2538
-0.0298975	14.6255	5.23973	32.3078
0.10331	13.9295	5.13368	32.3621
0.186148	13.2251	5.01476	32.4165
0.290899	12.5455	4.88686	32.4687
0.421377	11.8165	4.7403	32.5252
0.489382	11.0643	4.57398	32.5807
0.595603	10.3048	4.40434	32.6369
0.674016	9.58087	4.25342	32.6902
0.756105	8.83705	4.10441	32.7444
0.797677	8.0866	3.95303	32.7987
0.823975	7.38266	3.82127	32.8493
0.845465	6.62903	3.69125	32.9041
0.843593	5.90432	3.57515	32.9561
0.830553	5.20561	3.47642	33.0065
0.795012	4.51208	3.38767	33.0568
0.755001	3.81769	3.30683	33.1074
0.690033	3.09703	3.22604	33.1603
0.582792	2.37683	3.14723	33.2146
0.511225	1.64787	3.07193	33.2702
0.413933	0.993451	2.99873	33.3211
0.260823	0.339048	2.92078	33.3735
0.161908	-0.296119	2.83681	33.4242
0.09424	-0.989666	2.73456	33.4792
-0.0833979	-1.6891	2.61831	33.5362
-0.196703	-2.31734	2.50018	33.5865
-0.280563	-3.02833	2.36606	33.6409
-0.419517	-3.72976	2.23072	33.6957
-0.494173	-4.47056	2.08572	33.7514
-0.591896	-5.18073	1.95402	33.8038
-0.651064	-5.92132	1.81903	33.8583
-0.712197	-6.69835	1.68763	33.9147
-0.743337	-7.46919	1.56306	33.97
-0.758826	-8.18329	1.45457	34.0216
-0.750338	-8.91388	1.35004	34.0742
-0.730841	-9.67624	1.25051	34.1289
-0.67147	-10.4195	1.15622	34.1837
-0.609294	-11.1316	1.06955	34.2362
-0.546763	-11.8723	0.985186	34.2907
-0.451988	-12.5475	0.905695	34.3409
-0.340759	-13.306	0.816578	34.3977
-0.243532	-14.0129	0.727775	34.4513
-0.146785	-14.6761	0.640787	34.502
-0.00510353	-15.3828	0.540387	34.5567
0.0680958	-16.0934	0.428915	34.611
0.212715	-16.7516	0.317504	34.6629
0.311962	-17.4367	0.193775	34.7155
0.392628	-18.1453	0.0551105	34.7691
0.519356	-18.8434	-0.080918	34.8226
0.605773	-19.5743	-0.229632	34.8773
0.676339	-20.3159	-0.373854	34.9317
0.762593	-21.0265	-0.512092	34.9841
0.828929	-21.7529	-0.651274	35.0368
0.867347	-22.5034	-0.792596	35.0905
0.902556	-23.2084	-0.915612	35.1415
0.923432	-23.9529	-1.034	35.1954
0.920176	-24.7265	-1.14243	35.2509
0.901805	-25.4188	-1.23042	35.3009
0.872099	-26.1122	-1.31274	35.3512
0.816748	-26.8799	-1.39613	35.4071
0.749173	-27.5775	-1.47311	35.4584
0.670316	-28.2951	-1.55341	35.5111
0.593378	-28.9916	-1.63251	35.5627
0.522837	-29.6906	-1.71546	35.6149
0.392397	-30.3781	-1.80153	35.6672
0.30045	-31.0649	-1.8908	35.7207
0.157531	-31.7706	-1.99729	35.7764
0.0776179	-32.4337	-2.11037	35.8288
-0.0381836	-33.1039	-2.23461	35.8806
-0.193328	-33.7761	-2.36772	35.9338
-0.266169	-34.4879	-2.51889	35.9875
-0.363414	-35.1905	-2.66452	36.0406
-0.456476	-35.8676	-2.80621	36.0912
-0.564463	-36.5907	-2.95275	36.1453
-0.615939	-37.3363	-3.10273	36.2
-0.663448	-38.0279	-3.23023	36.2507
-0.6966	-38.7456	-3.35265	36.303
-0.706994	-39.459	-3.46454	36.3546
-0.692896	-40.1843	-3.56965	36.4072
-0.666602	-40.9268	-3.66538	36.4609
-0.593158	-41.6674	-3.75489	36.5149
-0.53253	-42.4169	-3.83404	36.5699
-0.424219	-43.1306	-3.91295	36.6236
-0.339201	-43.8153	-3.98843	36.6749
-0.244186	-44.5048	-4.06227	36.7283
-0.136585	-45.2261	-4.15217	36.7838
-0.0104896	-45.8733	-4.23693	36.8345
0.127531	-46.562	-4.33634	36.8894
0.25035	-47.1994	-4.43945	36.9406
0.350741	-47.8533	-4.55619	36.9919
0.488583	-48.5258	-4.68491	37.045
0.565017	-49.2115	-4.82656	37.0977
0.645627	-49.9005	-4.96432	37.15
0.746534	-50.629	-5.1076	37.205
0.788099	-51.379	-5.25605	37.26
0.845775	-52.09	-5.38839	37.3121
0.882022	-52.8131	-5.51647	37.3645
0.909216	-53.5596	-5.64259	37.4182
0.917029	-54.2552	-5.7542	37.4686
0.9127	-54.984	-5.86856	37.5212
0.880482	-55.7611	-5.98453	37.5774
0.852489	-56.4611	-6.07816	37.6278
0.79319	-57.1481	-6.16581	37.678
0.714929	-57.8739	-6.25561	37.7313
0.627934	-58.5599	-6.33661	37.783
0.481692	-59.2568	-6.41831	37.8359
0.393769	-59.941	-6.49985	37.8875
0.301343	-60.621	-6.58006	37.9397
0.165636	-61.2673	-6.66617	37.991
0.0397453	-61.9086	-6.76192	38.0414
-0.115153	-62.5719	-6.87162	38.0936
-0.237735	-63.2596	-6.99672	38.1477
-0.326137	-63.9364	-7.13623	38.1997
-0.44514	-64.6264	-7.27749	38.253
-0.578596	-65.3262	-7.4215	38.3067
-0.636653	-66.0494	-7.57411	38.3608
-0.698048	-66.7361	-7.71081	38.4112
-0.772485	-67.4694	-7.84944	38.4649
-0.797709	-68.2148	-7.98395	38.5192
-0.80987	-68.9612	-8.10192	38.573
-0.798171	-69.6879	-8.20512	38.6256
-0.768478	-70.3982	-8.2963	38.6775
-0.732313	-71.1362	-8.37635	38.7308
-0.647203	-71.8844	-8.45826	38.7858
-0.567993	-72.5757	-8.52977	38.8376
-0.477512	-73.2465	-8.59902	38.8878
-0.375842	-73.9635	-8.67237	38.9428
-0.284752	-74.6345	-8.75031	38.9935
-0.116777	-75.302	-8.83476	39.047
0.0023158	-75.9511	-8.92531	39.0977
0.110211	-76.6557	-9.03749	39.1527
0.268479	-77.3233	-9.15635	39.2057
0.379689	-77.9708	-9.28056	39.2567
0.488927	-78.6307	-9.41145	39.3081
0.569161	-79.3454	-9.55744	39.3619
0.698497	-80.0373	-9.69328	39.4145
0.762527	-80.7416	-9.82714	39.4668
0.814531	-81.4688	-9.96544	39.5206
0.852211	-82.1966	-10.0942	39.5729
0.887238	-82.9209	-10.215	39.6247
0.896664	-83.6397	-10.3262	39.676
0.894461	-84.3846	-10.4321	39.7295
0.876089	-85.1495	-10.5362	39.7848
0.841454	-85.8907	-10.6268	39.8391
0.777566	-86.6643	-10.723	39.8958
0.715685	-87.3387	-10.8033	39.9461
0.66578	-88.0863	-10.8915	40.0022
0.566532	-88.8026	-10.9828	40.0556
0.518965	-89.5512	-11.0786	40.1112
0.441164	-90.2504	-11.1725	40.1638
0.352517	-90.9692	-11.2721	40.2189
0.238186	-91.625	-11.3724	40.2689
0.156469	-92.335	-11.4909	40.3224
0.0501974	-92.9876	-11.61	40.3726
-0.0708039	-93.6414	-11.7373	40.4231
-0.181581	-94.3689	-11.8817	40.4783
-0.267558	-95.1054	-12.0389	40.5335
-0.358828	-95.8096	-12.1851	40.586
-0.415041	-96.5515	-12.3401	40.6406
-0.489937	-97.3204	-12.4846	40.6975
-0.50281	-98.0569	-12.6157	40.7509
-0.506736	-98.8106	-12.7351	40.8051
-0.486441	-99.5201	-12.8389	40.8559
-0.444535	-100.241	-12.9341	40.9088
-0.393829	-100.963	-13.0255	40.9611
-0.325122	-101.667	-13.1118	41.0123
-0.248493	-102.384	-13.1998	41.0641
-0.142401	-103.092	-13.2876	41.1166
-0.0849699	-103.817	-13.3744	41.1707
0.00539172	-104.509	-13.4618	41.2233
0.140597	-105.171	-13.5474	41.2745
0.227802	-105.868	-13.6457	41.3276
0.307132	-106.592	-13.7566	41.3831
0.397972	-107.252	-13.8703	41.4334
0.506493	-107.936	-13.996	41.4858
0.598246	-108.618	-14.1266	41.5379
0.68429	-109.294	-14.259	41.5887
0.749412	-109.993	-14.4006	41.6405
0.81023	-110.721	-14.5371	41.6939
0.881296	-111.431	-14.667	41.7457
0.908943	-112.179	-14.8016	41.7996
0.930256	-112.935	-14.9289	41.8544
0.938698	-113.695	-15.0501	41.9091
0.931188	-114.392	-15.1523	41.9594
0.905524	-115.13	-15.2527	42.0127
0.84929	-115.884	-15.3483	42.0681
0.788403	-116.602	-15.428	42.1215
0.705749	-117.344	-15.5148	42.1768
0.619766	-118.031	-15.5942	42.2285
0.540585	-118.757	-15.6789	42.2843
0.399224	-119.458	-15.7687	42.3387
0.327297	-120.147	-15.858	42.3916
0.182872	-120.868	-15.9631	42.4475
0.0682497	-121.511	-16.0657	42.4978
-0.0468539	-122.195	-16.1872	42.5512
-0.1722	-122.854	-16.3129	42.6015
-0.271926	-123.541	-16.4498	42.6534
-0.393915	-124.246	-16.5943	42.707
-0.473576	-124.985	-16.7519	42.762
-0.586294	-125.732	-16.8999	42.8175
-0.643045	-126.456	-17.0437	42.8709
-0.704841	-127.208	-17.1799	42.9258
-0.733688	-127.952	-17.3075	42.9795
-0.754639	-128.722	-17.4271	43.035
-0.753865	-129.451	-17.5322	43.0879
-0.73285	-130.213	-17.6328	43.1429
-0.691881	-130.917	-17.7205	43.1943
-0.615858	-131.605	-17.8011	43.2454
-0.535117	-132.309	-17.883	43.2975
-0.458982	-133.041	-17.9685	43.3519
-0.346493	-133.749	-18.0633	43.4052
-0.232453	-134.416	-18.1603	43.4565
-0.127668	-135.123	-18.2743	43.511
-0.00609863	-135.824	-18.3983	43.5645
0.148896	-136.513	-18.5311	43.6187
0.252624	-137.201	-18.6742	43.6719
0.367507	-137.881	-18.8119	43.7233
0.496925	-138.554	-18.9482	43.7752
0.582678	-139.23	-19.0775	43.8262
0.657195	-139.918	-19.2057	43.8776
0.715714	-140.625	-19.3362	43.9298
0.757985	-141.342	-19.47	43.9821
0.798598	-142.032	-19.5935	44.0324
0.827935	-142.772	-19.7176	44.0857
0.829699	-143.523	-19.8336	44.1396
0.815903	-144.248	-19.9294	44.1921
0.782029	-144.977	-20.0166	44.2456
0.713312	-145.677	-20.0904	44.297
0.642861	-146.361	-20.1575	44.3477
0.580994	-147.097	-20.2225	44.4024
0.471444	-147.796	-20.2919	44.4554
0.352143	-148.462	-20.3596	44.5067
0.260593	-149.146	-20.4361	44.5587
0.182464	-149.861	-20.5236	44.6139
0.0869071	-150.535	-20.6203	44.6654
-0.0437251	-151.208	-20.7288	44.7172
-0.116353	-151.937	-20.8609	44.772
-0.204267	-152.606	-20.9924	44.8222
-0.287994	-153.284	-21.1329	44.8722
-0.371302	-153.973	-21.2786	44.9231
-0.458332	-154.707	-21.4316	44.9776
-0.51241	-155.444	-21.5869	45.0312
-0.563804	-156.212	-21.7319	45.0866
-0.581514	-156.97	-21.8661	45.1411
-0.582106	-157.753	-21.9872	45.197
-0.55928	-158.522	-22.091	45.2523
-0.514159	-159.285	-22.1865	45.3072
-0.465026	-160.037	-22.2667	45.3619
-0.40003	-160.729	-22.3395	45.4123
-0.280443	-161.48	-22.4192	45.4682
-0.215547	-162.172	-22.4849	45.5207
-0.125484	-162.842	-22.5586	45.5722
-0.0221591	-163.494	-22.6351	45.6234
0.0790928	-164.145	-22.72	45.6736
0.226271	-164.8	-22.816	45.726
0.328574	-165.503	-22.9337	45.7814
0.444651	-166.161	-23.0547	45.8334
0.546784	-166.814	-23.1835	45.8838
0.685587	-167.494	-23.3201	45.9372
0.774343	-168.197	-23.471	45.9911
0.857185	-168.906	-23.6165	46.0442
0.935011	-169.588	-23.7564	46.0952
0.996778	-170.273	-23.8917	46.1458
1.0556	-170.984	-24.0241	46.1979
1.08007	-171.688	-24.1474	46.2495
1.08331	-172.408	-24.2654	46.3018
1.07062	-173.141	-24.3774	46.355
1.03203	-173.867	-24.4814	46.408
0.984058	-174.589	-24.5725	46.4608
0.925801	-175.292	-24.6581	46.5122
0.838053	-176.02	-24.7488	46.5659
0.720393	-176.708	-24.8368	46.6179
0.624322	-177.361	-24.9212	46.6681
0.55124	-178.073	-25.0141	46.7233
0.39204	-178.794	-25.1134	46.7809
0.262417	-179.426	-25.2073	46.8319
0.175822	-180.082	-25.3151	46.883
0.0495389	-180.707	-25.429	46.9334
-0.0865641	-181.376	-25.5609	46.9862
-0.170462	-182.092	-25.7136	47.0413
-0.277013	-182.758	-25.8537	47.0925
-0.37927	-183.411	-25.991	47.1426
-0.475677	-184.099	-26.1298	47.1943
-0.537083	-184.785	-26.2607	47.2449
-0.59273	-185.55	-26.3949	47.3007
-0.61012	-186.26	-26.5092	47.3525
-0.611067	-187.02	-26.6208	47.4071
-0.592469	-187.766	-26.7174	47.4612
-0.562075	-188.545	-26.8143	47.5176
-0.49997	-189.297	-26.8945	47.5724
-0.438262	-189.989	-26.9683	47.623
-0.341694	-190.709	-27.0456	47.677
-0.291891	-191.384	-27.1172	47.7272
-0.182863	-192.123	-27.1962	47.7836
-0.0676641	-192.833	-27.2833	47.8387
0.0292631	-193.504	-27.3718	47.892
0.132017	-194.158	-27.4724	47.944
0.327344	-194.825	-27.5894	47.9994
0.41002	-195.487	-27.722	48.0521
0.51554	-196.194	-27.8649	48.1067
0.653071	-196.874	-28.0066	48.1593
0.721074	-197.641	-28.1691	48.2161
0.815423	-198.339	-28.3086	48.2681
0.874223	-199.072	-28.4516	48.3217
0.919108	-199.799	-28.5806	48.3745
0.947495	-200.49	-28.6955	48.4247
0.959714	-201.197	-28.8043	48.476
0.947778	-201.909	-28.9072	48.5277
0.922406	-202.613	-29.003	48.5794
0.886654	-203.322	-29.0939	48.6312
0.838277	-204.05	-29.1791	48.6849
0.741805	-204.749	-29.2622	48.7374
0.673555	-205.456	-29.3455	48.7908
0.605628	-206.123	-29.418	48.8419
0.518834	-206.83	-29.5059	48.8961
0.378584	-207.485	-29.5904	48.9482
0.273437	-208.127	-29.6804	48.9995
0.168772	-208.795	-29.7871	49.0542
0.0166059	-209.448	-29.9037	49.1083
-0.0868996	-210.157	-30.0423	49.1647
-0.229187	-210.854	-30.1823	49.2194
-0.322396	-211.579	-30.3382	49.2751
-0.420891	-212.276	-30.4831	49.3275
-0.534492	-213.003	-30.6365	49.3818
-0.625953	-213.757	-30.7819	49.4375
-0.686956	-214.482	-30.9151	49.4899
-0.709982	-215.207	-31.0399	49.5418
-0.722386	-215.95	-31.1527	49.5952
-0.708744	-216.706	-31.2588	49.6494
-0.677139	-217.412	-31.3484	49.7004
-0.635643	-218.17	-31.4342	49.7548
-0.547671	-218.885	-31.5149	49.8072
-0.466037	-219.571	-31.5893	49.8576
-0.398877	-220.309	-31.6705	49.9114
-0.321769	-220.988	-31.7366	49.9623
-0.159352	-221.694	-31.8172	50.0176
-0.0481196	-222.392	-31.9025	50.0711
0.0508726	-223.099	-31.9961	50.1264
0.231639	-223.779	-32.102	50.1815
0.325988	-224.455	-32.2259	50.2352
0.504503	-225.097	-32.352	50.2884
0.60969	-225.79	-32.4993	50.3426
0.720719	-226.448	-32.6369	50.3937
0.873528	-227.161	-32.7822	50.4487
0.944611	-227.889	-32.9328	50.5029
1.02017	-228.609	-33.0717	50.5559
1.08649	-229.326	-33.2027	50.6083
1.1247	-230.068	-33.3295	50.6618
1.14391	-230.797	-33.4441	50.7141
1.14118	-231.508	-33.5469	50.7654
1.11813	-232.212	-33.642	50.8165
1.06266	-232.924	-33.7326	50.8685
1.01516	-233.659	-33.8187	50.922
0.951585	-234.338	-33.9007	50.9724
0.878628	-235.049	-33.9899	51.0256
0.739336	-235.783	-34.086	51.0819
0.642165	-236.439	-34.1713	51.1336
0.532735	-237.08	-34.2612	51.1851
0.398087	-237.767	-34.3629	51.2399
0.303802	-238.415	-34.4679	51.2926
0.201408	-239.042	-34.5794	51.3434
0.0726405	-239.645	-34.6992	51.3937
-0.0348486	-240.327	-34.8419	51.4473
-0.191598	-240.985	-34.9892	51.4998
-0.313483	-241.706	-35.1582	51.5551
-0.409171	-242.4	-35.3087	51.6066
-0.52373	-243.114	-35.4538	51.6592
-0.583931	-243.896	-35.6003	51.7152
-0.630553	-244.602	-35.7185	51.766
-0.65272	-245.328	-35.8286	51.818
-0.651504	-246.037	-35.9259	51.8693
-0.633299	-246.763	-36.013	51.9224
-0.605304	-247.499	-36.1	51.9755
-0.525817	-248.232	-36.1856	52.0291
-0.484108	-249.002	-36.2734	52.0848
-0.41338	-249.706	-36.3581	52.1371
-0.298234	-250.448	-36.4454	52.1932
-0.204617	-251.151	-36.5337	52.246
-0.129139	-251.852	-36.6248	52.2987
-0.00680795	-252.568	-36.7211	52.355
0.115439	-253.258	-36.8252	52.4087
0.190992	-253.944	-36.9376	52.463
0.304486	-254.606	-37.0569	52.5162
0.448833	-255.271	-37.1817	52.5693
0.530504	-255.948	-37.318	52.6224
0.604285	-256.648	-37.4551	52.6755
0.676331	-257.313	-37.586	52.7261
0.74917	-258.054	-37.7246	52.7806
0.776754	-258.808	-37.862	52.8357
0.798627	-259.514	-37.9812	52.8875
0.805744	-260.233	-38.0961	52.9395
0.797422	-260.98	-38.2072	52.9938
0.769584	-261.685	-38.3086	53.0451
0.724377	-262.371	-38.4055	53.0953
0.659782	-263.07	-38.5007	53.1471
0.550579	-263.764	-38.5906	53.1994
0.464335	-264.461	-38.6773	53.2525
0.370516	-265.09	-38.7482	53.3029
0.263553	-265.764	-38.8339	53.3567
0.0765493	-266.435	-38.9255	53.4124
-0.0262776	-267.111	-39.0239	53.4679
-0.164429	-267.744	-39.1271	53.5203
-0.257907	-268.442	-39.2525	53.5759
-0.403909	-269.101	-39.3777	53.6287
-0.491236	-269.813	-39.5219	53.6845
-0.604019	-270.526	-39.6634	53.7392
-0.69074	-271.197	-39.7966	53.79
-0.762649	-271.882	-39.9269	53.8408
-0.832577	-272.601	-40.0584	53.8931
-0.870737	-273.335	-40.1753	53.9451
-0.890424	-274.097	-40.2877	53.9991
-0.889258	-274.822	-40.3854	54.0508
-0.875267	-275.615	-40.4771	54.1072
-0.825694	-276.351	-40.5616	54.1599
-0.776975	-277.055	-40.6394	54.2108
-0.734947	-277.8	-40.7182	54.2651
-0.652515	-278.503	-40.7996	54.318
-0.54557	-279.236	-40.8828	54.3734
-0.431314	-279.904	-40.9646	54.4246
-0.331641	-280.592	-41.0534	54.4784
-0.230221	-281.247	-41.1418	54.529
-0.0944874	-281.934	-41.241	54.5832
0.0315283	-282.568	-41.3434	54.6334
0.151573	-283.279	-41.4661	54.6887
0.349046	-283.954	-41.5922	54.7426
0.429195	-284.68	-41.7384	54.7975
0.567134	-285.375	-41.8782	54.8506
0.661281	-286.056	-42.0162	54.9021
0.740705	-286.768	-42.1615	54.955
0.814308	-287.505	-42.3003	55.009
0.871329	-288.213	-42.4285	55.0608
0.896914	-288.966	-42.5565	55.1161
0.917167	-289.726	-42.6741	55.1715
0.9102	-290.43	-42.7741	55.2234
0.886632	-291.13	-42.8628	55.2758
0.830713	-291.857	-42.9528	55.3294
0.761956	-292.559	-43.0369	55.3809
0.688107	-293.253	-43.1209	55.4322
0.609662	-293.95	-43.2026	55.484
0.516112	-294.642	-43.2896	55.5361
0.435043	-295.334	-43.3792	55.5887
0.30751	-296.009	-43.4693	55.641
0.212631	-296.679	-43.5625	55.6933
0.122535	-297.331	-43.6622	55.7445
0.00424574	-298.02	-43.7736	55.7997
-0.104696	-298.697	-43.893	55.8536
-0.210254	-299.344	-44.0115	55.9048
-0.326092	-299.993	-44.1368	55.9565
-0.420098	-300.638	-44.2675	56.0067
-0.509791	-301.291	-44.4026	56.0568
-0.620846	-302.016	-44.5479	56.1118
-0.681131	-302.729	-44.6898	56.1643
-0.733386	-303.462	-44.8217	56.2185
-0.778685	-304.203	-44.9468	56.2721
-0.798475	-304.991	-45.0696	56.3286
-0.801351	-305.688	-45.1707	56.3786
-0.786603	-306.396	-45.267	56.4294
-0.752438	-307.184	-45.3659	56.486
-0.688172	-307.938	-45.4601	56.5405
-0.619378	-308.672	-45.5441	56.5943
-0.551227	-309.407	-45.6355	56.6481
-0.437094	-310.154	-45.7328	56.7034
-0.344712	-310.864	-45.827	56.7567
-0.188992	-311.577	-45.93	56.8118
-0.0664582	-312.234	-46.0298	56.8621
0.0402408	-312.942	-46.1444	56.9158
0.142871	-313.607	-46.2591	56.9664
0.294531	-314.319	-46.3858	57.0216
0.351164	-315.038	-46.5238	57.0754
0.498857	-315.741	-46.6566	57.1304
0.568066	-316.418	-46.7877	57.1818
0.623941	-317.118	-46.9291	57.2348
0.676259	-317.85	-47.0695	57.2892
0.747689	-318.544	-47.2009	57.341
0.782958	-319.269	-47.3305	57.3939
0.803082	-319.977	-47.4504	57.4456
0.812987	-320.746	-47.5684	57.5011
0.801355	-321.458	-47.6697	57.5533
0.777683	-322.167	-47.7609	57.6049
0.729879	-322.898	-47.8531	57.6583
0.656236	-323.573	-47.9328	57.7086
0.57743	-324.236	-48.0086	57.7588
0.43899	-324.885	-48.0827	57.8096
0.354382	-325.61	-48.1663	57.8654
0.257979	-326.24	-48.2439	57.9155
0.146844	-326.872	-48.3292	57.9665
0.0244484	-327.481	-48.4198	58.0171
-0.127858	-328.14	-48.5288	58.0709
-0.252855	-328.773	-48.6416	58.1224
-0.385895	-329.415	-48.7639	58.1741
-0.491369	-330.128	-48.9078	58.2296
-0.631629	-330.8	-49.0423	58.2813
-0.71708	-331.534	-49.1906	58.3362
-0.80526	-332.288	-49.3308	58.3915
-0.863052	-332.988	-49.4549	58.442
-0.903617	-333.702	-49.574	58.4937
-0.923222	-334.473	-49.6927	58.5489
-0.924151	-335.189	-49.794	58.6004
-0.906248	-335.94	-49.8958	58.6545
-0.876941	-336.637	-49.982	58.7053
-0.829926	-337.33	-50.0702	58.7555
-0.771715	-338.024	-50.1573	58.8061
-0.667024	-338.771	-50.2512	58.8616
-0.598479	-339.479	-50.3341	58.9153
-0.502913	-340.177	-50.4217	58.9684
-0.387101	-340.846	-50.5089	59.0195
-0.244486	-341.559	-50.6066	59.0743
-0.118078	-342.257	-50.7065	59.129
0.0267131	-342.975	-50.8201	59.1848
0.140473	-343.703	-50.9452	59.2398
0.289771	-344.403	-51.0824	59.2949
0.402398	-345.133	-51.2295	59.3507
0.574257	-345.781	-51.3687	59.4016
0.684751	-346.507	-51.5285	59.4565
0.772777	-347.203	-51.6732	59.5085
0.877965	-347.912	-51.8153	59.5612
0.938873	-348.637	-51.9585	59.6147
0.983414	-349.36	-52.0874	59.6676
1.01154	-350.099	-52.2082	59.721
1.01335	-350.814	-52.3159	59.7728
1.00138	-351.545	-52.4164	59.8259
0.970462	-352.254	-52.5084	59.8781
0.898043	-352.976	-52.5965	59.9314
0.836961	-353.678	-52.6784	59.9834
0.754203	-354.353	-52.7549	60.0344
0.670739	-355.061	-52.8316	60.0891
0.522453	-355.718	-52.9084	60.1415
0.423854	-356.389	-52.9865	60.1952
0.244245	-357.045	-53.0737	60.251
0.120561	-357.705	-53.1705	60.3048
0.036011	-358.324	-53.2734	60.3555
-0.100732	-358.94	-53.3862	60.4061
-0.19821	-359.604	-53.5142	60.4586
-0.349785	-360.25	-53.6447	60.5102
-0.447361	-360.92	-53.7814	60.5611
-0.52977	-361.592	-53.9172	60.6118
-0.610571	-362.258	-54.0481	60.662
-0.666195	-363.016	-54.1908	60.7176
-0.708349	-363.716	-54.3116	60.7684
-0.733052	-364.431	-54.4238	60.82
-0.74164	-365.199	-54.5319	60.8754
-0.73328	-365.911	-54.6242	60.9265
-0.707157	-366.669	-54.7166	60.9809
-0.6507	-367.363	-54.794	61.0315
-0.593757	-368.058	-54.8694	61.0826
-0.525557	-368.77	-54.9468	61.1352
-0.451902	-369.455	-55.0164	61.1867
-0.35763	-370.162	-55.1012	61.2402
-0.209648	-370.836	-55.1864	61.293
-0.131322	-371.572	-55.2829	61.349
-0.0444918	-372.241	-55.3778	61.3999
0.0638061	-372.892	-55.4775	61.4508
0.216671	-373.535	-55.5833	61.5015
0.297434	-374.212	-55.7044	61.5534
0.407682	-374.903	-55.8397	61.6064
0.563032	-375.624	-55.9816	61.6625
0.64731	-376.361	-56.1359	61.717
0.75375	-377.099	-56.2833	61.7716
0.831593	-377.827	-56.4229	61.8251
0.881156	-378.538	-56.5525	61.8769
0.920035	-379.257	-56.6661	61.9291
0.941046	-380.006	-56.7754	61.9839
0.942646	-380.728	-56.8704	62.0366
0.92463	-381.463	-56.9671	62.0901
0.885487	-382.147	-57.0553	62.1401
0.819497	-382.845	-57.1441	62.1915
0.75986	-383.574	-57.2357	62.2454
0.704852	-384.278	-57.3177	62.2982
0.630249	-384.946	-57.4003	62.3492
0.505749	-385.639	-57.4892	62.4047
0.423522	-386.28	-57.5727	62.4554
0.34872	-386.931	-57.6593	62.5075
0.248413	-387.565	-57.7526	62.5588
0.142233	-388.176	-57.8506	62.609
-0.0307693	-388.834	-57.9676	62.6637
-0.106427	-389.537	-58.1092	62.719
-0.19311	-390.196	-58.2505	62.7705
-0.336932	-390.834	-58.3977	62.8217
-0.430363	-391.562	-58.5734	62.8771
-0.515513	-392.235	-58.7253	62.928
-0.597768	-392.97	-58.8762	62.983
-0.631873	-393.706	-59.0202	63.0373
-0.648781	-394.409	-59.1412	63.0884
-0.641767	-395.095	-59.2482	63.1385
-0.60404	-395.831	-59.3532	63.1924
-0.550639	-396.547	-59.4476	63.2454
-0.499084	-397.289	-59.5373	63.299
-0.432443	-397.992	-59.6261	63.3502
-0.312667	-398.727	-59.725	63.4053
-0.242807	-399.451	-59.8322	63.4589
-0.0894682	-400.156	-59.9513	63.5142
0.00452891	-400.858	-60.0861	63.5682
0.107708	-401.524	-60.219	63.6193
0.278657	-402.202	-60.3554	63.6742
0.39973	-402.859	-60.4839	63.7258
0.482422	-403.519	-60.6163	63.7777
0.584704	-404.186	-60.7413	63.829
0.696282	-404.874	-60.8642	63.8817
0.804181	-405.552	-60.9818	63.9331
0.859583	-406.281	-61.1061	63.9874
0.905327	-406.97	-61.2176	64.0375
0.954489	-407.719	-61.3358	64.0922
0.976112	-408.44	-61.4468	64.1446
0.981978	-409.169	-61.5527	64.1974
0.976049	-409.887	-61.6522	64.2495
0.935426	-410.614	-61.7465	64.3023
0.890362	-411.319	-61.8314	64.3539
0.827769	-412.059	-61.9113	64.4081
0.719666	-412.789	-61.9934	64.4629
0.633161	-413.482	-62.0696	64.5156
0.556576	-414.144	-62.1371	64.5671
0.462031	-414.792	-62.2116	64.6172
0.359297	-415.435	-62.2899	64.6686
0.243112	-416.048	-62.3718	64.7191
0.117836	-416.666	-62.4635	64.7702
-0.0633158	-417.328	-62.5745	64.8262
-0.13557	-417.983	-62.6962	64.8778
-0.301552	-418.682	-62.8284	64.9339
-0.395337	-419.364	-62.9618	64.9862
-0.479462	-420.023	-63.0929	65.0364
-0.554877	-420.73	-63.2335	65.0895
-0.631522	-421.406	-63.3592	65.1398
-0.693562	-422.114	-63.4839	65.1917
-0.750177	-422.823	-63.6019	65.2435
-0.772068	-423.579	-63.7177	65.2988
-0.781945	-424.325	-63.8231	65.3528
-0.776743	-425.023	-63.9147	65.403
-0.762866	-425.735	-64.0042	65.4542
-0.743252	-426.486	-64.0888	65.5086
-0.707589	-427.198	-64.1708	65.5605
-0.610153	-427.923	-64.2544	65.6143
-0.552455	-428.623	-64.3352	65.6665
-0.488868	-429.332	-64.4144	65.7207
-0.37966	-430.008	-64.4968	65.7727
-0.278184	-430.646	-64.576	65.8232
-0.192965	-431.347	-64.6662	65.8781
-0.0270479	-432.017	-64.7619	65.9325
0.0850512	-432.714	-64.8711	65.9879
0.207775	-433.373	-64.9855	66.04
0.297647	-434.052	-65.1114	66.092
0.451348	-434.719	-65.2418	66.1433
0.549538	-435.412	-65.3795	66.195
0.627738	-436.158	-65.5305	66.2495
0.703076	-436.849	-65.6639	66.2999
0.763966	-437.556	-65.7956	66.3505
0.818301	-438.277	-65.9281	66.4014
0.857634	-439.023	-66.0609	66.4543
0.874031	-439.75	-66.1822	66.5065
0.877653	-440.502	-66.2982	66.5603
0.847767	-441.267	-66.4099	66.6154
0.82231	-441.987	-66.5049	66.6676
0.750345	-442.747	-66.6028	66.7232
0.686219	-443.445	-66.6855	66.7745
0.619332	-444.118	-66.7623	66.8247
0.574385	-444.868	-66.8453	66.8807
0.497356	-445.541	-66.9245	66.9316
0.371996	-446.231	-67.0095	66.9854
0.299715	-446.906	-67.0956	67.0381
