x	y	z	t
0.53363	450.283	73.7304	0.0541723
0.530724	449.542	73.6132	0.111455
0.525955	448.836	73.5011	0.164835
0.521119	448.141	73.3888	0.21739
0.514897	447.442	73.2743	0.270101
0.504713	446.725	73.1501	0.323749
0.496159	445.997	73.0166	0.379217
0.48613	445.266	72.8617	0.434784
0.4799	444.529	72.7079	0.490544
0.463768	443.783	72.5428	0.546741
0.450334	443.061	72.3908	0.601284
0.428535	442.311	72.2334	0.658033
0.404375	441.556	72.0903	0.715056
0.387161	440.872	71.9735	0.766638
0.361673	440.13	71.8523	0.823267
0.32616	439.479	71.7489	0.873635
0.270403	438.812	71.6463	0.926091
0.179874	438.13	71.5389	0.980961
0.131903	437.43	71.4204	1.03684
0.0191017	436.771	71.2998	1.09073
-0.0433306	436.117	71.1677	1.14323
-0.112179	435.444	71.0368	1.19716
-0.198836	434.768	70.9065	1.25136
-0.22784	434.071	70.7712	1.30642
-0.246761	433.397	70.6488	1.35885
-0.241089	432.696	70.529	1.41305
-0.219159	431.965	70.4131	1.46858
-0.179876	431.216	70.3114	1.52556
-0.120014	430.504	70.2226	1.58043
-0.0858607	429.811	70.1456	1.63424
-0.0364735	429.135	70.0658	1.6883
0.0410697	428.441	69.9892	1.74509
0.10935	427.815	69.9142	1.79642
0.205076	427.129	69.8268	1.85452
0.305552	426.494	69.7329	1.90835
0.439555	425.872	69.6308	1.96198
0.4972	425.207	69.5051	2.01731
0.582592	424.59	69.3823	2.06847
0.708355	423.924	69.2469	2.1232
0.762627	423.249	69.1042	2.17732
0.830404	422.544	68.9634	2.23372
0.870967	421.827	68.8331	2.29002
0.89584	421.154	68.7188	2.34266
0.890608	420.508	68.6186	2.39279
0.868892	419.775	68.5158	2.44952
0.814036	419.112	68.4303	2.50069
0.76349	418.417	68.3511	2.55413
0.69564	417.722	68.2661	2.60818
0.612436	417.088	68.1883	2.65885
0.516327	416.469	68.1106	2.70933
0.38752	415.838	68.027	2.76151
0.276479	415.244	67.9422	2.81214
0.181437	414.596	67.8423	2.8683
0.0205559	413.957	67.7293	2.92566
-0.0966562	413.375	67.6178	2.97663
-0.211424	412.803	67.5023	3.0267
-0.382207	412.189	67.3775	3.08112
-0.463807	411.486	67.2308	3.13932
-0.585434	410.824	67.0907	3.19458
-0.661795	410.179	66.9621	3.24611
-0.739415	409.486	66.8327	3.30104
-0.782608	408.747	66.7065	3.35876
-0.80889	408.017	66.6007	3.4155
-0.811071	407.339	66.5122	3.46862
-0.786495	406.637	66.4339	3.52355
-0.743856	405.94	66.3576	3.57813
-0.673327	405.225	66.2872	3.63444
-0.604199	404.519	66.2097	3.69026
-0.501122	403.824	66.1382	3.74659
-0.371369	403.145	66.0588	3.80271
-0.285669	402.487	65.9806	3.85653
-0.138989	401.85	65.8961	3.91125
-0.054173	401.185	65.8013	3.96756
0.0579374	400.571	65.7048	4.02001
0.188879	399.926	65.5917	4.07616
0.3291	399.311	65.4802	4.1299
0.412019	398.665	65.3588	4.18385
0.480311	398.003	65.2269	4.23854
0.594907	397.349	65.1011	4.29321
0.661781	396.65	64.965	4.34956
0.741461	395.983	64.8411	4.40248
0.787661	395.267	64.7137	4.45869
0.831383	394.576	64.6	4.51284
0.851052	393.921	64.4993	4.56447
0.857322	393.231	64.3982	4.61805
0.841398	392.529	64.298	4.67274
0.821491	391.801	64.1993	4.72964
0.775453	391.088	64.1073	4.78525
0.700206	390.361	64.0123	4.84206
0.628738	389.695	63.9282	4.89405
0.565416	389.028	63.8488	4.9461
0.479929	388.352	63.7627	4.99934
0.358939	387.698	63.6766	5.05213
0.278272	386.998	63.5822	5.10798
0.172499	386.358	63.4908	5.16067
0.0283468	385.726	63.3946	5.21369
-0.0520975	385.04	63.2799	5.26927
-0.162992	384.434	63.1694	5.31997
-0.291765	383.759	63.0357	5.37643
-0.43216	383.097	62.9025	5.4317
-0.523764	382.463	62.7697	5.48248
-0.603283	381.761	62.6181	5.5382
-0.70461	381.07	62.4784	5.59268
-0.769337	380.426	62.3527	5.64291
-0.805555	379.677	62.2159	5.70063
-0.830918	378.956	62.0957	5.75592
-0.834149	378.254	61.9898	5.81031
-0.821815	377.523	61.8885	5.86684
-0.786755	376.812	61.7945	5.9217
-0.744593	376.125	61.7138	5.97485
-0.691442	375.422	61.6297	6.02888
-0.602634	374.707	61.5489	6.08437
-0.531795	373.994	61.484	6.14009
-0.410618	373.35	61.4237	6.19208
-0.3118	372.712	61.3584	6.24325
-0.218949	371.997	61.2781	6.30061
-0.08393	371.309	61.1896	6.35743
0.052523	370.662	61.0942	6.41134
0.153408	370.037	60.9918	6.4618
0.217888	369.338	60.8655	6.51771
0.326561	368.687	60.7412	6.57128
0.456501	368.049	60.615	6.62413
0.516991	367.4	60.4806	6.67635
0.583799	366.718	60.3455	6.73022
0.667951	366.045	60.2132	6.78337
0.706399	365.353	60.0755	6.83693
0.747945	364.686	59.95	6.88776
0.778651	363.979	59.8246	6.9416
0.797026	363.3	59.7115	6.99314
0.793899	362.631	59.6078	7.04424
0.780214	361.946	59.5108	7.09635
0.753331	361.283	59.4222	7.14707
0.691972	360.563	59.328	7.20265
0.633068	359.842	59.239	7.25898
0.564404	359.197	59.1578	7.30939
0.494824	358.56	59.0776	7.35958
0.381507	357.871	58.9906	7.41563
0.293136	357.204	58.9012	7.46917
0.155687	356.535	58.8086	7.52414
0.0767586	355.914	58.7186	7.57518
-0.0141957	355.275	58.6162	7.62735
-0.122756	354.621	58.502	7.68093
-0.258412	354.004	58.3876	7.73247
-0.335744	353.299	58.2465	7.78972
-0.467315	352.634	58.1121	7.84452
-0.549715	351.951	57.9659	7.89971
-0.652821	351.229	57.815	7.957
-0.708521	350.549	57.6826	8.01023
-0.766911	349.831	57.549	8.0659
-0.799047	349.108	57.4278	8.12155
-0.810473	348.378	57.3178	8.17757
-0.795842	347.676	57.2224	8.23146
-0.77177	346.949	57.1378	8.2871
-0.728757	346.239	57.059	8.34164
-0.646493	345.564	56.9903	8.39448
-0.574758	344.898	56.9332	8.44675
-0.482179	344.226	56.8657	8.49991
-0.353157	343.514	56.7904	8.55671
-0.246856	342.857	56.7065	8.60955
-0.126549	342.156	56.6068	8.66597
-0.00819606	341.473	56.5007	8.72134
0.10145	340.771	56.3837	8.77769
0.229445	340.115	56.2693	8.83146
0.301083	339.388	56.1336	8.88922
0.420526	338.695	56.0038	8.94541
0.49609	338.029	55.8715	8.99901
0.579034	337.381	55.7452	9.05128
0.67616	336.737	55.6203	9.1034
0.722451	336.043	55.4836	9.15798
0.772001	335.368	55.3573	9.21118
0.830076	334.693	55.2338	9.26393
0.850897	333.991	55.1098	9.3181
0.866435	333.26	54.9898	9.37407
0.862091	332.532	54.878	9.42923
0.84624	331.863	54.7817	9.48026
0.802228	331.173	54.6886	9.53289
0.759251	330.423	54.5953	9.59034
0.685838	329.705	54.5106	9.64615
0.580071	328.994	54.4225	9.7023
0.502203	328.35	54.3462	9.75306
0.413623	327.698	54.2659	9.8049
0.326732	327.003	54.1786	9.86152
0.177534	326.367	54.0933	9.91395
0.0921648	325.699	53.9985	9.96851
-0.0150532	325.063	53.8982	10.0207
-0.118568	324.435	53.79	10.0723
-0.265611	323.78	53.6652	10.127
-0.364936	323.097	53.5327	10.1816
-0.493735	322.402	53.3876	10.2378
-0.587571	321.741	53.2505	10.2911
-0.693555	321.031	53.1014	10.3467
-0.772998	320.305	52.9632	10.4021
-0.820353	319.589	52.8343	10.4564
-0.855932	318.843	52.7156	10.5123
-0.866168	318.156	52.6157	10.5636
-0.863313	317.428	52.5197	10.6182
-0.834329	316.692	52.4237	10.6739
-0.80582	315.947	52.3355	10.7303
-0.737678	315.251	52.2518	10.7834
-0.681726	314.552	52.1713	10.8368
-0.611592	313.859	52.0853	10.8902
-0.505527	313.161	51.9963	10.9451
-0.423124	312.458	51.9069	11.0003
-0.29437	311.76	51.8119	11.0559
-0.216007	311.061	51.7144	11.1114
-0.106931	310.426	51.6176	11.1626
0.00668349	309.797	51.5153	11.2133
0.147621	309.142	51.3976	11.2677
0.265983	308.516	51.2803	11.318
0.411793	307.815	51.1471	11.3742
0.505841	307.145	51.0103	11.4275
0.586331	306.466	50.8774	11.4802
0.692773	305.792	50.7473	11.5327
0.751827	305.066	50.6092	11.5879
0.802742	304.373	50.4852	11.6405
0.843192	303.655	50.3644	11.6947
0.853535	302.931	50.2503	11.7493
0.84809	302.193	50.1413	11.8051
0.825811	301.499	50.0476	11.8579
0.7888	300.825	49.9595	11.9088
0.723344	300.091	49.8654	11.9647
0.670542	299.34	49.7746	12.0218
0.586965	298.625	49.6909	12.0771
0.508941	297.98	49.6137	12.1275
0.430179	297.323	49.5339	12.1787
0.303805	296.615	49.4435	12.2353
0.207136	295.972	49.3598	12.2865
0.129781	295.325	49.2722	12.3382
0.00552719	294.66	49.1693	12.3922
-0.135137	294.002	49.0582	12.4456
-0.228544	293.368	48.9358	12.4967
-0.336761	292.675	48.798	12.5511
-0.435534	292.037	48.6623	12.6013
-0.531428	291.398	48.522	12.6515
-0.656256	290.7	48.3719	12.7065
-0.721098	290.045	48.2251	12.7567
-0.77949	289.299	48.0787	12.8134
-0.825665	288.561	47.9406	12.8696
-0.849764	287.817	47.8166	12.926
-0.846312	287.145	47.7152	12.9764
-0.829733	286.411	47.6154	13.0319
-0.784964	285.659	47.5238	13.0884
-0.709378	284.922	47.4346	13.144
-0.654763	284.214	47.3546	13.1976
-0.564842	283.524	47.2691	13.2508
-0.452714	282.828	47.1793	13.3052
-0.367114	282.11	47.0864	13.3615
-0.214166	281.467	47	13.4142
-0.12556	280.804	46.9084	13.4679
0.0611604	280.115	46.8048	13.5253
0.173307	279.483	46.7024	13.5768
0.276548	278.827	46.5838	13.6313
0.434394	278.169	46.4616	13.6862
0.520312	277.535	46.3342	13.7372
0.622058	276.859	46.2026	13.791
0.753052	276.189	46.072	13.8444
0.825875	275.512	45.9415	13.8968
0.882593	274.798	45.8068	13.9514
0.93421	274.08	45.6825	14.0058
0.951842	273.394	45.5726	14.0576
0.955483	272.656	45.4631	14.1132
0.939414	271.929	45.3659	14.1679
0.91095	271.207	45.2725	14.2222
0.84844	270.492	45.1849	14.2766
0.798302	269.778	45.1029	14.3312
0.70393	269.111	45.0224	14.3832
0.63461	268.39	44.9348	14.4396
0.521382	267.698	44.8437	14.4946
0.419259	267.08	44.7606	14.5446
0.349329	266.422	44.6709	14.5973
0.23966	265.738	44.5704	14.6535
0.0659197	265.098	44.4696	14.707
-0.0187342	264.468	44.3581	14.7583
-0.123107	263.778	44.2298	14.8131
-0.2683	263.144	44.1029	14.8644
-0.346688	262.473	43.9574	14.9173
-0.450023	261.808	43.8159	14.9691
-0.572746	261.088	43.6678	15.025
-0.647575	260.423	43.5322	15.0755
-0.698545	259.697	43.389	15.1304
-0.748498	258.952	43.2568	15.1861
-0.764642	258.194	43.1301	15.2423
-0.770214	257.506	43.0234	15.2932
-0.75263	256.764	42.9183	15.3484
-0.705245	255.989	42.8148	15.4057
-0.654577	255.253	42.7293	15.4608
-0.593287	254.565	42.6486	15.5121
-0.510909	253.833	42.5655	15.5677
-0.427835	253.116	42.4768	15.6229
-0.303712	252.45	42.3928	15.6757
-0.234495	251.745	42.3036	15.7307
-0.104188	251.058	42.2102	15.7856
-0.0211073	250.367	42.1126	15.8412
0.0754068	249.73	42.015	15.8921
0.194733	249.03	41.8976	15.949
0.286544	248.331	41.7742	16.005
0.400553	247.641	41.6426	16.0604
0.478123	246.993	41.5174	16.1113
0.57545	246.292	41.3833	16.166
0.621408	245.59	41.2478	16.22
0.678295	244.907	41.1242	16.2726
0.725788	244.186	41.002	16.3274
0.743106	243.456	40.8877	16.3823
0.745636	242.768	40.7893	16.4341
0.735007	242.011	40.6913	16.4912
0.687536	241.275	40.5997	16.5471
0.644956	240.569	40.5222	16.6008
0.558929	239.854	40.4389	16.6554
0.49513	239.136	40.3604	16.7107
0.385911	238.448	40.2792	16.7646
0.325584	237.765	40.1996	16.8182
0.231773	237.14	40.1194	16.8691
0.129687	236.491	40.0288	16.9217
0.027791	235.838	39.9268	16.9736
-0.128806	235.186	39.8147	17.0267
-0.216056	234.477	39.6781	17.0836
-0.335541	233.82	39.5445	17.136
-0.458609	233.092	39.3856	17.1921
-0.556857	232.423	39.24	17.243
-0.676651	231.703	39.0862	17.2971
-0.744952	230.995	38.9297	17.3498
-0.832105	230.233	38.7786	17.4063
-0.872954	229.464	38.6307	17.4631
-0.906553	228.698	38.4965	17.5188
-0.905284	227.905	38.374	17.5756
-0.8908	227.131	38.2634	17.6312
-0.854749	226.421	38.1747	17.6819
-0.804266	225.69	38.0854	17.7343
-0.722606	224.922	37.9982	17.7901
-0.617209	224.16	37.9057	17.8463
-0.532349	223.466	37.8213	17.8976
-0.457648	222.74	37.7321	17.9518
-0.313361	222.021	37.6364	18.007
-0.227692	221.333	37.5434	18.06
-0.0877239	220.631	37.441	18.1146
-0.00225744	219.911	37.3283	18.1701
0.111646	219.227	37.2139	18.2224
0.266678	218.549	37.0912	18.2762
0.367867	217.885	36.9685	18.3272
0.453212	217.182	36.8332	18.3813
0.573074	216.447	36.6943	18.4367
0.633559	215.685	36.5472	18.4931
0.728572	214.978	36.4153	18.5457
0.777285	214.272	36.2877	18.5978
0.808962	213.538	36.1612	18.6512
0.837687	212.783	36.0411	18.7057
0.84127	212.054	35.9335	18.7583
0.829751	211.289	35.8268	18.8133
0.794196	210.527	35.7197	18.8683
0.761656	209.774	35.6157	18.9227
0.68928	209.036	35.513	18.9765
0.639731	208.289	35.4136	19.0309
0.556277	207.587	35.319	19.0832
0.445304	206.901	35.2289	19.1351
0.361885	206.241	35.144	19.1856
0.25017	205.56	35.0549	19.2388
0.185882	204.842	34.9617	19.2943
0.0417396	204.148	34.8619	19.3498
-0.0787055	203.464	34.7515	19.403
-0.200347	202.82	34.6363	19.4536
-0.354288	202.111	34.4955	19.5088
-0.470182	201.453	34.3597	19.5591
-0.56357	200.736	34.2115	19.6126
-0.668375	200.05	34.0684	19.6636
-0.771676	199.297	33.9144	19.7192
-0.838924	198.544	33.7744	19.7739
-0.892625	197.765	33.64	19.83
-0.91521	196.98	33.5204	19.8862
-0.90892	196.192	33.4156	19.9431
-0.885091	195.488	33.3302	19.994
-0.835011	194.774	33.2482	20.0456
-0.797085	194.074	33.1707	20.0962
-0.711986	193.309	33.0876	20.1524
-0.610851	192.531	32.9969	20.2099
-0.532071	191.793	32.9015	20.265
-0.385342	191.096	32.8052	20.3189
-0.300133	190.361	32.6947	20.3746
-0.167837	189.655	32.5776	20.4295
-0.0591562	188.98	32.4559	20.4824
0.0481431	188.33	32.3317	20.5327
0.211736	187.62	32.1935	20.5886
0.29508	186.876	32.0436	20.6451
0.42317	186.171	31.8969	20.6993
0.521871	185.411	31.7502	20.7561
0.604037	184.675	31.6067	20.8104
0.647329	183.955	31.4796	20.863
0.674682	183.247	31.3643	20.9145
0.68428	182.487	31.2556	20.9692
0.669855	181.726	31.1559	21.024
0.637893	181.03	31.0745	21.075
0.575671	180.256	30.994	21.1313
0.5076	179.561	30.9204	21.1822
0.39753	178.831	30.8388	21.2367
0.316179	178.124	30.7616	21.2905
0.176041	177.389	30.6688	21.3471
0.0937746	176.726	30.5854	21.3992
-0.0166904	176.048	30.4875	21.4529
-0.175752	175.378	30.3796	21.507
-0.270637	174.721	30.258	21.5595
-0.376233	174.06	30.1262	21.6115
-0.486535	173.417	29.9884	21.662
-0.625788	172.712	29.836	21.7155
-0.753698	172	29.6816	21.7685
-0.836744	171.295	29.5268	21.8199
-0.910962	170.603	29.3911	21.8699
-0.967308	169.868	29.2597	21.9223
-1.00446	169.096	29.135	21.9776
-1.01551	168.354	29.0294	22.0307
-1.00134	167.586	28.9257	22.0858
-0.952125	166.812	28.8335	22.1417
-0.870906	166.044	28.7409	22.1977
-0.808266	165.263	28.6526	22.2549
-0.726399	164.578	28.5727	22.3058
-0.583539	163.9	28.4892	22.3575
-0.47675	163.233	28.4034	22.4082
-0.365247	162.562	28.3105	22.4598
-0.274613	161.9	28.2143	22.5108
-0.114379	161.195	28.1016	22.5663
-0.0254861	160.48	27.9738	22.6219
0.085563	159.79	27.8445	22.6759
0.214948	159.064	27.7001	22.7319
0.322278	158.372	27.5636	22.7848
0.427936	157.632	27.4215	22.8399
0.50069	156.912	27.2849	22.8927
0.567872	156.144	27.151	22.9486
0.597249	155.413	27.0328	23.0015
0.613483	154.624	26.9156	23.0578
0.607149	153.876	26.8142	23.1111
0.582361	153.14	26.7181	23.1637
0.538487	152.423	26.6295	23.2151
0.471616	151.696	26.5404	23.2677
0.412581	150.945	26.4507	23.3225
0.343361	150.258	26.3642	23.3734
0.216074	149.54	26.2695	23.4281
0.151659	148.775	26.1665	23.4854
0.0242441	148.095	26.0689	23.5384
-0.0531766	147.397	25.9603	23.5927
-0.156731	146.751	25.8511	23.6429
-0.247729	146.104	25.733	23.6941
-0.367339	145.461	25.607	23.7452
-0.481363	144.814	25.4747	23.7963
-0.609759	144.159	25.3388	23.8473
-0.683943	143.475	25.1971	23.8986
-0.743039	142.793	25.0554	23.9496
-0.79624	142.025	24.8975	24.0059
-0.861984	141.284	24.7573	24.0596
-0.889506	140.583	24.6299	24.1105
-0.903008	139.809	24.5073	24.1662
-0.895787	139.068	24.4014	24.2189
-0.873881	138.347	24.3082	24.2702
-0.834167	137.619	24.2256	24.3225
-0.786	136.899	24.1423	24.3744
-0.677294	136.145	24.0529	24.4299
-0.611943	135.46	23.9789	24.4806
-0.526418	134.719	23.8876	24.5357
-0.376641	133.993	23.7992	24.592
-0.271281	133.303	23.7075	24.6443
-0.157093	132.628	23.6132	24.696
-0.0339834	131.93	23.5087	24.7508
0.0784317	131.269	23.398	24.8024
0.233742	130.551	23.2731	24.8592
0.325597	129.89	23.1487	24.9113
0.438543	129.216	23.0228	24.9635
0.561025	128.491	22.8877	25.0185
0.639153	127.771	22.7493	25.0722
0.708087	127.073	22.6219	25.1238
0.753656	126.358	22.4971	25.1762
0.791753	125.596	22.3729	25.2312
0.808622	124.862	22.2622	25.2841
0.808247	124.128	22.1578	25.3369
0.779543	123.391	22.0574	25.3903
0.744591	122.695	21.9707	25.4407
0.690943	122.007	21.884	25.491
0.624644	121.315	21.7977	25.5421
0.551848	120.595	21.7063	25.5954
0.437018	119.923	21.6203	25.6464
0.339115	119.235	21.5293	25.6988
0.262689	118.542	21.4364	25.7522
0.131691	117.898	21.3437	25.8029
0.021166	117.235	21.2428	25.8555
-0.136185	116.579	21.1359	25.9085
-0.250463	115.94	21.0232	25.9588
-0.36557	115.292	20.9021	26.0105
-0.471439	114.66	20.7777	26.0606
-0.5809	114.02	20.6474	26.1107
-0.668121	113.306	20.4971	26.1658
-0.777184	112.62	20.3584	26.2175
-0.833681	111.87	20.2103	26.273
-0.884138	111.149	20.0814	26.3253
-0.92158	110.391	19.9579	26.3801
-0.93281	109.598	19.8417	26.4367
-0.913244	108.834	19.7397	26.4912
-0.876114	108.127	19.6501	26.5415
-0.824904	107.372	19.5592	26.5956
-0.739167	106.658	19.4769	26.6475
-0.683276	105.915	19.3951	26.7016
-0.590991	105.176	19.304	26.7564
-0.452447	104.491	19.2164	26.809
-0.379196	103.756	19.1183	26.8642
-0.245153	103.013	19.01	26.9217
-0.134078	102.344	18.9036	26.973
-0.0346023	101.674	18.7905	27.0254
0.084737	101.012	18.6715	27.0775
0.248227	100.346	18.5474	27.1301
0.328207	99.6389	18.4096	27.1841
0.443567	98.9728	18.2796	27.2354
0.529016	98.294	18.1466	27.2865
0.626519	97.5347	17.9997	27.3423
0.678624	96.8157	17.8695	27.3943
0.720689	96.096	17.7468	27.4463
0.752422	95.3808	17.6333	27.4976
0.75569	94.6348	17.5227	27.551
0.744198	93.9281	17.4282	27.6021
0.713383	93.1865	17.3306	27.6556
0.670569	92.4899	17.2423	27.7065
0.614408	91.8078	17.1572	27.7567
0.536408	91.0605	17.0647	27.8123
0.446046	90.3917	16.977	27.8628
0.349708	89.7043	16.8846	27.9149
0.234908	89.0605	16.7986	27.9652
0.125978	88.4009	16.7081	28.0167
0.0374527	87.7537	16.6175	28.0672
-0.119851	87.0726	16.5165	28.1221
-0.256487	86.4533	16.4164	28.1728
-0.370942	85.8024	16.3036	28.2245
-0.511944	85.1236	16.1795	28.2778
-0.62592	84.4848	16.0563	28.3281
-0.710508	83.7781	15.9142	28.3827
-0.798566	83.0684	15.7768	28.437
-0.900327	82.3905	15.646	28.4879
-0.959884	81.6994	15.5165	28.5388
-1.00417	80.9475	15.3812	28.5939
-1.03716	80.2407	15.2639	28.6451
-1.05904	79.5293	15.1541	28.6966
-1.06434	78.7678	15.0474	28.7517
-1.04988	78.0188	14.948	28.8057
-0.997314	77.2682	14.8537	28.8601
-0.959717	76.5396	14.7719	28.9132
-0.896043	75.8439	14.6903	28.9645
-0.797305	75.1411	14.6036	29.0175
-0.683239	74.4053	14.5109	29.0731
-0.584255	73.7071	14.4144	29.126
-0.416691	73.0146	14.3139	29.1801
-0.273259	72.3775	14.2166	29.2303
-0.188907	71.6398	14.0925	29.2857
-0.0113412	70.9559	13.9693	29.3408
0.11567	70.2271	13.8278	29.3981
0.246504	69.575	13.6999	29.4489
0.378041	68.8687	13.5594	29.5036
0.493773	68.1995	13.4303	29.5552
0.591072	67.5308	13.3025	29.6063
0.693956	66.8311	13.1738	29.6587
0.750695	66.1249	13.0505	29.7111
0.789807	65.4211	12.9348	29.7628
0.810608	64.7242	12.8293	29.8137
0.811814	63.9909	12.7251	29.8669
0.792859	63.2881	12.6304	29.9182
0.743853	62.5828	12.5447	29.9699
0.687301	61.8711	12.4765	30.0223
0.621922	61.1441	12.3995	30.0765
0.520255	60.4304	12.3185	30.131
0.436667	59.721	12.2403	30.1858
0.334818	59.0412	12.1576	30.2384
0.240869	58.3968	12.0757	30.289
0.10055	57.7281	11.9867	30.3437
-0.00925466	57.0924	11.8921	30.3949
-0.1087	56.455	11.7853	30.4457
-0.242743	55.8333	11.6684	30.4968
-0.414789	55.1638	11.5247	30.5526
-0.539509	54.4664	11.376	30.6068
-0.674998	53.7585	11.2238	30.6616
-0.778921	53.0584	11.0659	30.7153
-0.891735	52.3432	10.9204	30.7692
-0.946926	51.584	10.7746	30.8251
-0.993052	50.8165	10.6436	30.8815
-0.999482	50.0718	10.5282	30.9357
-0.98803	49.3024	10.419	30.9917
-0.958887	48.5958	10.3319	31.0425
-0.907407	47.8467	10.2427	31.0963
-0.805502	47.0988	10.1558	31.1509
-0.717486	46.406	10.0774	31.2016
-0.644193	45.706	9.99981	31.2536
-0.535133	45.0003	9.91134	31.3067
-0.441037	44.3192	9.82277	31.3584
-0.288035	43.6608	9.73288	31.4103
-0.212451	42.9618	9.62811	31.4637
-0.0908319	42.2843	9.51662	31.5167
0.0685751	41.5801	9.38615	31.573
0.197296	40.8924	9.25478	31.6261
0.328745	40.2062	9.11896	31.6786
0.443347	39.5186	8.98122	31.7307
0.512918	38.7606	8.82931	31.7863
0.58762	38.0803	8.70068	31.8364
0.646161	37.3738	8.5757	31.8881
0.694819	36.6155	8.45064	31.9434
0.710252	35.9155	8.34376	31.9944
0.711329	35.2187	8.24346	32.0448
0.695287	34.519	8.1447	32.0958
0.659832	33.8131	8.0508	32.147
0.595202	33.097	7.96096	32.1989
0.526389	32.4088	7.87845	32.2496
0.43945	31.7293	7.79798	32.3004
0.354207	31.0363	7.7143	32.3525
0.282797	30.2896	7.62576	32.409
0.162803	29.6018	7.53664	32.4625
0.0700804	28.9437	7.45093	32.5146
-0.0614778	28.2635	7.35362	32.5684
-0.200511	27.5813	7.2468	32.6233
-0.307787	26.8805	7.12656	32.6785
-0.456463	26.2111	7.00068	32.7318
-0.537629	25.5374	6.85941	32.7835
-0.66439	24.8024	6.71074	32.8395
-0.74141	24.0566	6.55264	32.8951
-0.813228	23.3719	6.4146	32.9457
-0.892562	22.6556	6.27843	32.9986
-0.93604	21.9351	6.15047	33.051
-0.959553	21.1654	6.02567	33.1064
-0.976459	20.4294	5.91681	33.1597
-0.970509	19.6889	5.8121	33.2131
-0.953123	18.9764	5.71716	33.264
-0.912019	18.2096	5.61474	33.3192
-0.836295	17.4636	5.51904	33.3735
-0.755156	16.734	5.41992	33.427
-0.66812	16.0486	5.32288	33.4775
-0.54458	15.3336	5.21598	33.5314
-0.454031	14.6439	5.10918	33.584
-0.362131	13.9797	5.00364	33.6351
-0.251185	13.307	4.89268	33.6868
-0.123079	12.5903	4.77131	33.7424
-0.0230029	11.9284	4.64957	33.7939
0.0882012	11.2114	4.51927	33.8484
0.209815	10.5254	4.39166	33.9006
0.292403	9.84491	4.26487	33.9508
0.361853	9.10294	4.12736	34.0054
0.422147	8.36318	3.99549	34.0595
0.497921	7.65616	3.87211	34.1112
0.532837	6.96633	3.75681	34.1614
0.543534	6.1986	3.63373	34.2168
0.547593	5.48009	3.52391	34.2682
0.532154	4.76328	3.41869	34.3196
0.508206	3.98111	3.31038	34.3758
0.464542	3.23712	3.21047	34.4293
0.397943	2.48788	3.11635	34.4836
0.32988	1.80569	3.02916	34.534
0.261433	1.12749	2.942	34.5844
0.168453	0.403059	2.8464	34.6386
0.0928975	-0.263255	2.75746	34.6893
-0.0251925	-0.973553	2.66276	34.7456
-0.142633	-1.652	2.56692	34.7996
-0.244167	-2.28552	2.47041	34.85
-0.335125	-2.94408	2.35979	34.9036
-0.4468	-3.63256	2.23577	34.9583
-0.552419	-4.27851	2.11154	35.0089
-0.638935	-4.93756	1.98111	35.0598
-0.744532	-5.59854	1.8502	35.1099
-0.844764	-6.3229	1.70954	35.1642
-0.921603	-7.07937	1.57505	35.2199
-0.963862	-7.81765	1.45038	35.2738
-0.997569	-8.53727	1.34004	35.3259
-1.01079	-9.26866	1.23459	35.3788
-1.00066	-9.99885	1.13212	35.4319
-0.986793	-10.7341	1.03543	35.4855
-0.95404	-11.4655	0.940094	35.5392
-0.902596	-12.2191	0.847709	35.5944
-0.832982	-12.9526	0.753922	35.6494
-0.7066	-13.6468	0.664068	35.703
-0.656819	-14.3519	0.573417	35.7566
-0.523377	-15.0269	0.480973	35.8105
-0.392984	-15.6804	0.387407	35.8637
-0.29986	-16.2946	0.29307	35.9145
-0.184237	-16.9183	0.187963	35.9659
-0.055677	-17.5521	0.0754659	36.0182
0.092275	-18.1735	-0.0384965	36.0692
0.234246	-18.8749	-0.171055	36.1244
0.341737	-19.6052	-0.306714	36.1795
0.46748	-20.3359	-0.445646	36.234
0.545644	-21.0773	-0.578333	36.2882
0.606628	-21.8045	-0.704406	36.3406
0.65706	-22.5832	-0.832443	36.396
0.679439	-23.2864	-0.940943	36.446
0.683418	-24.06	-1.05591	36.5011
0.673544	-24.8336	-1.16307	36.5567
0.650371	-25.565	-1.26147	36.6091
0.595582	-26.3221	-1.35715	36.6644
0.543972	-27.0193	-1.44734	36.7154
0.484542	-27.7193	-1.53693	36.767
0.365556	-28.4541	-1.63308	36.8222
0.273809	-29.135	-1.71933	36.8744
0.147871	-29.7835	-1.80741	36.9254
0.0562807	-30.4477	-1.9016	36.9769
-0.0972289	-31.1257	-2.00612	37.0307
-0.188675	-31.8233	-2.12599	37.0862
-0.322283	-32.4688	-2.24526	37.1386
-0.480463	-33.1735	-2.38642	37.1948
-0.601319	-33.8524	-2.52177	37.2475
-0.733079	-34.5439	-2.66051	37.3005
-0.816275	-35.2887	-2.81144	37.3562
-0.899615	-36.0373	-2.9521	37.4115
-0.946905	-36.7517	-3.08093	37.4641
-0.974658	-37.4874	-3.20482	37.5174
-0.991369	-38.2578	-3.32213	37.5731
-0.985005	-38.9579	-3.42035	37.624
-0.96664	-39.6669	-3.50806	37.6753
-0.928725	-40.4099	-3.59777	37.7292
-0.856191	-41.1284	-3.68144	37.7818
-0.800046	-41.8361	-3.76393	37.8345
-0.73665	-42.502	-3.83703	37.8847
-0.654877	-43.2307	-3.92798	37.9403
-0.567512	-43.9395	-4.01469	37.9951
-0.458601	-44.6022	-4.10329	38.048
-0.296796	-45.2939	-4.20473	38.1041
-0.200028	-45.9635	-4.31338	38.1582
-0.0111941	-46.575	-4.42096	38.2104
0.0833189	-47.261	-4.55102	38.2649
0.184649	-47.9112	-4.67514	38.3156
0.282969	-48.6193	-4.80868	38.3694
0.409449	-49.3018	-4.9365	38.4212
0.486735	-50.0566	-5.07536	38.477
0.556309	-50.8012	-5.20438	38.5305
0.620727	-51.5669	-5.33276	38.5852
0.654182	-52.2762	-5.44575	38.636
0.671509	-53.022	-5.56007	38.6892
0.662792	-53.7824	-5.67294	38.7436
0.647077	-54.5325	-5.77665	38.7979
0.597379	-55.2549	-5.87343	38.8507
0.557813	-55.9418	-5.96209	38.9007
0.473749	-56.6321	-6.05177	38.9517
0.393001	-57.305	-6.13952	39.0021
0.287538	-57.975	-6.22729	39.0531
0.188324	-58.6963	-6.32351	39.1085
0.0735655	-59.3533	-6.41645	39.1586
-0.0263494	-60.0044	-6.51267	39.2094
-0.176139	-60.6919	-6.62152	39.2637
-0.253778	-61.4154	-6.74858	39.3199
-0.382927	-62.111	-6.88319	39.375
-0.490851	-62.7994	-7.01866	39.4287
-0.60573	-63.5318	-7.16412	39.4845
-0.665066	-64.2642	-7.31798	39.5394
-0.76479	-64.9524	-7.45684	39.5912
-0.815847	-65.7114	-7.60547	39.6466
-0.868293	-66.4678	-7.73739	39.7015
-0.899612	-67.2345	-7.85968	39.7565
-0.9206	-67.9771	-7.96771	39.8098
-0.920744	-68.7592	-8.07533	39.8652
-0.918151	-69.4839	-8.16576	39.9169
-0.891331	-70.1988	-8.25718	39.9684
-0.843204	-70.911	-8.34732	40.0203
-0.749034	-71.6481	-8.44043	40.0747
-0.678586	-72.3564	-8.52552	40.1277
-0.552193	-73.0644	-8.61583	40.1815
-0.467827	-73.7883	-8.70846	40.2364
-0.34444	-74.4732	-8.80376	40.2885
-0.170163	-75.1324	-8.90054	40.3416
-0.0726511	-75.8293	-9.0141	40.3962
0.0536663	-76.5038	-9.13042	40.4484
0.227112	-77.1813	-9.25683	40.5028
0.33247	-77.852	-9.38833	40.5548
0.43247	-78.5042	-9.52701	40.6053
0.547429	-79.2168	-9.66905	40.6593
0.650158	-79.9103	-9.80501	40.7112
0.720122	-80.6007	-9.93441	40.7622
0.764561	-81.3041	-10.0571	40.8134
0.790443	-82.0499	-10.1782	40.8672
0.797683	-82.7734	-10.2864	40.9192
0.781685	-83.4971	-10.3879	40.9714
0.726292	-84.2242	-10.4832	41.0238
0.660797	-84.9213	-10.5694	41.0746
0.584222	-85.666	-10.6549	41.1291
0.45759	-86.3836	-10.7378	41.1831
0.350056	-87.0708	-10.8156	41.235
0.24943	-87.799	-10.8976	41.2908
0.132933	-88.4375	-10.9757	41.3409
-0.0482848	-89.0788	-11.0585	41.3928
-0.170707	-89.7408	-11.1502	41.4451
-0.268545	-90.3806	-11.248	41.4963
-0.403361	-91.0091	-11.3569	41.5476
-0.553943	-91.6691	-11.4811	41.601
-0.718365	-92.297	-11.6083	41.6514
-0.811426	-93	-11.7593	41.7061
-0.906973	-93.6896	-11.9034	41.7587
-1.01604	-94.411	-12.0478	41.8128
-1.10451	-95.0846	-12.1783	41.8629
-1.16129	-95.7798	-12.3054	41.9143
-1.20026	-96.478	-12.4246	41.9649
-1.22888	-97.2372	-12.5444	42.0195
-1.23247	-97.9947	-12.6579	42.074
-1.21841	-98.7267	-12.7593	42.1272
-1.18094	-99.4602	-12.8588	42.1805
-1.09837	-100.168	-12.9517	42.2325
-1.01876	-100.861	-13.0417	42.2839
-0.932601	-101.568	-13.1289	42.3371
-0.818679	-102.274	-13.2219	42.3909
-0.679088	-102.984	-13.3198	42.4457
-0.547582	-103.61	-13.4106	42.497
-0.356803	-104.278	-13.5173	42.5517
-0.222065	-104.915	-13.6243	42.6022
-0.144261	-105.624	-13.7498	42.6579
0.0121197	-106.27	-13.8643	42.7114
0.192925	-106.907	-13.9788	42.7629
0.272707	-107.626	-14.1125	42.8178
0.363787	-108.29	-14.2373	42.8688
0.461236	-108.953	-14.3615	42.9197
0.557431	-109.662	-14.4902	42.9723
0.617772	-110.393	-14.6164	43.0258
0.656911	-111.085	-14.7283	43.0762
0.675316	-111.836	-14.8379	43.1302
0.669969	-112.569	-14.9378	43.183
0.656374	-113.268	-15.026	43.2331
0.601891	-113.967	-15.1113	43.2835
0.552408	-114.717	-15.1975	43.3371
0.48739	-115.434	-15.2827	43.389
0.381047	-116.167	-15.3707	43.4435
0.300403	-116.885	-15.453	43.4974
0.200674	-117.572	-15.5387	43.5492
0.0997667	-118.242	-15.6254	43.6004
-0.0234025	-118.888	-15.712	43.6509
-0.112138	-119.565	-15.8094	43.7026
-0.264713	-120.228	-15.9133	43.7552
-0.335005	-120.957	-16.0402	43.8103
-0.471211	-121.661	-16.1716	43.8654
-0.576012	-122.363	-16.314	43.9191
-0.673249	-123.071	-16.4553	43.9722
-0.783686	-123.781	-16.5983	44.026
-0.867613	-124.473	-16.7414	44.0783
-0.941051	-125.215	-16.8815	44.1333
-0.986435	-125.971	-17.0209	44.1887
-1.01868	-126.709	-17.1451	44.2423
-1.0383	-127.454	-17.2612	44.2964
-1.04087	-128.161	-17.3621	44.3472
-1.0245	-128.889	-17.4622	44.3997
-0.962076	-129.661	-17.5656	44.4559
-0.915577	-130.394	-17.657	44.5091
-0.83334	-131.081	-17.7455	44.5602
-0.738568	-131.759	-17.834	44.6115
-0.601142	-132.434	-17.9229	44.6635
-0.500403	-133.13	-18.0139	44.7171
-0.400844	-133.811	-18.1096	44.7703
-0.218754	-134.469	-18.2079	44.824
-0.0991704	-135.152	-18.3148	44.8787
0.0484681	-135.833	-18.4272	44.9331
0.131009	-136.542	-18.5511	44.9885
0.237554	-137.234	-18.6751	45.0421
0.383901	-137.9	-18.7987	45.0936
0.466055	-138.589	-18.9278	45.1458
0.541627	-139.265	-19.0531	45.1967
0.604398	-139.949	-19.1792	45.2478
0.647243	-140.66	-19.3033	45.2998
0.685446	-141.38	-19.4248	45.3521
0.69764	-142.095	-19.5393	45.4037
0.692763	-142.832	-19.6507	45.4565
0.672941	-143.602	-19.7609	45.5115
0.624461	-144.321	-19.8589	45.5632
0.559124	-145.051	-19.9555	45.6163
0.505396	-145.751	-20.0397	45.6674
0.435039	-146.503	-20.1348	45.7228
0.336288	-147.226	-20.227	45.7772
0.258355	-147.921	-20.3123	45.8302
0.159773	-148.598	-20.4012	45.8828
0.0219919	-149.25	-20.488	45.934
-0.0571907	-149.939	-20.5823	45.9874
-0.220788	-150.638	-20.6895	46.0436
-0.307769	-151.364	-20.8128	46.0994
-0.43806	-152.013	-20.9356	46.1512
-0.547412	-152.665	-21.0673	46.2016
-0.670219	-153.356	-21.2098	46.2539
-0.731914	-154.106	-21.3708	46.3097
-0.817025	-154.839	-21.5175	46.3637
-0.882731	-155.589	-21.6629	46.4183
-0.924584	-156.35	-21.7936	46.4732
-0.953278	-157.111	-21.9151	46.5274
-0.962765	-157.818	-22.0193	46.5776
-0.954436	-158.582	-22.1283	46.632
-0.918949	-159.342	-22.2317	46.6866
-0.885154	-160.091	-22.3278	46.7404
-0.816767	-160.78	-22.418	46.7905
-0.714886	-161.501	-22.5135	46.8439
-0.61454	-162.181	-22.5985	46.8948
-0.504844	-162.866	-22.6773	46.9472
-0.4084	-163.547	-22.7488	46.9997
-0.241529	-164.238	-22.833	47.0547
-0.134029	-164.91	-22.9227	47.1075
-0.0431364	-165.595	-23.023	47.162
0.0760233	-166.231	-23.1264	47.2128
0.220018	-166.899	-23.2476	47.2678
0.313989	-167.572	-23.3758	47.3206
0.44673	-168.309	-23.5212	47.3775
0.508848	-169.03	-23.6752	47.4322
0.602997	-169.694	-23.8139	47.483
0.6562	-170.386	-23.9539	47.5347
0.700588	-171.1	-24.0903	47.5875
0.728125	-171.81	-24.2178	47.6396
0.740557	-172.518	-24.3312	47.6911
0.72152	-173.238	-24.4366	47.744
0.696705	-173.953	-24.5334	47.797
0.677613	-174.703	-24.6265	47.8517
0.626515	-175.392	-24.7119	47.9028
0.506252	-176.112	-24.8019	47.9576
0.448318	-176.797	-24.8831	48.0102
0.317145	-177.488	-24.9701	48.0654
0.215433	-178.142	-25.0491	48.1184
0.113868	-178.822	-25.1394	48.1725
-0.0108601	-179.478	-25.2329	48.2249
-0.173211	-180.134	-25.3377	48.2775
-0.264596	-180.775	-25.4535	48.3282
-0.360326	-181.424	-25.5785	48.3789
-0.500558	-182.117	-25.7159	48.4328
-0.650856	-182.779	-25.8519	48.4843
-0.743109	-183.463	-25.9916	48.5357
-0.83815	-184.168	-26.1381	48.5881
-0.913449	-184.895	-26.2767	48.6417
-0.992312	-185.626	-26.4112	48.6953
-1.02918	-186.354	-26.5396	48.7483
-1.05238	-187.085	-26.6561	48.8009
-1.05286	-187.854	-26.7716	48.8559
-1.04405	-188.623	-26.8761	48.9112
-0.998174	-189.38	-26.9756	48.9658
-0.956726	-190.127	-27.0664	49.0203
-0.872552	-190.859	-27.1592	49.0741
-0.755506	-191.597	-27.2497	49.1294
-0.634234	-192.293	-27.3418	49.1828
-0.452493	-192.951	-27.4332	49.2357
-0.341833	-193.605	-27.5273	49.2882
-0.210377	-194.235	-27.626	49.3396
-0.0921566	-194.896	-27.7339	49.3927
0.066646	-195.575	-27.8513	49.4479
0.141222	-196.279	-27.9773	49.5033
0.291831	-196.927	-28.0928	49.5559
0.377238	-197.59	-28.212	49.6066
0.447	-198.297	-28.3405	49.6603
0.526706	-199.019	-28.4665	49.7141
0.581704	-199.748	-28.5865	49.7679
0.607517	-200.445	-28.6926	49.8188
0.622462	-201.144	-28.7935	49.8696
0.623838	-201.876	-28.8983	49.9222
0.593748	-202.604	-29.0012	49.9747
0.559142	-203.308	-29.0982	50.0258
0.509515	-204.073	-29.1966	50.0814
0.422179	-204.8	-29.2905	50.1351
0.349048	-205.534	-29.382	50.1898
0.260619	-206.206	-29.4684	50.2411
0.175155	-206.87	-29.5547	50.2914
0.0437856	-207.547	-29.6444	50.3445
-0.063427	-208.229	-29.7391	50.3981
-0.132573	-208.893	-29.84	50.4503
-0.303233	-209.547	-29.949	50.5054
-0.409603	-210.211	-30.0716	50.5594
-0.548653	-210.921	-30.2028	50.6153
-0.646876	-211.586	-30.3293	50.6665
-0.724109	-212.277	-30.4671	50.7188
-0.812	-213.005	-30.6056	50.7727
-0.880647	-213.695	-30.7355	50.8235
-0.939977	-214.396	-30.8637	50.8748
-1.00211	-215.098	-30.9856	50.9258
-1.03264	-215.838	-31.1058	50.9794
-1.05438	-216.569	-31.2155	51.032
-1.06066	-217.362	-31.3263	51.0887
-1.05084	-218.108	-31.4272	51.1424
-1.00445	-218.833	-31.5207	51.1951
-0.936931	-219.515	-31.6056	51.2453
-0.848035	-220.231	-31.6949	51.2982
-0.778049	-220.907	-31.7735	51.349
-0.677534	-221.608	-31.862	51.4028
-0.512963	-222.286	-31.9516	51.4556
-0.40745	-222.962	-32.0432	51.5095
-0.274802	-223.623	-32.1399	51.5627
-0.0902058	-224.275	-32.2395	51.6166
0.0140853	-224.92	-32.3458	51.6694
0.136185	-225.614	-32.465	51.7246
0.292362	-226.253	-32.5789	51.7762
0.382727	-226.961	-32.7132	51.8309
0.470881	-227.643	-32.8414	51.8826
0.592107	-228.394	-32.9805	51.9387
0.656339	-229.114	-33.1137	51.992
0.726247	-229.85	-33.2403	52.0454
0.754477	-230.605	-33.3662	52.0999
0.76673	-231.305	-33.4779	52.1504
0.76291	-232.012	-33.5871	52.2015
0.740946	-232.753	-33.6977	52.255
0.687121	-233.497	-33.8037	52.3087
0.632862	-234.188	-33.8949	52.3591
0.567282	-234.919	-33.9936	52.4125
0.466641	-235.681	-34.097	52.4689
0.404789	-236.405	-34.1907	52.5227
0.265563	-237.07	-34.2795	52.5752
0.202812	-237.796	-34.3784	52.6306
0.0427261	-238.466	-34.475	52.6848
-0.0867477	-239.097	-34.5731	52.7367
-0.196737	-239.746	-34.6809	52.7889
-0.306811	-240.364	-34.7951	52.8395
-0.401063	-241.008	-34.915	52.8901
-0.525123	-241.674	-35.0401	52.9426
-0.611913	-242.345	-35.1672	52.9932
-0.731231	-243.051	-35.299	53.046
-0.785808	-243.794	-35.4373	53.1003
-0.858672	-244.551	-35.5698	53.1562
-0.90248	-245.269	-35.6893	53.208
-0.934246	-245.992	-35.8015	53.2599
-0.953215	-246.725	-35.9088	53.3123
-0.957565	-247.445	-36.0081	53.3642
-0.918343	-248.204	-36.1086	53.4192
-0.890954	-248.969	-36.2026	53.4744
-0.806154	-249.687	-36.2918	53.5277
-0.730308	-250.384	-36.3763	53.5791
-0.646646	-251.078	-36.4546	53.6308
-0.54728	-251.774	-36.5391	53.6829
-0.424468	-252.433	-36.6214	53.7334
-0.254951	-253.127	-36.714	53.7872
-0.158766	-253.847	-36.8168	53.8425
-0.0177733	-254.529	-36.9256	53.8961
0.0787801	-255.232	-37.047	53.9506
0.173061	-255.941	-37.1729	54.0054
0.304047	-256.648	-37.303	54.0596
0.387055	-257.312	-37.4338	54.1103
0.47495	-258.021	-37.5663	54.1635
0.560891	-258.761	-37.7003	54.2188
0.605994	-259.478	-37.8299	54.2713
0.650412	-260.189	-37.9504	54.3233
0.68281	-260.969	-38.0767	54.3797
0.689165	-261.666	-38.1861	54.4305
0.68461	-262.365	-38.2958	54.4811
0.663026	-263.062	-38.4026	54.5317
0.629407	-263.8	-38.5097	54.5852
0.564135	-264.545	-38.6102	54.6394
0.509378	-265.239	-38.6943	54.6907
0.443175	-265.953	-38.787	54.7438
0.371687	-266.634	-38.8774	54.7947
0.250242	-267.307	-38.9702	54.8468
0.142957	-267.986	-39.0691	54.8996
0.0688365	-268.656	-39.1715	54.9507
-0.0898574	-269.365	-39.2869	55.0066
-0.181387	-270.029	-39.4015	55.0584
-0.248678	-270.72	-39.5318	55.1123
-0.352458	-271.379	-39.6616	55.1638
-0.435129	-272.051	-39.7976	55.2151
-0.551268	-272.755	-39.9398	55.2696
-0.611164	-273.446	-40.0858	55.3207
-0.673604	-274.196	-40.2325	55.3753
-0.713587	-274.894	-40.3667	55.4257
-0.751878	-275.589	-40.4924	55.4757
-0.779152	-276.318	-40.6129	55.5279
-0.783466	-277.019	-40.7186	55.578
-0.774686	-277.743	-40.8144	55.6306
-0.744102	-278.474	-40.9053	55.6836
-0.660521	-279.216	-40.9921	55.7382
-0.571791	-279.907	-41.0692	55.7891
-0.479487	-280.66	-41.1519	55.8448
-0.379027	-281.337	-41.2316	55.8952
-0.230509	-282.05	-41.3198	55.9486
-0.144636	-282.745	-41.4046	56.0003
-0.0403198	-283.496	-41.5083	56.0572
0.0760544	-284.224	-41.616	56.1121
0.209873	-284.921	-41.7318	56.1663
0.305755	-285.616	-41.8571	56.22
0.378272	-286.294	-41.9923	56.2722
0.468068	-286.955	-42.122	56.3222
0.538543	-287.66	-42.2604	56.3753
0.621744	-288.353	-42.3952	56.4276
0.64899	-289.073	-42.5342	56.4806
0.670805	-289.828	-42.6661	56.5356
0.675878	-290.563	-42.7851	56.5892
0.650298	-291.279	-42.8881	56.6417
0.602809	-292.016	-42.9853	56.6956
0.545261	-292.726	-43.0698	56.7477
0.471807	-293.405	-43.1459	56.798
0.389154	-294.099	-43.2243	56.8499
0.321351	-294.831	-43.3047	56.905
0.231164	-295.486	-43.3804	56.9557
0.099906	-296.173	-43.4647	57.0095
0.0230487	-296.822	-43.5479	57.0602
-0.0612471	-297.533	-43.6449	57.1159
-0.219245	-298.166	-43.7441	57.1679
-0.329589	-298.824	-43.8587	57.2204
-0.426094	-299.462	-43.9882	57.2709
-0.530717	-300.132	-44.1261	57.3233
-0.658383	-300.824	-44.2704	57.3779
-0.727292	-301.545	-44.4272	57.4326
-0.793961	-302.221	-44.5668	57.4833
-0.851708	-302.927	-44.7043	57.5355
-0.907128	-303.681	-44.848	57.591
-0.932104	-304.387	-44.9697	57.6423
-0.940128	-305.098	-45.0822	57.6934
-0.930224	-305.818	-45.1859	57.7452
-0.893613	-306.593	-45.2906	57.8008
-0.846902	-307.321	-45.3795	57.8528
-0.762108	-308.069	-45.4765	57.9077
-0.70147	-308.815	-45.5708	57.9622
-0.611624	-309.524	-45.6643	58.0149
-0.47479	-310.241	-45.7608	58.069
-0.389107	-310.975	-45.8601	58.1245
-0.255893	-311.713	-45.9645	58.1806
-0.154931	-312.375	-46.0604	58.2317
-0.0316827	-313.06	-46.1654	58.2843
0.0804957	-313.701	-46.2742	58.3343
0.185134	-314.35	-46.3892	58.3843
0.312526	-315.072	-46.5238	58.439
0.389964	-315.793	-46.6709	58.4937
0.479424	-316.479	-46.808	58.5457
0.589944	-317.168	-46.9428	58.5978
0.648388	-317.853	-47.072	58.648
0.696651	-318.55	-47.1971	58.6993
0.719987	-319.281	-47.3227	58.7528
0.73591	-319.989	-47.4367	58.8048
0.741195	-320.733	-47.5524	58.8589
0.717097	-321.452	-47.6607	58.9111
0.675156	-322.189	-47.7627	58.9643
0.627782	-322.905	-47.8551	59.0161
0.551832	-323.612	-47.9419	59.0673
0.485536	-324.38	-48.0295	59.1231
0.413174	-325.072	-48.1097	59.1741
0.291554	-325.779	-48.192	59.2276
0.218987	-326.5	-48.2725	59.2828
0.0826298	-327.183	-48.3579	59.3366
-0.0195427	-327.856	-48.4492	59.3895
-0.091523	-328.549	-48.5526	59.4439
-0.197476	-329.19	-48.6608	59.4953
-0.352554	-329.883	-48.7891	59.5508
-0.422944	-330.552	-48.9304	59.6031
-0.517165	-331.208	-49.0686	59.6547
-0.638355	-331.91	-49.2138	59.7094
-0.68823	-332.642	-49.3686	59.7647
-0.747555	-333.321	-49.5039	59.8155
-0.815081	-334.059	-49.642	59.8709
-0.843474	-334.791	-49.7695	59.9235
-0.856474	-335.506	-49.8785	59.9749
-0.844538	-336.235	-49.9801	60.027
-0.81447	-336.946	-50.073	60.0774
-0.761505	-337.656	-50.161	60.128
-0.696064	-338.42	-50.2501	60.1834
-0.614094	-339.171	-50.3418	60.2384
-0.512062	-339.881	-50.4278	60.2913
-0.445447	-340.61	-50.5131	60.3458
-0.320999	-341.282	-50.5948	60.3971
-0.239915	-341.957	-50.6801	60.4493
-0.164815	-342.642	-50.7743	60.5016
-0.117478	-343.316	-50.8765	60.5536
-0.0222802	-344.038	-50.996	60.6088
0.0947028	-344.682	-51.1115	60.6594
0.15213	-345.374	-51.2462	60.7121
0.227671	-346.068	-51.3817	60.7643
0.333079	-346.793	-51.5229	60.8191
0.38003	-347.502	-51.6623	60.8719
0.430223	-348.233	-51.7923	60.9255
0.468931	-348.97	-51.9149	60.979
0.487836	-349.674	-52.0243	61.0302
0.491689	-350.446	-52.1376	61.0853
0.465547	-351.219	-52.2479	61.1409
0.443391	-351.939	-52.3394	61.1928
0.392248	-352.664	-52.4285	61.2456
0.324259	-353.41	-52.5179	61.3009
0.27872	-354.1	-52.5907	61.3523
0.200193	-354.771	-52.6688	61.4034
0.0709984	-355.471	-52.7557	61.4585
-0.02742	-356.154	-52.848	61.5118
-0.112929	-356.817	-52.9479	61.5648
-0.217374	-357.45	-53.0577	61.6158
-0.354041	-358.135	-53.1897	61.67
-0.41572	-358.853	-53.3461	61.7252
-0.507261	-359.509	-53.4924	61.776
-0.622757	-360.175	-53.6407	61.8273
-0.688783	-360.903	-53.7971	61.8815
-0.729655	-361.583	-53.9468	61.9324
-0.774429	-362.27	-54.0812	61.9832
-0.807646	-363.004	-54.212	62.0372
-0.805954	-363.712	-54.3274	62.089
-0.788263	-364.43	-54.4332	62.1413
-0.758971	-365.173	-54.5303	62.1958
-0.693025	-365.883	-54.6173	62.2479
-0.614107	-366.604	-54.7011	62.3012
-0.529708	-367.284	-54.7765	62.352
-0.440115	-367.938	-54.8472	62.4021
-0.35775	-368.653	-54.9236	62.4568
-0.215375	-369.341	-55.0056	62.5118
-0.100555	-370.023	-55.0886	62.5663
0.0687108	-370.718	-55.1829	62.6224
0.194597	-371.365	-55.2813	62.6735
0.33259	-372.001	-55.3856	62.7245
0.445792	-372.657	-55.4978	62.7763
0.561441	-373.327	-55.6163	62.8276
0.68959	-374.006	-55.7388	62.8791
0.759075	-374.725	-55.8686	62.9322
0.818432	-375.473	-56.0062	62.9875
0.887012	-376.183	-56.1327	63.0393
0.946867	-376.932	-56.2655	63.0938
0.993189	-377.652	-56.3863	63.1465
1.02892	-378.366	-56.5021	63.1985
1.04194	-379.085	-56.6157	63.2507
1.04219	-379.832	-56.7304	63.3048
1.02688	-380.542	-56.838	63.3566
0.984853	-381.273	-56.9457	63.4096
0.934601	-382.039	-57.052	63.4655
0.867004	-382.737	-57.1463	63.5169
0.75627	-383.461	-57.2435	63.5703
0.691824	-384.201	-57.342	63.6245
0.607617	-384.871	-57.4363	63.675
0.493225	-385.531	-57.5319	63.7259
0.346015	-386.226	-57.6353	63.7808
0.242434	-386.902	-57.7376	63.834
0.132924	-387.528	-57.8384	63.8843
0.0207932	-388.171	-57.9511	63.936
-0.155552	-388.817	-58.0733	63.9896
-0.242637	-389.528	-58.2202	64.045
-0.342563	-390.186	-58.3571	64.0966
-0.451028	-390.838	-58.4942	64.1478
-0.591033	-391.552	-58.6399	64.2027
-0.657041	-392.222	-58.7825	64.2531
-0.736224	-392.955	-58.9216	64.308
-0.80027	-393.7	-59.0533	64.363
-0.833171	-394.384	-59.1589	64.413
-0.843204	-395.089	-59.2521	64.4641
-0.827159	-395.821	-59.3421	64.5177
-0.793301	-396.542	-59.4254	64.5703
-0.765489	-397.266	-59.4987	64.6232
-0.706258	-397.955	-59.5724	64.6744
-0.600842	-398.677	-59.6522	64.7298
-0.509385	-399.352	-59.7276	64.782
-0.411237	-399.997	-59.8019	64.8325
-0.312466	-400.662	-59.882	64.8862
-0.156042	-401.3	-59.9714	64.9397
-0.0520415	-401.955	-60.0727	64.9918
0.0244635	-402.641	-60.1925	65.0444
0.133731	-403.291	-60.3122	65.0949
0.276863	-404.012	-60.447	65.1506
0.35904	-404.697	-60.5802	65.2023
0.434413	-405.451	-60.7308	65.2578
0.522412	-406.205	-60.88	65.3134
0.590978	-406.919	-61.0136	65.3655
0.662005	-407.621	-61.1393	65.4167
0.719024	-408.33	-61.2574	65.4688
0.743263	-409.063	-61.3717	65.5225
0.750427	-409.79	-61.4775	65.5755
0.736778	-410.519	-61.5804	65.6284
0.690855	-411.211	-61.672	65.679
0.630207	-411.971	-61.7664	65.7344
0.5622	-412.722	-61.864	65.7888
0.465839	-413.41	-61.9547	65.8403
0.379133	-414.11	-62.0509	65.8933
0.304192	-414.772	-62.1427	65.9438
0.227152	-415.44	-62.2404	65.9957
0.119739	-416.071	-62.3355	66.0467
-0.0295156	-416.753	-62.4473	66.1032
-0.122068	-417.409	-62.564	66.1566
-0.249465	-418.032	-62.6815	66.2082
-0.374845	-418.649	-62.8042	66.2588
-0.520432	-419.336	-62.9431	66.3131
-0.601601	-420.06	-63.0984	66.3691
-0.703752	-420.768	-63.243	66.4226
-0.767559	-421.44	-63.3766	66.4728
-0.812589	-422.139	-63.5087	66.5243
-0.845691	-422.847	-63.6255	66.5764
-0.857562	-423.585	-63.7344	66.63
-0.85122	-424.332	-63.8292	66.6839
-0.827555	-425.037	-63.9107	66.735
-0.797475	-425.727	-63.982	66.7852
-0.735479	-426.486	-64.0622	66.8409
-0.685048	-427.194	-64.1338	66.8934
-0.646359	-427.88	-64.1967	66.945
-0.580712	-428.553	-64.2682	66.9964
-0.491949	-429.194	-64.3396	67.0468
-0.382741	-429.824	-64.4165	67.0977
-0.213293	-430.462	-64.5043	67.15
-0.131736	-431.153	-64.6115	67.2053
0.0325345	-431.841	-64.7306	67.2614
0.137402	-432.478	-64.8482	67.3118
0.258495	-433.113	-64.9689	67.3618
0.361284	-433.803	-65.1029	67.415
0.457815	-434.546	-65.2406	67.4704
0.577253	-435.26	-65.3749	67.5234
0.663984	-435.984	-65.513	67.5769
0.73276	-436.678	-65.6376	67.6277
0.785145	-437.368	-65.7555	67.6782
0.808491	-438.058	-65.8679	67.729
0.819433	-438.802	-65.9848	67.7839
0.809752	-439.488	-66.0827	67.835
0.792936	-440.219	-66.1802	67.8891
0.758523	-440.977	-66.2682	67.9449
0.721368	-441.7	-66.3474	67.9982
0.654826	-442.474	-66.4207	68.0551
0.590626	-443.148	-66.4856	68.1052
0.536807	-443.867	-66.5624	68.1577
0.477915	-444.556	-66.6424	68.209
0.433161	-445.237	-66.7307	68.2595
0.357935	-445.958	-66.8276	68.315
0.259871	-446.647	-66.9259	68.3693
0.113559	-447.322	-67.0293	68.4236
0.0492133	-447.988	-67.1453	68.4757
-0.0304864	-448.648	-67.2669	68.5259
-0.12704	-449.337	-67.3997	68.5786
-0.240467	-450.08	-67.5428	68.634
-0.301799	-450.827	-67.6928	68.6884
-0.371464	-451.538	-67.8291	68.7396
-0.445024	-452.307	-67.9771	68.7946
