x	y	z	t	dist
0.503833	449.724	71.9895	0.0505654	-1
0.510225	448.909	71.8618	0.102194	13.6809
0.519914	448.075	71.7311	0.155109	12.8517
0.537576	447.195	71.5932	0.211117	11.9792
0.556732	446.379	71.4653	0.262717	11.1707
0.574473	445.526	71.3316	0.317098	10.3271
0.570699	444.692	71.2009	0.370434	9.50055
0.538509	443.86	71.0704	0.423509	8.67264
0.486521	443.025	70.9397	0.47718	7.8407
0.389834	442.168	70.8052	0.532705	6.97867
0.285448	441.338	70.6752	0.586154	6.14337
0.156748	440.558	70.5529	0.636479	5.35301
-0.0215058	439.736	70.4242	0.690621	4.51297
-0.192943	438.957	70.302	0.74185	3.71579
-0.378652	438.147	70.175	0.795534	2.88675
-0.611994	437.358	70.0515	0.848696	2.07591
-0.811974	436.586	69.9304	0.900725	1.29492
-0.99316	435.756	69.8003	0.955438	0.503435
-1.14233	434.971	69.6773	1.00696	0.468693
-1.29248	434.123	69.5444	1.06205	13.8104
-1.37982	433.263	69.4097	1.11713	12.9758
-1.43291	432.449	69.2821	1.16945	12.1837
-1.42924	431.62	69.1521	1.22248	11.3686
-1.38164	430.772	69.0191	1.27688	10.5283
-1.27598	429.978	68.8947	1.32817	9.72976
-1.13763	429.205	68.7736	1.37894	8.94555
-0.971048	428.34	68.638	1.43536	8.06508
-0.775387	427.584	68.5195	1.48549	7.28448
-0.492605	426.755	68.3896	1.54201	6.41496
-0.22907	426.006	68.2722	1.59341	5.62922
0.0492828	425.21	68.1475	1.6477	4.79744
0.322915	424.489	68.0345	1.69794	4.04568
0.642698	423.732	67.9158	1.75074	3.26405
0.876215	422.953	67.7937	1.80305	2.48234
1.14029	422.148	67.6676	1.85801	1.71052
1.32263	421.334	67.5399	1.91182	1.00793
1.48398	420.461	67.4032	1.96845	0.684059
1.5854	419.613	67.2702	2.02295	14.1624
1.66223	418.723	67.1306	2.07973	13.2996
1.68691	417.9	67.0017	2.13175	12.4968
1.67447	417.038	66.8666	2.18653	11.6508
1.6137	416.183	66.7326	2.24125	10.8029
1.52698	415.32	66.5974	2.29644	9.94356
1.37237	414.514	66.4711	2.34903	9.12369
1.22055	413.715	66.3459	2.40146	8.3118
1.02433	412.906	66.219	2.45533	7.47891
0.760033	412.131	66.0975	2.50863	6.66334
0.496894	411.343	65.974	2.5631	5.83605
0.231102	410.576	65.8538	2.61678	5.02965
-0.10844	409.81	65.7337	2.67176	4.21381
-0.412327	409.016	65.6093	2.72822	3.38546
-0.744328	408.222	65.4848	2.7846	2.56948
-1.02343	407.441	65.3625	2.83838	1.80223
-1.20046	406.667	65.2411	2.89007	1.08997
-1.35609	405.873	65.1167	2.94239	0.598057
-1.45515	405.027	64.9841	2.99679	0.90617
-1.50777	404.218	64.8573	3.04854	13.5818
-1.50539	403.372	64.7247	3.10237	12.7484
-1.45754	402.533	64.5933	3.15597	11.9155
-1.35009	401.712	64.4646	3.20883	11.089
-1.21267	400.888	64.3354	3.26252	10.2535
-1.05354	400.086	64.2097	3.31533	9.43586
-0.839838	399.327	64.0908	3.36677	8.65023
-0.587859	398.606	63.9777	3.41718	7.89522
-0.3036	397.893	63.8659	3.46826	7.14468
0.059116	397.158	63.7508	3.52223	6.36762
0.360993	396.442	63.6386	3.57402	5.62589
0.672683	395.724	63.526	3.62562	4.89164
0.945676	394.971	63.4081	3.67754	4.14001
1.2411	394.207	63.2884	3.72984	3.40255
1.44751	393.341	63.1526	3.78748	2.59
1.59968	392.563	63.0306	3.83838	1.90514
1.72781	391.706	62.8962	3.89359	1.27321
1.78247	390.888	62.7681	3.94586	0.983989
1.78927	390.017	62.6316	4.00141	1.28269
1.74397	389.168	62.4986	4.05575	13.3973
1.63658	388.315	62.3649	4.11048	12.5398
1.50639	387.43	62.2261	4.16727	11.6456
1.30266	386.623	62.0996	4.21975	10.8148
1.08656	385.817	61.9733	4.27388	9.98223
0.83104	385.08	61.8578	4.32402	9.21084
0.546781	384.292	61.7342	4.37898	8.38586
0.19036	383.549	61.6178	4.43274	7.59884
-0.108461	382.774	61.4964	4.48747	6.79471
-0.48566	381.991	61.3736	4.54371	5.98434
-0.761749	381.248	61.2572	4.59552	5.23339
-1.00451	380.473	61.1358	4.64817	4.46318
-1.25724	379.682	61.0118	4.70159	3.69572
-1.41418	378.854	60.882	4.75524	2.90487
-1.53253	378.038	60.7541	4.80759	2.15212
-1.60556	377.17	60.618	4.86268	1.40827
-1.62656	376.369	60.4925	4.91324	0.899165
-1.62656	375.573	60.3678	4.96341	0.936995
-1.54836	374.761	60.2406	5.01523	13.7678
-1.45691	373.944	60.1124	5.0673	12.9463
-1.32474	373.15	59.988	5.11851	12.1419
-1.13364	372.347	59.8622	5.17101	11.318
-0.935154	371.48	59.7262	5.22767	10.4296
-0.655383	370.719	59.6069	5.27983	9.6337
-0.403848	369.909	59.4801	5.33461	8.79672
-0.123192	369.174	59.3648	5.38648	8.03172
0.203452	368.445	59.2505	5.43838	7.27374
0.472321	367.729	59.1383	5.4886	6.54154
0.732563	366.995	59.0234	5.53938	5.80041
0.933628	366.228	58.9031	5.59092	5.03409
1.12184	365.363	58.7676	5.64785	4.18016
1.29568	364.485	58.6299	5.70443	3.32639
1.40054	363.645	58.4983	5.75739	2.52245
1.47549	362.759	58.3594	5.81333	1.70324
1.50292	361.958	58.2338	5.86374	1.0368
1.49535	361.065	58.0939	5.91972	0.70748
1.45824	360.232	57.9634	5.97236	14.0386
1.39428	359.381	57.83	6.02652	13.1889
1.28245	358.509	57.6932	6.0824	12.3095
1.15633	357.625	57.5548	6.13872	11.4177
1.00385	356.825	57.4294	6.19001	10.6034
0.789037	356.003	57.3005	6.24347	9.75637
0.598093	355.187	57.1726	6.29705	8.92039
0.363423	354.421	57.0525	6.34793	8.12783
0.0688661	353.638	56.9298	6.4016	7.31318
-0.187992	352.813	56.8005	6.45717	6.46516
-0.434744	352.062	56.6828	6.50862	5.69715
-0.746815	351.241	56.5542	6.56519	4.86513
-0.964437	350.482	56.4353	6.6165	4.10925
-1.19875	349.677	56.3091	6.66985	3.32478
-1.36074	348.851	56.1796	6.72316	2.5372
-1.48491	348.002	56.0465	6.77705	1.76409
-1.5677	347.178	55.9173	6.82916	1.10973
-1.61741	346.316	55.7823	6.88305	0.819612
-1.61315	345.519	55.6573	6.9333	14.1681
-1.55363	344.634	55.5187	6.98909	13.2871
-1.46918	343.828	55.3923	7.03982	12.4782
-1.3375	342.982	55.2597	7.09345	11.6223
-1.16534	342.187	55.1351	7.14484	10.8098
-0.972317	341.375	55.0078	7.19785	9.97608
-0.694121	340.541	54.8771	7.25327	9.10653
-0.439079	339.788	54.7591	7.30492	8.3231
-0.0763935	338.988	54.6337	7.36136	7.48186
0.215612	338.189	54.5086	7.41618	6.65747
0.49031	337.446	54.3921	7.46763	5.89681
0.821468	336.674	54.271	7.52255	5.11632
1.04073	335.912	54.1517	7.57323	4.36145
1.23244	335.139	54.0305	7.62383	3.6074
1.38278	334.35	53.9069	7.67481	2.85297
1.49661	333.487	53.7716	7.72913	2.05169
1.57099	332.652	53.6407	7.78095	1.33907
1.59664	331.755	53.5001	7.83662	0.820694
1.57845	330.824	53.3542	7.89426	1.06933
1.52949	329.962	53.219	7.94795	13.4271
1.42857	329.132	53.089	8.0001	12.5924
1.30636	328.297	52.9582	8.05293	11.7496
1.15576	327.442	52.8241	8.10729	10.8811
0.935995	326.569	52.6874	8.16366	9.98342
0.714051	325.703	52.5516	8.2201	9.09177
0.416592	324.933	52.4309	8.27163	8.28458
0.153641	324.129	52.3049	8.3259	7.45229
-0.117652	323.357	52.1839	8.37762	6.65394
-0.387555	322.603	52.0657	8.42857	5.87954
-0.710649	321.842	51.9465	8.48129	5.10488
-0.928789	321.064	51.8245	8.53278	4.32797
-1.11501	320.212	51.691	8.58753	3.48822
-1.26427	319.423	51.5674	8.63839	2.72511
-1.387	318.596	51.4377	8.69069	1.94876
-1.44153	317.724	51.301	8.74499	1.17628
-1.45023	316.903	51.1723	8.79625	0.670769
-1.41987	316.078	51.043	8.84776	0.905474
-1.34523	315.256	50.9143	8.89936	13.5083
-1.21285	314.386	50.7778	8.9547	12.6279
-1.03162	313.52	50.6421	9.01061	11.744
-0.850055	312.714	50.5159	9.0632	10.9203
-0.625299	311.96	50.3976	9.11358	10.1409
-0.378318	311.187	50.2765	9.16558	9.34222
-0.154223	310.395	50.1523	9.21803	8.52874
0.155279	309.614	50.03	9.27152	7.72188
0.395154	308.858	49.9114	9.32275	6.94988
0.639228	308.044	49.7838	9.37699	6.12616
0.85812	307.277	49.6636	9.42827	5.35752
1.06662	306.435	49.5317	9.48367	4.52328
1.22217	305.577	49.3972	9.53905	3.68203
1.35371	304.767	49.2703	9.59042	2.90105
1.41876	303.9	49.1343	9.64518	2.07456
1.44596	303.069	49.0041	9.69692	1.31844
1.43516	302.173	48.8637	9.7527	0.683999
1.36771	301.305	48.7277	9.80693	0.836314
1.27002	300.505	48.6023	9.85708	13.5642
1.1188	299.633	48.4656	9.91236	12.6789
0.939285	298.81	48.3366	9.96548	11.8386
0.739713	297.996	48.209	10.0187	11.0044
0.451485	297.144	48.0754	10.0756	10.1213
0.171691	296.375	47.955	10.1284	9.32615
-0.123399	295.648	47.8411	10.1785	8.5752
-0.418206	294.895	47.723	10.2299	7.80439
-0.699533	294.139	47.6045	10.2809	7.03957
-0.985967	293.336	47.4787	10.3351	6.23889
-1.19079	292.566	47.358	10.3851	5.47989
-1.37249	291.745	47.2292	10.4384	4.67977
-1.53096	290.954	47.1053	10.4893	3.92247
-1.64384	290.126	46.9755	10.5416	3.14137
-1.64384	289.265	46.8407	10.5951	2.32402
-1.64384	288.441	46.7115	10.6465	1.58444
-1.64384	287.598	46.5793	10.699	0.979594
-1.64384	286.747	46.4459	10.7522	0.914806
-1.64384	285.91	46.3147	10.8043	13.8459
-1.55639	285.075	46.1838	10.8569	13.0086
-1.44097	284.273	46.0583	10.9074	12.1998
-1.24403	283.41	45.9229	10.9631	11.3149
-1.03575	282.557	45.7892	11.0189	10.4383
-0.782156	281.771	45.666	11.0709	9.62064
-0.553128	280.93	45.5343	11.1268	8.75426
-0.306185	280.157	45.4131	11.1789	7.95328
0.000793327	279.378	45.2911	11.232	7.14206
0.244484	278.57	45.1643	11.2856	6.31279
0.498856	277.793	45.0425	11.3382	5.51982
0.759295	276.978	44.9148	11.392	4.69686
0.957562	276.122	44.7807	11.4482	3.84448
1.13915	275.258	44.6453	11.5041	2.99603
1.27002	274.473	44.5222	11.5541	2.24139
1.36089	273.671	44.3965	11.6045	1.49835
1.42026	272.858	44.2692	11.6551	0.847305
1.45656	272.03	44.1393	11.7065	0.70309
1.45871	271.198	44.0089	11.7581	13.9202
1.41253	270.281	43.8652	11.8151	13.0088
1.34576	269.389	43.7255	11.8701	12.119
1.22377	268.558	43.5952	11.9219	11.2794
1.08606	267.723	43.4642	11.9746	10.4328
0.905247	266.896	43.3347	12.0273	9.58726
0.708736	266.111	43.2117	12.0775	8.77992
0.498145	265.296	43.0838	12.1307	7.94048
0.237832	264.434	42.9488	12.1868	7.04905
0.00327426	263.647	42.8254	12.238	6.23706
-0.229281	262.873	42.7042	12.2883	5.44148
-0.468937	262.086	42.5808	12.3395	4.63583
-0.682413	261.311	42.4593	12.3897	3.85073
-0.929876	260.47	42.3275	12.4446	3.01077
-1.11466	259.663	42.201	12.4961	2.22322
-1.26139	258.797	42.0653	12.5502	1.41236
-1.41377	257.964	41.9348	12.6024	0.793045
-1.50264	257.097	41.7988	12.656	0.791782
-1.55207	256.218	41.6611	12.7098	13.7777
-1.56111	255.387	41.5309	12.7609	12.9614
-1.52115	254.535	41.3973	12.8135	12.1165
-1.44896	253.685	41.2641	12.866	11.2686
-1.35849	252.878	41.1377	12.9161	10.4606
-1.20089	251.99	40.9984	12.972	9.55847
-1.02751	251.142	40.8655	13.0256	8.69306
-0.762909	250.276	40.7298	13.0823	7.79132
-0.52677	249.464	40.6025	13.1353	6.94899
-0.272891	248.642	40.4737	13.1897	6.09436
0.0345715	247.824	40.3454	13.2445	5.23705
0.335298	247.07	40.2272	13.2962	4.45098
0.586028	246.252	40.0991	13.35	3.61571
0.849678	245.507	39.9823	13.4003	2.86435
1.13611	244.67	39.8511	13.4561	2.05458
1.32809	243.87	39.7257	13.5073	1.33561
1.4913	243.068	39.6001	13.5581	0.811746
1.6318	242.146	39.4555	13.6155	0.96905
1.6932	241.299	39.3228	13.6672	13.7038
1.73175	240.447	39.1893	13.7192	12.8746
1.73908	239.625	39.0604	13.7695	12.0707
1.71017	238.791	38.9297	13.8203	11.2503
1.63455	237.892	38.7889	13.8756	10.3586
1.54232	237.026	38.653	13.9288	9.49503
1.42451	236.157	38.5169	13.9823	8.6247
1.24528	235.256	38.3758	14.0387	7.70874
1.01988	234.366	38.2363	14.0949	6.7908
0.782073	233.489	38.0988	14.1513	5.88201
0.495272	232.696	37.9745	14.2028	5.0414
0.22608	231.866	37.8444	14.2575	4.17032
-0.0504674	231.06	37.718	14.3101	3.32125
-0.396805	230.224	37.587	14.3663	2.43346
-0.639863	229.451	37.4658	14.4163	1.63453
-0.873802	228.646	37.3396	14.4686	0.824826
-1.09191	227.765	37.2016	14.5246	0.297779
-1.23925	226.951	37.0741	14.5755	14.0951
-1.33421	226.079	36.9374	14.629	13.2479
-1.3932	225.192	36.7984	14.683	12.3837
-1.39767	224.328	36.6629	14.7356	11.5347
-1.35974	223.461	36.5271	14.7885	10.6776
-1.27598	222.632	36.3971	14.8397	9.84898
-1.13295	221.723	36.2547	14.8962	8.93058
-0.93263	220.843	36.1167	14.952	8.02784
-0.743738	220.008	35.9859	15.005	7.17196
-0.518113	219.23	35.8639	15.0558	6.36336
-0.247562	218.396	35.7332	15.1105	5.49229
0.0772523	217.588	35.6066	15.1648	4.64019
0.37366	216.839	35.4891	15.216	3.85777
0.663759	216.028	35.3621	15.2702	3.02664
0.950955	215.249	35.24	15.3218	2.24984
1.15595	214.375	35.1029	15.3779	1.41566
1.35933	213.512	34.9677	15.4329	0.755125
1.4976	212.697	34.84	15.4837	0.76226
1.58885	211.865	34.7096	15.535	13.8862
1.65284	211.014	34.5761	15.5871	13.0602
1.68181	210.157	34.4419	15.6395	12.226
1.6773	209.334	34.3129	15.6898	11.4201
1.6331	208.516	34.1848	15.7399	10.6134
1.55997	207.671	34.0523	15.7918	9.77473
1.42573	206.789	33.9141	15.8466	8.88693
1.27043	205.948	33.7823	15.9002	8.03406
1.04622	205.096	33.6486	15.9544	7.15224
0.837488	204.225	33.5121	16.01	6.25707
0.523421	203.381	33.3799	16.0657	5.36125
0.239458	202.614	33.2596	16.1165	4.54842
-0.0199052	201.843	33.1388	16.1668	3.73944
-0.315042	201.034	33.012	16.2213	2.88885
-0.650708	200.184	32.8788	16.277	2.00353
-0.875252	199.333	32.7455	16.3314	1.14996
-1.10165	198.535	32.6204	16.3826	0.461598
-1.25267	197.669	32.4846	16.4365	0.686936
-1.35469	196.792	32.3472	16.4903	13.5976
-1.41395	195.94	32.2137	16.5425	12.7671
-1.41	194.999	32.0662	16.5994	11.8404
-1.34908	194.108	31.9265	16.6536	10.9544
-1.2518	193.244	31.7911	16.7067	10.088
-1.12159	192.357	31.6521	16.7618	9.19351
-0.90648	191.545	31.5249	16.8135	8.35495
-0.680453	190.756	31.4012	16.8651	7.53658
-0.411189	190	31.2826	16.9159	6.74299
-0.142616	189.232	31.1623	16.9672	5.94075
0.148285	188.42	31.035	17.0214	5.09535
0.439634	187.681	30.9192	17.0718	4.32949
0.800948	186.873	30.7925	17.1271	3.506
1.06004	186.103	30.6719	17.1782	2.74898
1.25761	185.284	30.5434	17.2304	1.97073
1.43021	184.469	30.4158	17.2818	1.26989
1.58237	183.59	30.2779	17.3369	0.81351
1.66961	182.69	30.137	17.3923	1.10163
1.72285	181.762	29.9916	17.4493	13.4539
1.72044	180.867	29.8513	17.504	12.5752
1.67245	180.02	29.7184	17.5559	11.7358
1.58529	179.157	29.5832	17.609	10.8742
1.43675	178.264	29.4433	17.6649	9.97095
1.25801	177.453	29.3161	17.7162	9.14028
1.06614	176.601	29.1826	17.7706	8.26716
0.791788	175.791	29.0556	17.8244	7.41635
0.556955	174.962	28.9257	17.879	6.55628
0.250523	174.143	28.7973	17.9342	5.69312
-0.015155	173.34	28.6715	17.9881	4.85625
-0.292296	172.544	28.5468	18.0412	4.02911
-0.585024	171.673	28.4102	18.098	3.13267
-0.830078	170.815	28.2758	18.1529	2.2684
-0.999624	169.928	28.1367	18.2084	1.39494
-1.14947	169.082	28.0042	18.2605	0.639043
-1.25365	168.251	27.8739	18.312	0.541954
-1.33047	167.336	27.7305	18.3682	13.7735
-1.35455	166.448	27.5913	18.4221	12.9006
-1.3307	165.613	27.4604	18.4732	12.0737
-1.26556	164.726	27.3215	18.5274	11.1902
-1.14728	163.807	27.1773	18.5836	10.2645
-1.01776	162.915	27.0375	18.6386	9.3645
-0.833047	162.019	26.8972	18.6948	8.45
-0.57676	161.219	26.7717	18.7468	7.61562
-0.327536	160.421	26.6467	18.7991	6.78703
-0.102077	159.648	26.5256	18.8496	5.98809
0.218757	158.848	26.4002	18.9034	5.15246
0.480826	158.009	26.2687	18.9591	4.29275
0.74824	157.246	26.1491	19.0105	3.51833
0.98592	156.448	26.024	19.0628	2.72615
1.1803	155.663	25.9009	19.1131	1.97142
1.34382	154.856	25.7745	19.164	1.25178
1.50057	154.015	25.6427	19.2165	0.757057
1.59635	153.153	25.5076	19.2699	0.982361
1.65393	152.286	25.3717	19.3237	13.5999
1.66247	151.456	25.2416	19.3745	12.7864
1.6332	150.629	25.112	19.425	11.9696
1.57285	149.707	24.9675	19.4814	11.0558
1.48116	148.885	24.8386	19.5324	10.2329
1.35072	148.077	24.712	19.5827	9.4169
1.18655	147.288	24.5883	19.6328	8.61077
0.943036	146.489	24.4631	19.6846	7.7774
0.713821	145.648	24.3312	19.7393	6.90634
0.408676	144.825	24.2024	19.7946	6.03848
0.149392	144.029	24.0775	19.8484	5.20703
-0.0992455	143.257	23.9565	19.8994	4.40353
-0.403381	142.432	23.8273	19.9549	3.54552
-0.641756	141.656	23.7056	20.006	2.7512
-0.864037	140.841	23.578	20.0578	1.9334
-1.04727	139.98	23.4429	20.1119	1.09891
-1.22369	139.1	23.305	20.1668	0.464725
-1.32696	138.183	23.1613	20.2232	0.897378
-1.39999	137.351	23.0309	20.2744	13.4418
-1.42117	136.423	22.8854	20.3311	12.5311
-1.39782	135.534	22.7462	20.3851	11.6534
-1.33971	134.659	22.609	20.4385	10.7831
-1.24815	133.84	22.4806	20.4887	9.96251
-1.12704	133.019	22.3519	20.5391	9.13427
-0.973436	132.168	22.2186	20.5924	8.2704
-0.746859	131.292	22.0813	20.6478	7.36662
-0.534406	130.456	21.9503	20.7013	6.50464
-0.292568	129.677	21.8281	20.7523	5.69229
0.0220278	128.884	21.7039	20.8056	4.85674
0.29792	128.035	21.5708	20.8612	3.97679
0.604179	127.205	21.4408	20.9173	3.12141
0.847353	126.431	21.3194	20.9683	2.34147
1.07545	125.605	21.1899	21.0215	1.53974
1.2673	124.807	21.0649	21.0724	0.855922
1.42109	124.01	20.9399	21.1226	0.62628
1.53263	123.194	20.8121	21.1731	14.1176
1.60846	122.311	20.6737	21.2276	13.2606
1.62775	121.433	20.5361	21.2815	12.4023
1.58542	120.521	20.3931	21.3375	11.4998
1.50987	119.605	20.2495	21.3938	10.589
1.37827	118.776	20.1196	21.4452	9.75109
1.22099	117.938	19.9882	21.4977	8.89915
1.03293	117.154	19.8654	21.548	8.09311
0.822807	116.378	19.7438	21.5981	7.29014
0.621951	115.579	19.6186	21.6494	6.46669
0.332887	114.763	19.4906	21.7044	5.60756
0.066587	113.977	19.3674	21.7576	4.78495
-0.195671	113.158	19.2391	21.8128	3.93344
-0.500718	112.37	19.1156	21.8653	3.11374
-0.74411	111.52	18.9824	21.9212	2.24971
-0.991128	110.667	18.8487	21.9766	1.40936
-1.15264	109.774	18.7087	22.0323	0.614113
-1.29602	108.928	18.5762	22.0847	0.602949
-1.37617	108.111	18.4481	22.1349	13.8316
-1.41553	107.24	18.3115	22.1881	12.9781
-1.41241	106.388	18.178	22.2402	12.1392
-1.36566	105.555	18.0475	22.2911	11.3122
-1.26271	104.664	17.9078	22.3457	10.4182
-1.13635	103.845	17.7795	22.3968	9.59096
-0.971305	102.95	17.6392	22.4525	8.68102
-0.767089	102.132	17.5109	22.5044	7.83802
-0.511166	101.331	17.3854	22.5573	7.00267
-0.251524	100.449	17.2473	22.6143	6.08887
0.0581131	99.6007	17.1142	22.6702	5.20195
0.357495	98.8334	16.994	22.7226	4.40375
0.7034	98.004	16.864	22.7796	3.55335
0.957616	97.2096	16.7395	22.8321	2.76214
1.21684	96.3727	16.6083	22.8872	1.96551
1.39259	95.5735	16.4831	22.9384	1.26853
1.53366	94.7411	16.3526	22.9905	0.78859
1.65564	93.8352	16.2106	23.0466	1.05473
1.71143	93.0151	16.0821	23.0968	13.6159
1.72557	92.1093	15.9401	23.1522	12.7295
1.68514	91.2431	15.8044	23.2054	11.8732
1.60774	90.3546	15.6651	23.2603	10.9887
1.46727	89.4585	15.5246	23.3165	10.0838
1.31343	88.5991	15.39	23.3708	9.2119
1.11553	87.7931	15.2636	23.4226	8.38203
0.894271	86.9986	15.1391	23.4743	7.55809
0.586305	86.1832	15.0113	23.53	6.69536
0.317191	85.4261	14.8926	23.5809	5.8999
-0.0424932	84.6465	14.7705	23.6348	5.07053
-0.366959	83.897	14.653	23.6869	4.28605
-0.655361	83.1113	14.5298	23.7411	3.48136
-1.01201	82.3353	14.4082	23.7959	2.7107
-1.24385	81.4794	14.2741	23.8519	1.89913
-1.45594	80.6649	14.1464	23.9049	1.2228
-1.45594	79.8467	14.0182	23.9551	0.689905
-1.45594	78.9886	13.8837	24.0074	0.919453
-1.45594	78.0694	13.7396	24.0631	13.4462
-1.45594	77.158	13.5968	24.1184	12.5488
-1.45594	76.296	13.4617	24.1709	11.7018
-1.45594	75.4678	13.3319	24.2214	10.8903
-1.45594	74.6215	13.1992	24.2732	10.0638
-1.30523	73.7508	13.0628	24.3276	9.18166
-1.1253	72.9591	12.9387	24.3782	8.36982
-0.926091	72.0895	12.8024	24.4334	7.47768
-0.668862	71.272	12.6743	24.4861	6.6232
-0.341415	70.4537	12.546	24.5412	5.75435
0.00930117	69.6185	12.4151	24.5978	4.86942
0.284894	68.7978	12.2865	24.6521	4.01726
0.58195	68.043	12.1682	24.7034	3.23659
0.90578	67.281	12.0487	24.7553	2.46951
1.16113	66.4849	11.924	24.8079	1.70976
1.37068	65.6868	11.7989	24.8592	1.04306
1.58079	64.8573	11.6689	24.9122	0.782007
1.71488	64.0392	11.5406	24.9633	1.19869
1.81938	63.2135	11.4112	25.0143	13.4758
1.88954	62.3676	11.2787	25.0661	12.6618
1.9277	61.5453	11.1498	25.1166	11.8683
1.92204	60.6829	11.0146	25.1695	11.0293
1.88438	59.819	10.8792	25.2228	10.1844
1.79685	58.8985	10.7349	25.2794	9.27469
1.68456	58.0911	10.6084	25.3296	8.46902
1.53144	57.2915	10.4831	25.3803	7.66016
1.35618	56.4801	10.3559	25.4316	6.83438
1.15977	55.7065	10.2346	25.4817	6.03858
0.883193	54.8836	10.1057	25.5365	5.1705
0.614849	54.0929	9.98174	25.5891	4.33547
0.341328	53.28	9.85435	25.6443	3.4779
-0.00625768	52.5142	9.73431	25.6984	2.64148
-0.300818	51.7507	9.61466	25.7512	1.82556
-0.556587	50.9723	9.49265	25.8027	1.00739
-0.796668	50.1171	9.35862	25.8583	0.122425
-0.94702	49.311	9.23227	25.9089	0.699411
-1.06157	48.5011	9.10534	25.9591	13.4549
-1.13489	47.5921	8.96286	26.0152	12.5664
-1.15503	46.6795	8.81984	26.071	11.6689
-1.11977	45.8211	8.6853	26.1234	10.8173
-1.05033	44.9788	8.55329	26.175	9.97636
-0.922248	44.164	8.42557	26.2256	9.15193
-0.770145	43.2559	8.28325	26.2818	8.23145
-0.589435	42.4498	8.15691	26.3329	7.40572
-0.330856	41.6329	8.02887	26.386	6.55558
-0.0821931	40.861	7.90789	26.436	5.75347
0.172459	40.0483	7.78051	26.4894	4.91295
0.444025	39.1959	7.64692	26.5453	4.03606
0.751203	38.3432	7.51328	26.6017	3.16801
0.97709	37.556	7.3899	26.6529	2.38706
1.21402	36.6835	7.25314	26.709	1.56371
1.37462	35.861	7.12423	26.7606	0.894421
1.48115	35.0338	6.99458	26.8117	0.695752
1.55195	34.19	6.86234	26.8634	14.032
1.58647	33.3444	6.72981	26.915	13.2053
1.58201	32.5143	6.59971	26.9659	12.3889
1.51756	31.5992	6.45628	27.0223	11.4791
1.42935	30.7786	6.32767	27.073	10.6579
1.27449	29.9066	6.191	27.1278	9.77281
1.11293	29.0634	6.05885	27.1812	8.91457
0.933978	28.2769	5.93557	27.2313	8.10793
0.697952	27.4322	5.80318	27.286	7.23251
0.453846	26.6706	5.68382	27.3361	6.43742
0.203018	25.839	5.55347	27.3911	5.57344
-0.0575268	25.0445	5.42895	27.4437	4.7464
-0.359741	24.222	5.30005	27.4989	3.89052
-0.592718	23.3677	5.16615	27.5536	3.01835
-0.828458	22.5199	5.03328	27.6085	2.16361
-0.986404	21.6577	4.89814	27.6629	1.3145
-1.13122	20.8105	4.76535	27.7162	0.561949
-1.20866	19.9948	4.63752	27.7664	0.545718
-1.24633	19.1227	4.50082	27.8199	13.7386
-1.24139	18.2077	4.35741	27.8759	12.8337
-1.17836	17.3625	4.22494	27.9276	11.9895
-1.08669	16.5079	4.09101	27.9806	11.1317
-0.955336	15.6873	3.96239	28.0318	10.3006
-0.770476	14.8514	3.83138	28.0849	9.44557
-0.563812	14.0673	3.70848	28.1361	8.63828
-0.328166	13.2396	3.57875	28.1903	7.78443
-0.0805495	12.3854	3.44487	28.2455	6.90444
0.231109	11.6126	3.32376	28.2975	6.10189
0.465969	10.7891	3.19468	28.3508	5.26239
0.715008	10.0044	3.0717	28.4017	4.46793
0.93263	9.19087	2.94419	28.454	3.65596
1.15887	8.31809	2.8074	28.5095	2.80383
1.29556	7.46994	2.67447	28.5622	1.99514
1.41072	6.57943	2.5349	28.6174	1.20788
1.47123	5.7535	2.40545	28.6683	0.705178
1.49758	4.91315	2.27374	28.7196	0.936059
1.48766	4.02118	2.13394	28.7741	13.4982
1.43291	3.15062	1.9975	28.8271	12.6313
1.35676	2.26961	1.85942	28.881	11.7509
1.24562	1.37781	1.71964	28.9362	10.854
1.10973	0.546511	1.58935	28.988	10.012
0.979373	-0.350785	1.44872	29.044	9.10645
0.793862	-1.20016	1.31559	29.0978	8.23722
0.635121	-2.06956	1.17933	29.1526	7.35355
0.46362	-2.86605	1.05449	29.203	6.53891
0.317984	-3.70346	0.923248	29.2557	5.68918
0.139038	-4.59352	0.783747	29.3117	4.7813
0.00137384	-5.42083	0.654081	29.3631	3.94316
-0.154933	-6.27441	0.520299	29.4167	3.0757
-0.282554	-7.10309	0.390419	29.4685	2.23923
-0.380186	-8.0023	0.249484	29.5242	1.34652
-0.495404	-8.88968	0.110404	29.5791	0.496449
-0.575987	-9.71745	-0.0193343	29.6305	-1
-0.651471	-10.5374	-0.147839	29.6808	13.6409
-0.711576	-11.387	-0.281008	29.7331	12.8033
-0.769269	-12.2611	-0.418005	29.7871	11.9432
-0.808065	-13.1992	-0.565036	29.8443	11.0196
-0.844569	-14.0641	-0.700591	29.8974	10.1706
-0.865922	-14.9612	-0.841192	29.9523	9.29021
-0.884145	-15.8297	-0.977311	30.0054	8.44086
-0.902984	-16.6567	-1.10694	30.0563	7.63638
-0.913808	-17.5017	-1.23936	30.1082	6.81807
-0.920097	-18.3828	-1.37746	30.1622	5.97114
-0.923435	-19.2174	-1.50827	30.2135	5.17865
-0.923075	-20.108	-1.64786	30.2679	4.34876
-0.919011	-20.9506	-1.77992	30.3192	3.58873
-0.911793	-21.8381	-1.91902	30.373	2.83728
-0.900323	-22.7203	-2.05728	30.4269	2.1902
-0.885664	-23.554	-2.18795	30.4777	1.77215
-0.874457	-24.3794	-2.31732	30.5281	-1
-0.856907	-25.2724	-2.45728	30.583	13.6478
-0.839158	-26.1061	-2.58795	30.6338	12.814
-0.818208	-26.9321	-2.71741	30.6844	11.988
-0.794541	-27.8271	-2.85768	30.7388	11.093
-0.772941	-28.6948	-2.99369	30.7915	10.2252
-0.746838	-29.6136	-3.13768	30.8478	9.30665
-0.725484	-30.4703	-3.27196	30.9	8.45005
-0.707816	-31.3083	-3.40329	30.951	7.61235
-0.691391	-32.1675	-3.53796	31.0037	6.75342
-0.674782	-33.0586	-3.67762	31.0583	5.86283
-0.664097	-33.9862	-3.82301	31.1149	4.93574
-0.656455	-34.8534	-3.95893	31.168	4.06916
-0.654051	-35.7669	-4.1021	31.2238	3.15655
-0.656593	-36.7	-4.24834	31.281	2.22472
-0.662814	-37.5663	-4.38413	31.334	1.36064
-0.673792	-38.4623	-4.52455	31.389	0.474865
-0.685979	-39.3101	-4.65742	31.4411	-1
-0.701051	-40.168	-4.79188	31.4937	13.6535
-0.71857	-41.0346	-4.92771	31.5468	12.7946
-0.738235	-41.9181	-5.06619	31.6011	11.9203
-0.757901	-42.7916	-5.2031	31.6545	11.0574
-0.781238	-43.7243	-5.34928	31.7115	10.1385
-0.799801	-44.6233	-5.49017	31.7665	9.25478
-0.82027	-45.5016	-5.62783	31.8203	8.39502
-0.836198	-46.3936	-5.76764	31.8749	7.52518
-0.856205	-47.2442	-5.90096	31.9272	6.70235
-0.869044	-48.057	-6.02834	31.9774	5.92184
-0.879022	-48.9097	-6.16198	32.03	5.11263
-0.883667	-49.7669	-6.29634	32.0827	4.31398
-0.880953	-50.611	-6.42863	32.1345	3.55084
-0.867275	-51.4942	-6.56707	32.1887	2.796
-0.848767	-52.3524	-6.70157	32.2414	2.15415
-0.82014	-53.2355	-6.83998	32.295	1.6965
-0.786141	-54.0865	-6.97335	32.3469	-1
-0.740988	-54.971	-7.11198	32.4011	13.5871
-0.699693	-55.854	-7.25038	32.4552	12.7043
-0.650708	-56.6745	-7.37897	32.5054	11.8844
-0.593579	-57.5941	-7.5231	32.5616	10.9658
-0.548982	-58.46	-7.65882	32.6144	10.1011
-0.500721	-59.3753	-7.80227	32.6703	9.18755
-0.462351	-60.2096	-7.93303	32.7214	8.35522
-0.424258	-61.0431	-8.06367	32.7723	7.52428
-0.383996	-61.9503	-8.20586	32.8274	6.62074
-0.345203	-62.8382	-8.34502	32.8818	5.73784
-0.312986	-63.7006	-8.48019	32.9347	4.88169
-0.283476	-64.5284	-8.60993	32.9852	4.06255
-0.24952	-65.3833	-8.74392	33.0377	3.22203
-0.220724	-66.2797	-8.88441	33.0925	2.35074
-0.190271	-67.116	-9.01548	33.1437	1.56558
-0.155206	-67.9985	-9.1538	33.1977	0.853669
-0.129453	-68.9152	-9.29747	33.2538	-1
-0.0983309	-69.7944	-9.43528	33.3076	13.6122
-0.0745272	-70.6757	-9.57341	33.3619	12.7313
-0.0510316	-71.5228	-9.70618	33.4138	11.8846
-0.0233622	-72.4109	-9.84536	33.4682	10.997
-0.00159435	-73.2366	-9.97478	33.5191	10.1719
0.0216086	-74.095	-10.1093	33.5718	9.31456
0.0461804	-75.0162	-10.2537	33.628	8.39469
0.0654659	-75.8647	-10.3867	33.6801	7.54812
0.083816	-76.7876	-10.5313	33.7364	6.62813
0.105633	-77.6598	-10.668	33.7899	5.75916
0.122443	-78.5005	-10.7998	33.8417	4.92333
0.140039	-79.3171	-10.9278	33.892	4.11315
0.158409	-80.2144	-11.0684	33.9471	3.227
0.175358	-81.0348	-11.197	33.9978	2.42403
0.194423	-81.8974	-11.3322	34.0507	1.59868
0.21569	-82.7949	-11.4729	34.1055	0.824756
0.238667	-83.6391	-11.6052	34.1573	-1
0.266818	-84.4669	-11.7349	34.2081	13.7705
0.300665	-85.3186	-11.8684	34.2601	12.9243
0.334833	-86.2113	-12.0083	34.3148	12.0383
0.379591	-87.1014	-12.1478	34.3695	11.1571
0.417995	-87.9558	-12.2817	34.4217	10.3123
0.460077	-88.8559	-12.4228	34.4769	9.4247
0.516401	-89.7259	-12.5592	34.5302	8.57177
0.56609	-90.555	-12.6891	34.5804	7.76216
0.620185	-91.4563	-12.8304	34.6356	6.88773
0.676568	-92.328	-12.967	34.6888	6.05097
0.72325	-93.1413	-13.0945	34.7389	5.2792
0.766948	-94.0581	-13.2382	34.7949	4.4247
0.82324	-94.9428	-13.3768	34.8491	3.63571
0.869979	-95.8407	-13.5176	34.9042	2.88724
0.919934	-96.7633	-13.6621	34.9607	2.23852
0.957308	-97.6404	-13.7996	35.0145	1.84306
1.00108	-98.513	-13.9364	35.0681	-1
1.04184	-99.4075	-14.0766	35.1229	13.6099
1.07252	-100.284	-14.2139	35.1768	12.7346
1.11183	-101.115	-14.3443	35.2284	11.904
1.14439	-101.939	-14.4734	35.2791	11.0814
1.17114	-102.809	-14.6098	35.3325	10.2126
1.20188	-103.658	-14.7428	35.3846	9.36554
1.23591	-104.547	-14.8822	35.4393	8.47907
1.26483	-105.366	-15.0105	35.4894	7.66319
1.29241	-106.208	-15.1424	35.5414	6.82514
1.31721	-107.082	-15.2794	35.5951	5.9559
1.34349	-107.928	-15.4121	35.6475	5.11583
1.36784	-108.739	-15.539	35.6978	4.31426
1.39707	-109.565	-15.6686	35.7487	3.50112
1.42033	-110.413	-15.8014	35.8008	2.6756
1.44391	-111.246	-15.9321	35.8522	1.88237
1.46667	-112.109	-16.0673	35.9051	1.12515
1.49334	-112.968	-16.2019	35.958	0.694969
1.51497	-113.859	-16.3415	36.013	1.10562
1.53251	-114.708	-16.4747	36.0648	13.3317
1.54896	-115.531	-16.6036	36.1152	12.5259
1.56648	-116.402	-16.7401	36.1686	11.6749
1.57964	-117.307	-16.882	36.2241	10.7931
1.58636	-118.211	-17.0237	36.2793	9.91468
1.58292	-119.121	-17.1663	36.3351	9.03312
1.56924	-119.995	-17.3033	36.3882	8.18939
1.54264	-120.839	-17.4356	36.4396	7.37683
1.50655	-121.75	-17.5783	36.4955	6.507
1.45689	-122.661	-17.7211	36.5515	5.64422
1.41069	-123.53	-17.8574	36.605	4.83863
1.35846	-124.369	-17.9889	36.6571	4.08218
1.29352	-125.246	-18.1263	36.711	3.32876
1.24493	-126.133	-18.2653	36.7656	2.65996
1.18957	-127.026	-18.4052	36.8202	2.14768
1.148	-127.888	-18.5403	36.8735	-1
1.102	-128.79	-18.6818	36.9289	13.8663
1.05176	-129.671	-18.8198	36.9832	12.9847
1.0163	-130.546	-18.957	37.0368	12.109
0.980578	-131.378	-19.0873	37.0881	11.277
0.936763	-132.203	-19.2166	37.1391	10.4517
0.902969	-133.057	-19.3505	37.1915	9.59711
0.870985	-133.937	-19.4884	37.2454	8.71707
0.839323	-134.8	-19.6236	37.2984	7.85381
0.802962	-135.682	-19.7619	37.3525	6.9718
0.774849	-136.567	-19.9007	37.4067	6.08637
0.739348	-137.436	-20.0368	37.4599	5.21813
0.713268	-138.334	-20.1776	37.5151	4.32013
0.686882	-139.151	-20.3057	37.5655	3.50389
0.66153	-139.977	-20.4352	37.6163	2.67951
0.631884	-140.833	-20.5692	37.6691	1.82865
0.607853	-141.69	-20.7036	37.7219	0.982055
0.584592	-142.533	-20.8357	37.7736	0.246866
0.561595	-143.404	-20.9723	37.8271	-1
0.533685	-144.294	-21.1118	37.8818	13.2454
0.512235	-145.126	-21.2421	37.933	12.4161
0.49162	-146.008	-21.3804	37.987	11.5365
0.46988	-146.833	-21.5097	38.0379	10.7145
0.446225	-147.72	-21.6487	38.0927	9.83156
0.427592	-148.607	-21.7878	38.147	8.9496
0.410755	-149.441	-21.9184	38.1979	8.12224
0.393319	-150.276	-22.0493	38.2489	7.29454
0.371	-151.151	-22.1864	38.3021	6.42935
0.354674	-152.035	-22.325	38.3558	5.55846
0.336177	-152.895	-22.4597	38.4082	4.71638
0.316361	-153.758	-22.5951	38.4608	3.87833
0.300786	-154.644	-22.7338	38.5152	3.03533
0.282233	-155.52	-22.8712	38.569	2.2322
0.265335	-156.347	-23.0008	38.6194	1.5498
0.248427	-157.224	-23.1382	38.6731	1.07751
0.230534	-158.129	-23.2801	38.7285	-1
0.209827	-158.982	-23.4138	38.7804	13.3222
0.195622	-159.853	-23.5502	38.834	12.4535
0.187575	-160.777	-23.6951	38.8904	11.5306
0.189432	-161.661	-23.8336	38.9445	10.6482
0.199672	-162.498	-23.9648	38.9959	9.81216
0.220786	-163.329	-24.0951	39.047	8.98118
0.254358	-164.208	-24.2328	39.1009	8.10186
0.295811	-165.032	-24.362	39.1517	7.27673
0.339873	-165.907	-24.4991	39.2054	6.40129
0.409389	-166.821	-24.6424	39.2614	5.48439
0.458693	-167.666	-24.7749	39.3135	4.6377
0.508277	-168.582	-24.9184	39.3695	3.72109
0.559906	-169.412	-25.0485	39.4207	2.88908
0.601211	-170.23	-25.1767	39.4713	2.07106
0.637221	-171.038	-25.3033	39.5213	1.26382
0.662497	-171.894	-25.4375	39.5741	0.420545
0.682701	-172.799	-25.5793	39.63	-1
0.693336	-173.667	-25.7154	39.6837	13.5259
0.697587	-174.55	-25.8538	39.7382	12.6492
0.694179	-175.373	-25.9827	39.789	11.8324
0.685015	-176.273	-26.1239	39.844	10.9385
0.673478	-177.148	-26.261	39.8977	10.0707
0.657322	-178.019	-26.3975	39.9511	9.20719
0.640511	-178.904	-26.5361	40.0052	8.33236
0.625186	-179.76	-26.6703	40.0573	7.48773
0.60935	-180.646	-26.8092	40.1117	6.61668
0.597386	-181.506	-26.944	40.164	5.77635
0.588841	-182.386	-27.082	40.2175	4.92412
0.58087	-183.206	-27.2104	40.2676	4.14151
0.573941	-184.067	-27.3453	40.3202	3.33955
0.569576	-184.962	-27.4856	40.375	2.54825
0.564811	-185.858	-27.6261	40.4298	1.85225
0.562249	-186.736	-27.7638	40.4836	1.41269
0.560211	-187.625	-27.903	40.5379	-1
0.558654	-188.516	-28.0427	40.5925	13.4155
0.55821	-189.433	-28.1865	40.6484	12.4988
0.558191	-190.339	-28.3285	40.7038	11.593
0.558467	-191.233	-28.4685	40.7584	10.6996
0.559201	-192.139	-28.6105	40.8139	9.79361
0.560163	-192.977	-28.7419	40.8654	8.95582
0.561502	-193.806	-28.8718	40.9164	8.12713
0.562858	-194.672	-29.0075	40.9695	7.26147
0.564664	-195.512	-29.1392	41.021	6.42214
0.566375	-196.404	-29.279	41.0756	5.53045
0.568552	-197.312	-29.4213	41.1311	4.62379
0.570049	-198.163	-29.5546	41.1836	3.77396
0.571658	-199.021	-29.6891	41.2362	2.9177
0.573688	-199.886	-29.8247	41.2892	2.05635
0.575749	-200.709	-29.9537	41.3398	1.24122
0.578094	-201.534	-30.0829	41.3906	0.454199
0.580605	-202.423	-30.2223	41.4452	-1
0.583514	-203.257	-30.3531	41.4965	13.5622
0.587575	-204.115	-30.4876	41.5494	12.7093
0.591144	-204.998	-30.6259	41.6035	11.8327
0.594443	-205.846	-30.7589	41.6555	10.9913
0.598003	-206.692	-30.8914	41.7076	10.1534
0.601969	-207.571	-31.0291	41.7614	9.28464
0.604441	-208.448	-31.1666	41.8157	8.41874
0.606159	-209.321	-31.3035	41.8692	7.55933
0.607421	-210.157	-31.4345	41.9202	6.74016
0.607823	-210.984	-31.5641	41.9706	5.93439
0.607764	-211.828	-31.6964	42.0223	5.11801
0.607602	-212.702	-31.8334	42.0754	4.2843
0.607504	-213.552	-31.9666	42.1272	3.49272
0.607613	-214.398	-32.0991	42.1789	2.74031
0.607939	-215.261	-32.2345	42.2315	2.04818
0.608303	-216.132	-32.371	42.2848	1.53735
0.608729	-216.994	-32.5061	42.3377	-1
0.609348	-217.927	-32.6523	42.3946	13.642
0.609796	-218.774	-32.785	42.4466	12.7955
0.610307	-219.69	-32.9286	42.5025	11.8799
0.610709	-220.551	-33.0635	42.5549	11.019
0.61109	-221.422	-33.2001	42.6082	10.1478
0.611489	-222.356	-33.3464	42.6651	9.21413
0.611672	-223.201	-33.4789	42.717	8.36925
0.61178	-224.041	-33.6106	42.7688	7.52887
0.611788	-224.872	-33.7408	42.8199	6.69834
0.611765	-225.74	-33.8769	42.8731	5.8306
0.611741	-226.58	-34.0084	42.9247	4.99182
0.611772	-227.471	-34.1481	42.9791	4.10152
0.611816	-228.354	-34.2866	43.0337	3.21931
0.611843	-229.199	-34.419	43.0856	2.37655
0.611926	-230.111	-34.5619	43.1413	1.46924
0.612025	-230.961	-34.6951	43.1935	0.635624
0.612197	-231.849	-34.8343	43.2484	-1
0.612423	-232.686	-34.9655	43.2999	13.7735
0.612729	-233.555	-35.1018	43.3531	12.9091
0.613191	-234.368	-35.2291	43.4032	12.1021
0.61386	-235.233	-35.3647	43.4566	11.2434
0.615154	-236.134	-35.5059	43.5117	10.3501
0.616258	-236.951	-35.6339	43.5621	9.54204
0.617534	-237.821	-35.7704	43.6158	8.68195
0.619202	-238.645	-35.8994	43.6664	7.87119
0.621109	-239.524	-36.0373	43.7208	7.0081
0.622383	-240.42	-36.1776	43.7759	6.13442
0.623603	-241.28	-36.3125	43.8283	5.30157
0.624384	-242.157	-36.4499	43.8824	4.46322
0.624785	-242.978	-36.5785	43.9325	3.69488
0.624588	-243.862	-36.7171	43.9861	2.89948
0.624054	-244.765	-36.8587	44.0413	2.15826
0.623109	-245.636	-36.9952	44.0945	1.60885
0.622008	-246.46	-37.1244	44.1448	-1
0.6208	-247.317	-37.2586	44.1974	13.8905
0.619254	-248.156	-37.3901	44.2489	13.0517
0.617143	-249.058	-37.5316	44.3041	12.149
0.614608	-249.942	-37.67	44.3582	11.2657
0.610663	-250.803	-37.8051	44.4107	10.4043
0.604402	-251.645	-37.9369	44.4619	9.5633
0.598174	-252.553	-38.0792	44.5174	8.6558
0.591293	-253.398	-38.2117	44.5688	7.81128
0.584115	-254.257	-38.3463	44.6215	6.95269
0.579089	-255.093	-38.4774	44.6729	6.11698
0.574976	-255.919	-38.6069	44.7237	5.29161
0.572158	-256.82	-38.748	44.7787	4.39236
0.570602	-257.635	-38.8758	44.8289	3.57828
0.572567	-258.492	-39.0101	44.8817	2.72384
0.577629	-259.377	-39.1488	44.9358	1.84233
0.5858	-260.223	-39.2814	44.9876	1.00604
0.596064	-261.066	-39.4136	45.0396	0.247168
0.614527	-261.906	-39.5452	45.0911	-1
0.632943	-262.809	-39.6867	45.1469	13.2939
0.653209	-263.623	-39.8142	45.1971	12.4875
0.6786	-264.497	-39.9513	45.2508	11.6225
0.706048	-265.386	-40.0907	45.3056	10.745
0.72864	-266.284	-40.2314	45.3606	9.85997
0.752824	-267.191	-40.3735	45.4162	8.96951
0.776725	-268.088	-40.514	45.4715	8.09259
0.795938	-268.966	-40.6517	45.5255	7.23766
0.812241	-269.856	-40.7912	45.5806	6.37629
0.829661	-270.72	-40.9267	45.6339	5.54954
0.844491	-271.555	-41.0575	45.6852	4.76273
0.856532	-272.38	-41.1867	45.7359	4.00436
0.868073	-273.267	-41.3258	45.7907	3.22354
0.880943	-274.087	-41.4543	45.8413	2.56551
0.891692	-274.921	-41.5851	45.8926	2.01998
0.902153	-275.865	-41.733	45.9502	1.70968
0.913602	-276.686	-41.8616	46.0005	-1
0.927511	-277.559	-41.9984	46.054	13.2862
0.938737	-278.417	-42.133	46.1066	12.4278
0.949747	-279.3	-42.2714	46.1606	11.5447
0.960257	-280.184	-42.4099	46.2148	10.6615
0.968113	-281.013	-42.5399	46.2653	9.83252
0.973642	-281.838	-42.6692	46.3156	9.00778
0.976054	-282.658	-42.7977	46.3659	8.18802
0.975437	-283.562	-42.9394	46.4212	7.28391
0.971405	-284.455	-43.0793	46.4758	6.39179
0.965482	-285.292	-43.2105	46.5272	5.55468
0.956536	-286.127	-43.3414	46.5787	4.71961
0.945281	-286.988	-43.4763	46.6315	3.85894
0.928552	-287.829	-43.6081	46.6832	3.01794
0.91205	-288.69	-43.7431	46.7365	2.15669
0.89549	-289.574	-43.8816	46.7905	1.27406
0.875139	-290.4	-44.0111	46.8415	0.450373
0.857417	-291.255	-44.1452	46.894	0.415183
0.840702	-292.097	-44.2771	46.9457	13.6651
0.825361	-292.984	-44.4161	47.0004	12.7831
0.808998	-293.882	-44.5568	47.0557	11.891
0.796994	-294.703	-44.6856	47.1064	11.0757
0.784897	-295.531	-44.8153	47.1573	10.2557
0.77375	-296.397	-44.951	47.2106	9.39881
0.762389	-297.262	-45.0867	47.2636	8.54487
0.754416	-298.087	-45.2159	47.3145	7.73423
0.747209	-298.932	-45.3483	47.3664	6.90667
0.74035	-299.76	-45.4781	47.4173	6.10115
0.734393	-300.625	-45.6136	47.4709	5.26703
0.728081	-301.492	-45.7496	47.5244	4.44201
0.723959	-302.306	-45.8771	47.5745	3.68719
0.720391	-303.208	-46.0185	47.63	2.88802
0.717097	-304.024	-46.1464	47.6806	2.23341
0.71453	-304.951	-46.2917	47.7371	1.67375
0.712954	-305.875	-46.4365	47.7935	-1
0.712245	-306.774	-46.5773	47.8484	13.709
0.712021	-307.596	-46.7063	47.8987	12.8865
0.712212	-308.458	-46.8413	47.9516	12.025
0.712361	-309.305	-46.9741	48.0036	11.1774
0.7123	-310.215	-47.1168	48.0592	10.2675
0.712055	-311.092	-47.2542	48.1131	9.39061
0.711697	-311.921	-47.3841	48.1639	8.5621
0.711083	-312.775	-47.518	48.2161	7.70754
0.710252	-313.642	-47.6538	48.2693	6.84129
0.709427	-314.471	-47.7838	48.3199	6.01182
0.708409	-315.335	-47.9192	48.373	5.14806
0.707254	-316.169	-48.0499	48.4243	4.31426
0.705871	-316.993	-48.179	48.4755	3.49105
0.70426	-317.864	-48.3155	48.5288	2.6204
0.702554	-318.683	-48.4439	48.5791	1.80244
0.700994	-319.529	-48.5765	48.6311	0.958678
0.699816	-320.409	-48.7144	48.6849	0.124192
0.699481	-321.25	-48.8463	48.7366	-1
0.699778	-322.096	-48.9789	48.7886	13.2901
0.70022	-322.927	-49.1091	48.8399	12.4649
0.700598	-323.829	-49.2505	48.8955	11.57
0.700509	-324.704	-49.3877	48.9497	10.7028
0.700142	-325.547	-49.5198	49.0015	9.86898
0.699513	-326.361	-49.6472	49.0516	9.06585
0.698593	-327.202	-49.7792	49.1033	8.2366
0.697871	-328.047	-49.9116	49.1554	7.4073
0.697172	-328.908	-50.0465	49.2083	6.56636
0.696442	-329.82	-50.1895	49.2645	5.68175
0.695837	-330.677	-50.3238	49.3174	4.8603
0.695077	-331.558	-50.4618	49.3717	4.03098
0.6943	-332.438	-50.5998	49.426	3.22997
0.693498	-333.274	-50.7308	49.4777	2.51799
0.692677	-334.092	-50.859	49.528	1.92137
0.691561	-334.99	-50.9998	49.5832	1.52371
0.690688	-335.836	-51.1323	49.6351	-1
0.689783	-336.698	-51.2674	49.6879	13.4233
0.688885	-337.602	-51.4091	49.744	12.519
0.688335	-338.437	-51.54	49.7956	11.6843
0.687946	-339.306	-51.6762	49.8494	10.8154
0.687738	-340.128	-51.805	49.8999	9.99318
0.687622	-340.986	-51.9396	49.9525	9.13488
0.68759	-341.822	-52.0706	50.0036	8.29904
0.687559	-342.718	-52.211	50.0584	7.40295
0.68751	-343.636	-52.3548	50.1145	6.48575
0.687436	-344.496	-52.4897	50.1668	5.62539
0.687326	-345.399	-52.6312	50.2219	4.72296
0.687243	-346.244	-52.7636	50.2734	3.87829
0.68716	-347.106	-52.8987	50.3265	3.01655
0.68711	-347.951	-53.0311	50.3783	2.17289
0.687128	-348.839	-53.1702	50.4326	1.28703
0.687137	-349.711	-53.3071	50.4862	0.424401
0.687191	-350.568	-53.4413	50.5387	-1
0.687168	-351.485	-53.585	50.5948	13.537
0.687145	-352.358	-53.7218	50.6483	12.6699
0.687163	-353.194	-53.8529	50.6997	11.8398
0.687173	-354.079	-53.9916	50.7539	10.9622
0.687095	-354.895	-54.1195	50.8041	10.154
0.6871	-355.774	-54.2572	50.8582	9.28578
0.687075	-356.682	-54.3996	50.9143	8.39034
0.687043	-357.529	-54.5323	50.9663	7.55873
0.687045	-358.382	-54.666	51.0188	6.72462
0.68707	-359.223	-54.7978	51.0706	5.90698
0.687041	-360.07	-54.9305	51.1227	5.09223
0.687025	-360.916	-55.0631	51.1748	4.28998
0.687016	-361.806	-55.2027	51.2293	3.46839
0.686997	-362.69	-55.3413	51.2838	2.69651
0.686961	-363.572	-55.4794	51.3381	2.02048
0.686971	-364.417	-55.6118	51.3901	1.57631
0.687008	-365.234	-55.7399	51.4406	-1
0.687031	-366.063	-55.8699	51.4917	13.6963
0.687063	-366.912	-56.0029	51.5437	12.8478
0.686997	-367.739	-56.1326	51.5946	12.0202
0.686888	-368.564	-56.2618	51.6453	11.1954
0.686853	-369.4	-56.3929	51.6967	10.3595
0.686793	-370.271	-56.5293	51.7505	9.48893
0.686676	-371.119	-56.6623	51.8029	8.64067
0.686646	-371.963	-56.7945	51.8547	7.79691
0.686694	-372.882	-56.9387	51.9108	6.87734
0.686692	-373.805	-57.0832	51.9671	5.95521
0.686663	-374.637	-57.2137	52.0181	5.12308
0.686657	-375.481	-57.3459	52.0695	4.27946
0.68666	-376.385	-57.4876	52.1247	3.37577
0.686646	-377.222	-57.6189	52.1758	2.53912
0.686611	-378.073	-57.7522	52.2282	1.69
0.686548	-378.898	-57.8815	52.279	0.868163
0.686478	-379.794	-58.022	52.3337	-1
0.686443	-380.65	-58.1562	52.3861	14.0065
0.686408	-381.534	-58.2946	52.4408	13.1286
0.686368	-382.377	-58.4268	52.4924	12.2909
0.686367	-383.258	-58.5649	52.5465	11.4167
0.686387	-384.129	-58.7013	52.5999	10.5543
0.686385	-384.972	-58.8335	52.6519	9.71994
0.686325	-385.781	-58.9604	52.702	8.92105
0.686296	-386.679	-59.1011	52.7575	8.03712
0.686241	-387.505	-59.2306	52.8084	7.22678
0.686052	-388.326	-59.3591	52.8589	6.42623
0.685949	-389.186	-59.494	52.9116	5.5928
0.685872	-390.039	-59.6276	52.9641	4.77619
0.685855	-390.862	-59.7567	53.0148	4.00157
0.685882	-391.686	-59.8857	53.0657	3.25157
0.685877	-392.541	-60.0199	53.1185	2.52082
0.685858	-393.403	-60.1549	53.172	1.89411
