x	y	z	t
0.474965	449.987	73.6115	0.0505654
0.457672	449.152	73.4301	0.102194
0.439743	448.305	73.2522	0.155109
0.415597	447.41	73.0599	0.211117
0.392641	446.583	72.892	0.262717
0.367151	445.721	72.7254	0.317098
0.336925	444.88	72.5712	0.370434
0.295693	444.044	72.425	0.423509
0.252098	443.208	72.2914	0.47718
0.189201	442.348	72.1642	0.532705
0.13234	441.514	72.0447	0.586154
0.0671793	440.73	71.9336	0.636479
-0.0324742	439.905	71.8142	0.690621
-0.0928209	439.121	71.6959	0.74185
-0.176493	438.308	71.5602	0.795534
-0.304798	437.517	71.4132	0.848696
-0.401119	436.743	71.2567	0.900725
-0.475575	435.911	71.0727	0.955438
-0.555922	435.126	70.9065	1.00696
-0.640631	434.283	70.7311	1.06205
-0.682692	433.429	70.5734	1.11713
-0.704703	432.617	70.4366	1.16945
-0.684524	431.784	70.3119	1.22248
-0.647933	430.93	70.1982	1.27688
-0.572091	430.126	70.1056	1.32817
-0.481412	429.344	70.0219	1.37894
-0.403996	428.467	69.9332	1.43536
-0.309253	427.702	69.8503	1.48549
-0.174035	426.865	69.756	1.54201
-0.051704	426.107	69.6595	1.59341
0.0793584	425.302	69.5429	1.6477
0.20658	424.575	69.4233	1.69794
0.380456	423.816	69.2824	1.75074
0.46273	423.04	69.1178	1.80305
0.62592	422.239	68.9446	1.85801
0.715308	421.429	68.7577	1.91182
0.816137	420.56	68.5782	1.96845
0.864859	419.714	68.4111	2.02295
0.914794	418.829	68.2579	2.07973
0.919299	418.014	68.1292	2.13175
0.905063	417.16	68.0062	2.18653
0.859411	416.312	67.8922	2.24125
0.809737	415.457	67.7893	2.29644
0.705245	414.654	67.6946	2.34903
0.639447	413.858	67.6072	2.40146
0.538328	413.049	67.5083	2.45533
0.389322	412.275	67.4088	2.50863
0.291624	411.485	67.3008	2.5631
0.181748	410.718	67.1779	2.61678
0.0382828	409.954	67.037	2.67176
-0.100886	409.162	66.8822	2.72822
-0.2563	408.373	66.7136	2.7846
-0.419525	407.597	66.5563	2.83838
-0.508542	406.829	66.402	2.89007
-0.592418	406.041	66.2452	2.94239
-0.657172	405.198	66.095	2.99679
-0.699003	404.39	65.9682	3.04854
-0.705095	403.536	65.8531	3.10237
-0.687262	402.688	65.7496	3.15597
-0.625043	401.857	65.6562	3.20883
-0.57208	401.018	65.5757	3.26252
-0.511061	400.204	65.4879	3.31533
-0.414469	399.435	65.402	3.36677
-0.296976	398.704	65.3157	3.41718
-0.163921	397.981	65.2212	3.46826
-1.07624e-005	397.24	65.1099	3.52223
0.131574	396.524	64.9843	3.57402
0.271498	395.811	64.8423	3.62562
0.390457	395.07	64.6841	3.67754
0.563536	394.319	64.5182	3.72984
0.660911	393.471	64.326	3.78748
0.749711	392.708	64.1626	3.83838
0.836001	391.863	63.9925	3.89359
0.873596	391.051	63.8507	3.94586
0.880925	390.181	63.7169	4.00141
0.86104	389.328	63.604	4.05575
0.790661	388.466	63.4994	4.11048
0.725649	387.567	63.4082	4.16727
0.604893	386.75	63.323	4.21975
0.522308	385.935	63.2401	4.27388
0.401237	385.19	63.1522	4.32402
0.272776	384.394	63.0487	4.37898
0.1218	383.647	62.9432	4.43274
0.000299066	382.876	62.8191	4.48747
-0.168446	382.099	62.676	4.54371
-0.29697	381.366	62.5299	4.59552
-0.421418	380.6	62.3724	4.64817
-0.585356	379.821	62.2106	4.70159
-0.657251	379.005	62.0363	4.75524
-0.7365	378.198	61.8849	4.80759
-0.798102	377.334	61.7361	4.86268
-0.827588	376.531	61.6156	4.91324
-0.819104	375.733	61.5056	4.96341
-0.789473	374.919	61.4017	5.01523
-0.737009	374.097	61.3066	5.0673
-0.657796	373.294	61.2141	5.11851
-0.539666	372.484	61.1216	5.17101
-0.453985	371.608	61.0235	5.22767
-0.290479	370.838	60.931	5.27983
-0.202915	370.019	60.827	5.33461
-0.0721363	369.28	60.7217	5.38648
0.10402	368.551	60.6037	5.43838
0.224785	367.836	60.4749	5.4886
0.353944	367.107	60.3319	5.53938
0.450991	366.345	60.1775	5.59092
0.550067	365.486	60.0019	5.64785
0.66363	364.611	59.8316	5.70443
0.737738	363.77	59.6826	5.75739
0.791843	362.88	59.5355	5.81333
0.811163	362.078	59.4159	5.86374
0.80593	361.183	59.2904	5.91972
0.782394	360.351	59.1806	5.97236
0.747201	359.5	59.0769	6.02652
0.671004	358.625	58.9667	6.0824
0.604743	357.742	58.8597	6.13872
0.51902	356.941	58.7579	6.19001
0.406188	356.118	58.6514	6.24347
0.317345	355.301	58.5371	6.29705
0.197511	354.535	58.4251	6.34793
0.0247621	353.752	58.3015	6.4016
-0.0791976	352.929	58.1593	6.45717
-0.194413	352.183	58.0212	6.50862
-0.356964	351.369	57.8623	6.56519
-0.468072	350.618	57.7121	6.6165
-0.615825	349.827	57.5564	6.66985
-0.690845	349.019	57.3966	6.72316
-0.757587	348.187	57.2454	6.77705
-0.802023	347.373	57.106	6.82916
-0.833462	346.523	56.9724	6.88305
-0.831956	345.729	56.8644	6.9333
-0.799002	344.844	56.75	6.98909
-0.755987	344.031	56.6559	7.03982
-0.696977	343.175	56.569	7.09345
-0.607775	342.374	56.4827	7.14484
-0.521224	341.556	56.3903	7.19785
-0.392808	340.715	56.2927	7.25327
-0.281259	339.956	56.1898	7.30492
-0.0752342	339.152	56.0648	7.36136
0.0299222	338.351	55.9169	7.41618
0.153561	337.608	55.7651	7.46763
0.355322	336.837	55.5983	7.52255
0.459685	336.079	55.4189	7.57323
0.58276	335.309	55.251	7.62383
0.680444	334.526	55.0903	7.67481
0.757815	333.671	54.9331	7.72913
0.810794	332.841	54.7913	7.78095
0.820499	331.946	54.6506	7.83662
0.80251	331.018	54.5191	7.89426
0.76896	330.156	54.4041	7.94795
0.697123	329.326	54.2989	8.0001
0.621773	328.491	54.1942	8.05293
0.556123	327.633	54.0879	8.10729
0.456879	326.758	53.974	8.16366
0.362062	325.89	53.8529	8.2201
0.210979	325.119	53.7441	8.27163
0.137515	324.316	53.6243	8.3259
0.0285038	323.546	53.5002	8.37762
-0.0793333	322.796	53.3702	8.42857
-0.264378	322.038	53.2307	8.48129
-0.379543	321.262	53.083	8.53278
-0.49093	320.413	52.9143	8.58753
-0.608818	319.623	52.7621	8.63839
-0.726816	318.791	52.6086	8.69069
-0.800603	317.91	52.4582	8.74499
-0.843013	317.084	52.333	8.79625
-0.861204	316.253	52.2172	8.84776
-0.844503	315.428	52.1128	8.89936
-0.791555	314.55	52.0156	8.9547
-0.690472	313.682	51.9149	9.01061
-0.602805	312.877	51.8228	9.0632
-0.483429	312.124	51.7374	9.11358
-0.377879	311.353	51.6483	9.16558
-0.272985	310.562	51.5349	9.21803
-0.0805776	309.782	51.4072	9.27152
0.044873	309.025	51.268	9.32275
0.156787	308.214	51.0968	9.37699
0.288588	307.449	50.935	9.42827
0.429732	306.61	50.76	9.48367
0.529186	305.756	50.5779	9.53905
0.632793	304.946	50.4173	9.59042
0.689682	304.076	50.2504	9.64518
0.725357	303.24	50.1052	9.69692
0.736288	302.337	49.9605	9.7527
0.713109	301.463	49.8333	9.80693
0.659651	300.658	49.7265	9.85708
0.562573	299.78	49.6157	9.91236
0.473168	298.953	49.5222	9.96548
0.373648	298.135	49.4206	10.0187
0.232278	297.276	49.3103	10.0756
0.0922812	296.5	49.1989	10.1284
-0.0531215	295.769	49.0873	10.1785
-0.194245	295.012	48.9659	10.2299
-0.335098	294.254	48.8401	10.2809
-0.477485	293.455	48.6967	10.3351
-0.591786	292.69	48.5566	10.3851
-0.701641	291.875	48.4036	10.4384
-0.804015	291.092	48.2569	10.4893
-0.896674	290.275	48.1091	10.5416
-0.946882	289.426	47.9628	10.5951
-0.962898	288.609	47.8332	10.6465
-0.95496	287.771	47.7125	10.699
-0.926823	286.925	47.6033	10.7522
-0.869909	286.09	47.5144	10.8043
-0.828424	285.253	47.4271	10.8569
-0.762199	284.445	47.3424	10.9074
-0.631689	283.575	47.2466	10.9631
-0.527483	282.716	47.1551	11.0189
-0.379204	281.925	47.0601	11.0709
-0.29297	281.077	46.9508	11.1268
-0.17466	280.298	46.8381	11.1789
-0.000284057	279.514	46.7137	11.232
0.0884687	278.7	46.5641	11.2856
0.215998	277.922	46.4057	11.3382
0.367498	277.106	46.2318	11.392
0.467956	276.25	46.0387	11.4482
0.589764	275.385	45.8578	11.5041
0.676482	274.598	45.695	11.5541
0.73577	273.794	45.5388	11.6045
0.773711	272.983	45.3943	11.6551
0.797658	272.159	45.2663	11.7065
0.796892	271.337	45.151	11.7581
0.764531	270.437	45.0349	11.8151
0.724217	269.557	44.9237	11.8701
0.643932	268.735	44.8242	11.9219
0.567818	267.908	44.7244	11.9746
0.485511	267.089	44.6305	12.0273
0.388409	266.309	44.5335	12.0775
0.293132	265.496	44.4273	12.1307
0.184189	264.638	44.3098	12.1868
0.0772738	263.855	44.1911	12.238
-0.0277801	263.089	44.0639	12.2883
-0.142726	262.31	43.9227	12.3395
-0.247612	261.542	43.7724	12.3897
-0.40273	260.705	43.6032	12.4446
-0.502952	259.902	43.4301	12.4961
-0.597232	259.041	43.2633	12.5502
-0.706583	258.213	43.1108	12.6024
-0.760647	257.353	42.9615	12.656
-0.792635	256.478	42.8227	12.7098
-0.794131	255.646	42.7009	12.7609
-0.758146	254.792	42.5836	12.8135
-0.705214	253.934	42.4783	12.866
-0.643889	253.117	42.3772	12.9161
-0.534351	252.216	42.2621	12.972
-0.446904	251.354	42.1548	13.0256
-0.273304	250.476	42.035	13.0823
-0.169886	249.648	41.9212	13.1353
-0.0428885	248.815	41.7969	13.1897
0.129393	247.983	41.6631	13.2445
0.26491	247.223	41.5285	13.2962
0.373989	246.404	41.3776	13.35
0.507761	245.659	41.2333	13.4003
0.671515	244.826	41.0669	13.4561
0.785604	244.03	40.9149	13.5073
0.890521	243.232	40.7679	13.5581
0.983821	242.316	40.6072	13.6155
1.01789	241.474	40.4707	13.6672
1.03327	240.627	40.3412	13.7192
1.02731	239.812	40.225	13.7695
0.999925	238.987	40.1141	13.8203
0.944375	238.098	40.0031	13.8756
0.884616	237.236	39.8944	13.9288
0.817236	236.371	39.7854	13.9823
0.726131	235.473	39.6767	14.0387
0.598812	234.584	39.5653	14.0949
0.50895	233.708	39.4599	14.1513
0.365844	232.918	39.3585	14.2028
0.287234	232.09	39.2436	14.2575
0.172354	231.297	39.1143	14.3101
0.0136072	230.474	38.9592	14.3663
-0.0973563	229.717	38.8059	14.4163
-0.230622	228.926	38.6413	14.4686
-0.377634	228.061	38.4662	14.5246
-0.458518	227.267	38.2996	14.5755
-0.511961	226.41	38.1427	14.629
-0.544943	225.534	37.9922	14.683
-0.540167	224.674	37.852	14.7356
-0.519778	223.805	37.7186	14.7885
-0.475776	222.968	37.5953	14.8397
-0.40483	222.045	37.4662	14.8962
-0.284666	221.153	37.3383	14.952
-0.196667	220.31	37.2161	15.005
-0.117151	219.521	37.102	15.0558
0.00966391	218.675	36.9756	15.1105
0.1791	217.858	36.8506	15.1648
0.281529	217.099	36.7319	15.216
0.406411	216.282	36.596	15.2702
0.552381	215.497	36.4598	15.3218
0.629929	214.619	36.2967	15.3779
0.757621	213.754	36.1393	15.4329
0.840434	212.936	35.994	15.4837
0.891981	212.101	35.8506	15.535
0.923094	211.243	35.7097	15.5871
0.931742	210.384	35.577	15.6395
0.9238	209.56	35.4571	15.6898
0.896987	208.745	35.3446	15.7399
0.857431	207.902	35.233	15.7918
0.785307	207.021	35.1264	15.8466
0.70778	206.18	35.0219	15.9002
0.584366	205.328	34.916	15.9544
0.526375	204.456	34.8081	16.01
0.357689	203.612	34.6924	16.0657
0.263944	202.846	34.5802	16.1165
0.163822	202.079	34.454	16.1668
0.0253362	201.275	34.309	16.2213
-0.147325	200.433	34.1423	16.277
-0.270831	199.588	33.9779	16.3314
-0.425334	198.797	33.825	16.3826
-0.514493	197.939	33.6632	16.4365
-0.586741	197.067	33.514	16.4903
-0.633913	196.214	33.3793	16.5425
-0.644618	195.269	33.2489	16.5994
-0.617813	194.371	33.1336	16.6536
-0.581283	193.494	33.0361	16.7067
-0.520447	192.595	32.9305	16.7618
-0.39859	191.772	32.8344	16.8135
-0.287068	190.972	32.7389	16.8651
-0.150758	190.206	32.6474	16.9159
-0.0588787	189.424	32.548	16.9672
0.0759572	188.608	32.4233	17.0214
0.209603	187.865	32.2954	17.0718
0.387363	187.057	32.1352	17.1271
0.525643	186.293	31.9763	17.1782
0.631604	185.479	31.8041	17.2304
0.73965	184.67	31.6356	17.2818
0.8426	183.793	31.4575	17.3369
0.908058	182.894	31.2945	17.3923
0.95241	181.964	31.1384	17.4493
0.958954	181.068	31.0036	17.504
0.94257	180.222	30.8882	17.5559
0.915265	179.361	30.7858	17.609
0.833992	178.47	30.6788	17.6649
0.742187	177.659	30.5848	17.7162
0.681199	176.809	30.4895	17.7706
0.535845	175.999	30.3909	17.8244
0.4736	175.168	30.2885	17.879
0.32016	174.348	30.1736	17.9342
0.231937	173.546	30.0478	17.9881
0.0984902	172.755	29.9078	18.0412
-0.0506544	171.888	29.7367	18.098
-0.204857	171.036	29.5631	18.1529
-0.295882	170.155	29.3768	18.2084
-0.394773	169.315	29.2118	18.2605
-0.458938	168.487	29.0602	18.312
-0.501143	167.579	28.9098	18.3682
-0.510921	166.692	28.7793	18.4221
-0.494474	165.856	28.6665	18.4732
-0.461286	164.962	28.5643	18.5274
-0.381055	164.031	28.46	18.5836
-0.322559	163.125	28.3714	18.6386
-0.222764	162.219	28.2692	18.6948
-0.074809	161.405	28.1745	18.7468
0.0199484	160.589	28.0725	18.7991
0.100555	159.8	27.954	18.8496
0.269977	158.983	27.8142	18.9034
0.349779	158.131	27.6436	18.9591
0.466299	157.36	27.4768	19.0105
0.578905	156.558	27.2987	19.0628
0.67207	155.771	27.1224	19.1131
0.756252	154.961	26.9475	19.164
0.853482	154.12	26.7753	19.2165
0.905568	153.257	26.609	19.2699
0.945912	152.391	26.4636	19.3237
0.950911	151.564	26.3395	19.3745
0.934341	150.744	26.2299	19.425
0.905256	149.832	26.1229	19.4814
0.853396	149.015	26.0316	19.5324
0.780419	148.213	25.9442	19.5827
0.69373	147.428	25.8573	19.6328
0.546618	146.634	25.7636	19.6846
0.456261	145.797	25.6608	19.7393
0.284655	144.98	25.5482	19.7946
0.195888	144.189	25.4263	19.8484
0.0926107	143.426	25.2948	19.8994
-0.0665159	142.611	25.1437	19.9549
-0.178826	141.845	24.9914	20.006
-0.281352	141.044	24.8247	20.0578
-0.392771	140.197	24.6615	20.1119
-0.515038	139.33	24.5041	20.1668
-0.573321	138.425	24.3495	20.2232
-0.623144	137.598	24.2199	20.2744
-0.630738	136.671	24.0889	20.3311
-0.612826	135.778	23.968	20.3851
-0.580929	134.894	23.8597	20.4385
-0.523682	134.066	23.7564	20.4887
-0.454377	133.235	23.65	20.5391
-0.372408	132.372	23.5297	20.5924
-0.259229	131.477	23.3988	20.6478
-0.160845	130.622	23.2672	20.7013
-0.0491292	129.818	23.1424	20.7523
0.121652	129.003	23.013	20.8056
0.215392	128.131	22.8667	20.8612
0.36725	127.287	22.7189	20.9173
0.431721	126.505	22.5649	20.9683
0.545282	125.676	22.4074	21.0215
0.6513	124.884	22.254	21.0724
0.744099	124.096	22.1012	21.1226
0.816837	123.291	21.9483	21.1731
0.871635	122.41	21.7942	21.2276
0.888395	121.532	21.662	21.2815
0.867249	120.622	21.5407	21.3375
0.837975	119.706	21.4379	21.3938
0.7598	118.874	21.347	21.4452
0.691759	118.035	21.2636	21.4977
0.601001	117.251	21.1762	21.548
0.508664	116.477	21.0841	21.5981
0.443595	115.68	20.9802	21.6494
0.301892	114.865	20.861	21.7044
0.186755	114.087	20.7341	21.7576
0.106562	113.279	20.5829	21.8128
-0.0606193	112.503	20.4303	21.8653
-0.175685	111.668	20.2529	21.9212
-0.344872	110.827	20.086	21.9766
-0.443068	109.949	19.9189	22.0323
-0.554342	109.121	19.7748	22.0847
-0.617041	108.319	19.6409	22.1349
-0.645567	107.459	19.5156	22.1881
-0.645942	106.614	19.402	22.2402
-0.620275	105.781	19.2993	22.2911
-0.551763	104.884	19.1938	22.3457
-0.474517	104.053	19.0998	22.3968
-0.3925	103.142	18.9971	22.4525
-0.277294	102.309	18.8954	22.5044
-0.1324	101.49	18.7893	22.5573
-0.0341331	100.587	18.6606	22.6143
0.0917643	99.721	18.52	22.6702
0.234663	98.9445	18.3775	22.7226
0.393659	98.1103	18.2032	22.7796
0.508192	97.3173	18.029	22.8321
0.65695	96.4859	17.8437	22.8872
0.731567	95.6945	17.657	22.9384
0.805951	94.8699	17.4857	22.9905
0.879584	93.9746	17.3181	23.0466
0.9081	93.1671	17.1815	23.0968
0.908038	92.281	17.0517	23.1522
0.876047	91.4348	16.9415	23.2054
0.827673	90.5676	16.8463	23.2603
0.726917	89.6862	16.7493	23.3165
0.651955	88.8385	16.6665	23.3708
0.549977	88.0398	16.5781	23.4226
0.449571	87.2517	16.4858	23.4743
0.317203	86.4398	16.3876	23.53
0.213679	85.6837	16.2805	23.5809
0.0318849	84.9107	16.1575	23.6348
-0.109716	84.1705	16.0255	23.6869
-0.19293	83.3992	15.8684	23.7411
-0.41323	82.6367	15.7059	23.7959
-0.527711	81.8008	15.5137	23.8519
-0.6676	81.0046	15.3413	23.9049
-0.753194	80.2038	15.1791	23.9551
-0.808802	79.3586	15.0203	24.0074
-0.835809	78.4444	14.8711	24.0631
-0.826814	77.5334	14.7514	24.1184
-0.797272	76.6734	14.6677	24.1709
-0.758042	75.8457	14.5877	24.2214
-0.699711	75.0037	14.5059	24.2732
-0.618437	74.1345	14.417	24.3276
-0.520644	73.3436	14.3445	24.3782
-0.444188	72.4713	14.2634	24.4334
-0.304872	71.653	14.1772	24.4861
-0.133363	70.8305	14.0885	24.5412
0.0785399	69.9925	13.976	24.5978
0.184638	69.1686	13.8464	24.6521
0.343074	68.4121	13.7083	24.7034
0.530197	67.6484	13.5511	24.7553
0.672823	66.852	13.3799	24.8079
0.783919	66.0543	13.1935	24.8592
0.937097	65.2236	13.0177	24.9122
1.02639	64.4023	12.8515	24.9633
1.10013	63.5712	12.6972	25.0143
1.15182	62.7192	12.5505	25.0661
1.18051	61.8925	12.4152	25.1166
1.18284	61.0248	12.2829	25.1695
1.16666	60.1551	12.1565	25.2228
1.12024	59.2254	12.0284	25.2794
1.06261	58.4095	11.9164	25.3296
0.984079	57.6004	11.8054	25.3803
0.902488	56.7789	11.6924	25.4316
0.82345	55.9948	11.5835	25.4817
0.683142	55.1639	11.4635	25.5365
0.598798	54.3646	11.3438	25.5891
0.486949	53.5472	11.2096	25.6443
0.303443	52.779	11.0734	25.6984
0.188129	52.0177	10.9268	25.7512
0.0481593	51.2433	10.7795	25.8027
-0.106063	50.3981	10.6196	25.8583
-0.195206	49.603	10.469	25.9089
-0.262768	48.8031	10.3207	25.9591
-0.316207	47.898	10.172	26.0152
-0.338719	46.9836	10.0392	26.071
-0.332291	46.1196	9.92582	26.1234
-0.311425	45.2669	9.82544	26.175
-0.24818	44.4367	9.73525	26.2256
-0.20069	43.5096	9.63588	26.2818
-0.133409	42.6896	9.54153	26.3329
-0.0121996	41.8602	9.4392	26.386
0.0819997	41.0775	9.33103	26.436
0.139007	40.256	9.19848	26.4894
0.248828	39.4007	9.04333	26.5453
0.372077	38.5459	8.86842	26.6017
0.476875	37.7595	8.70494	26.6529
0.621183	36.8885	8.53142	26.709
0.698588	36.0703	8.36463	26.7606
0.754069	35.2454	8.21288	26.8117
0.789609	34.4044	8.07068	26.8634
0.799278	33.5616	7.94144	26.915
0.793729	32.7344	7.82371	26.9659
0.759688	31.8216	7.70249	27.0223
0.71733	30.9982	7.59806	27.073
0.626289	30.1205	7.48841	27.1278
0.571292	29.2681	7.38762	27.1812
0.504576	28.4733	7.2883	27.2313
0.399753	27.6213	7.17739	27.286
0.298965	26.8533	7.07365	27.3361
0.227569	26.0184	6.95144	27.3911
0.11834	25.2239	6.82044	27.4437
-0.0386953	24.4062	6.67546	27.4989
-0.133919	23.5596	6.50841	27.5536
-0.288487	22.7194	6.34	27.6085
-0.384699	21.8646	6.16125	27.6629
-0.496289	21.0214	5.99864	27.7162
-0.550174	20.2078	5.85427	27.7664
-0.570836	19.3327	5.71593	27.8199
-0.56868	18.4121	5.58222	27.8759
-0.526553	17.5609	5.46718	27.9276
-0.479995	16.6931	5.36499	27.9806
-0.401709	15.8566	5.26623	28.0318
-0.288799	15.004	5.16341	28.0849
-0.177231	14.2037	5.06431	28.1361
-0.0826111	13.3579	4.95316	28.1903
0.0269347	12.4911	4.82358	28.2455
0.189103	11.7086	4.69453	28.2975
0.244508	10.8765	4.54027	28.3508
0.353172	10.0877	4.38675	28.4017
0.455126	9.27369	4.22619	28.454
0.591697	8.40345	4.05917	28.5095
0.652928	7.55769	3.89818	28.5622
0.732453	6.66724	3.74878	28.6174
0.777712	5.84168	3.62264	28.6683
0.801007	5.00258	3.50792	28.7196
0.811497	4.11428	3.40478	28.7741
0.789968	3.24904	3.31034	28.8271
0.767445	2.37734	3.23369	28.881
0.712697	1.49644	3.15141	28.9362
0.64506	0.679293	3.07959	28.988
0.611057	-0.199089	3.00638	29.044
0.515071	-1.0305	2.92524	29.0978
0.468805	-1.87654	2.8414	29.1526
0.387744	-2.65307	2.74713	29.203
0.318456	-3.47049	2.63412	29.2557
0.219802	-4.33561	2.50534	29.3117
0.142374	-5.14241	2.37865	29.3631
0.0390375	-5.97784	2.24525	29.4167
-0.0439671	-6.78993	2.11428	29.4685
-0.0981368	-7.67205	1.97028	29.5242
-0.185943	-8.54831	1.82695	29.5791
-0.247038	-9.36702	1.69345	29.6305
-0.307693	-10.1791	1.56211	29.6808
-0.36123	-11.0249	1.42765	29.7331
-0.418335	-11.8961	1.28968	29.7871
-0.463128	-12.8323	1.1419	29.8443
-0.509158	-13.6953	1.00632	29.8974
-0.546176	-14.5898	0.865535	29.9523
-0.579332	-15.4568	0.730738	30.0054
-0.61566	-16.2815	0.602063	30.0563
-0.647175	-17.1259	0.47162	30.1082
-0.680712	-18.0067	0.336624	30.1622
-0.708415	-18.8411	0.208486	30.2135
-0.73266	-19.731	0.0717667	30.2679
-0.75323	-20.5734	-0.0560168	30.3192
-0.7766	-21.4585	-0.191526	30.373
-0.790265	-22.3384	-0.326841	30.4269
-0.80029	-23.1682	-0.454809	30.4777
-0.813312	-23.9896	-0.58194	30.5281
-0.823969	-24.8779	-0.719782	30.583
-0.828592	-25.7055	-0.848442	30.6338
-0.830003	-26.5255	-0.976776	30.6844
-0.827933	-27.413	-1.11513	30.7388
-0.832197	-28.2728	-1.24796	30.7915
-0.826796	-29.1838	-1.38935	30.8478
-0.824517	-30.0334	-1.52124	30.9
-0.826693	-30.8643	-1.65035	30.951
-0.823182	-31.7179	-1.78292	31.0037
-0.817405	-32.6033	-1.92162	31.0583
-0.819248	-33.5309	-2.06687	31.1149
-0.811555	-34.3924	-2.19713	31.168
-0.809391	-35.3043	-2.33837	31.2238
-0.807388	-36.2378	-2.48437	31.281
-0.803376	-37.1057	-2.6211	31.334
-0.801679	-38.0034	-2.76231	31.389
-0.795126	-38.8539	-2.89698	31.4411
-0.78998	-39.7141	-3.03323	31.4937
-0.78377	-40.5827	-3.17089	31.5468
-0.770548	-41.4695	-3.31149	31.6011
-0.760421	-42.3461	-3.4506	31.6545
-0.745509	-43.2817	-3.59937	31.7115
-0.731	-44.1811	-3.74338	31.7665
-0.717456	-45.0586	-3.88514	31.8203
-0.692786	-45.9471	-4.03116	31.8749
-0.681099	-46.7939	-4.17006	31.9272
-0.666159	-47.6033	-4.30336	31.9774
-0.653368	-48.4528	-4.44322	32.03
-0.639801	-49.3063	-4.585	32.0827
-0.631097	-50.1487	-4.72328	32.1345
-0.620243	-51.0312	-4.86649	32.1887
-0.615908	-51.8886	-5.00491	32.2414
-0.606488	-52.7705	-5.14444	32.295
-0.597309	-53.6198	-5.27658	32.3469
-0.588363	-54.5017	-5.41139	32.4011
-0.57913	-55.3829	-5.54545	32.4552
-0.56118	-56.2022	-5.67008	32.5054
-0.537541	-57.1207	-5.81076	32.5616
-0.515543	-57.9876	-5.94432	32.6144
-0.484271	-58.9009	-6.08593	32.6703
-0.460111	-59.7339	-6.21611	32.7214
-0.428099	-60.566	-6.34714	32.7723
-0.389286	-61.4705	-6.49003	32.8274
-0.34729	-62.3532	-6.63039	32.8818
-0.309675	-63.2093	-6.76663	32.9347
-0.273227	-64.0299	-6.89722	32.9852
-0.230829	-64.8759	-7.03193	33.0377
-0.190484	-65.7614	-7.17378	33.0925
-0.15098	-66.5873	-7.30495	33.1437
-0.107146	-67.459	-7.44343	33.1977
-0.071026	-68.3624	-7.58694	33.2538
-0.0308538	-69.2305	-7.7245	33.3076
0.00480893	-70.0981	-7.86234	33.3619
0.0388242	-70.9339	-7.99493	33.4138
0.0766635	-71.8118	-8.13361	33.4682
0.108053	-72.6287	-8.26242	33.5191
0.143228	-73.4778	-8.39605	33.5718
0.177702	-74.3935	-8.53961	33.628
0.20707	-75.2381	-8.67211	33.6801
0.23716	-76.1592	-8.81612	33.7364
0.268391	-77.0319	-8.95299	33.7899
0.288715	-77.8728	-9.08536	33.8417
0.319554	-78.6934	-9.21316	33.892
0.343293	-79.5951	-9.35391	33.9471
0.364184	-80.4215	-9.48316	33.9978
0.384225	-81.2902	-9.61866	34.0507
0.400913	-82.1958	-9.75961	34.1055
0.41435	-83.047	-9.89184	34.1573
0.426692	-83.8817	-10.021	34.2081
0.439342	-84.7398	-10.1535	34.2601
0.441366	-85.6397	-10.2915	34.3148
0.454149	-86.5351	-10.4297	34.3695
0.456946	-87.3946	-10.5623	34.4217
0.451711	-88.3014	-10.7021	34.4769
0.466062	-89.1767	-10.8381	34.5302
0.473724	-90.0119	-10.9704	34.5804
0.477986	-90.922	-11.1162	34.6356
0.493351	-91.8022	-11.2575	34.6888
0.492186	-92.6156	-11.3856	34.7389
0.480697	-93.5324	-11.5297	34.7949
0.532422	-94.4494	-11.6953	34.8491
0.547061	-95.3615	-11.8518	34.9042
0.5729	-96.2969	-12.0125	34.9607
0.585515	-97.192	-12.173	35.0145
0.612343	-98.0808	-12.3303	35.0681
0.636863	-98.9973	-12.4962	35.1229
0.656389	-99.8945	-12.6549	35.1768
0.686802	-100.748	-12.8084	35.2284
0.712173	-101.597	-12.9625	35.2791
0.7314	-102.496	-13.1287	35.3325
0.75762	-103.371	-13.2871	35.3846
0.788032	-104.285	-13.4483	35.4393
0.815017	-105.129	-13.5957	35.4894
0.842041	-105.995	-13.744	35.5414
0.867177	-106.895	-13.8976	35.5951
0.894071	-107.763	-14.042	35.6475
0.917828	-108.595	-14.1798	35.6978
0.946379	-109.442	-14.3195	35.7487
0.968547	-110.309	-14.4637	35.8008
0.990383	-111.163	-14.6087	35.8522
1.01115	-112.049	-14.7644	35.9051
1.03585	-112.925	-14.9146	35.958
1.05402	-113.833	-15.0686	36.013
1.06807	-114.694	-15.2116	36.0648
1.0797	-115.526	-15.3498	36.1152
1.09097	-116.406	-15.4954	36.1686
1.09777	-117.318	-15.6471	36.2241
1.10154	-118.227	-15.795	36.2793
1.10088	-119.14	-15.9421	36.3351
1.09471	-120.015	-16.0796	36.3882
1.08203	-120.858	-16.2084	36.4396
1.06988	-121.766	-16.3398	36.4955
1.04583	-122.672	-16.4672	36.5515
1.03703	-123.535	-16.5787	36.605
1.02022	-124.369	-16.6863	36.6571
0.993215	-125.24	-16.7983	36.711
0.989746	-126.12	-16.9069	36.7656
0.969352	-127.005	-17.0203	36.8202
0.966522	-127.858	-17.1174	36.8735
0.949508	-128.747	-17.2225	36.9289
0.931428	-129.608	-17.3165	36.9832
0.920981	-130.465	-17.419	37.0368
0.908058	-131.277	-17.5164	37.0881
0.885022	-132.079	-17.6138	37.1391
0.870072	-132.909	-17.7177	37.1915
0.857352	-133.761	-17.8232	37.2454
0.838741	-134.603	-17.9356	37.2984
0.813209	-135.467	-18.0546	37.3525
0.796768	-136.337	-18.1774	37.4067
0.769701	-137.196	-18.307	37.4599
0.753213	-138.085	-18.4471	37.5151
0.734194	-138.899	-18.5797	37.5655
0.715401	-139.723	-18.7161	37.6163
0.691127	-140.578	-18.8565	37.6691
0.670865	-141.437	-18.9967	37.7219
0.650773	-142.283	-19.1341	37.7736
0.630154	-143.158	-19.2749	37.8271
0.604358	-144.053	-19.4181	37.8818
0.585381	-144.89	-19.552	37.933
0.567758	-145.781	-19.6935	37.987
0.548829	-146.614	-19.825	38.0379
0.52837	-147.511	-19.9665	38.0927
0.514051	-148.413	-20.1111	38.147
0.501232	-149.262	-20.2494	38.1979
0.487973	-150.115	-20.3906	38.2489
0.469995	-151.008	-20.5403	38.3021
0.459672	-151.918	-20.7004	38.3558
0.447219	-152.802	-20.8602	38.4082
0.434392	-153.69	-21.0275	38.4608
0.428769	-154.604	-21.2133	38.5152
0.421205	-155.503	-21.3905	38.569
0.417905	-156.348	-21.5544	38.6194
0.416112	-157.243	-21.7247	38.6731
0.4166	-158.169	-21.9046	38.7285
0.411013	-159.037	-22.067	38.7804
0.412611	-159.922	-22.2325	38.834
0.410214	-160.855	-22.3977	38.8904
0.40973	-161.747	-22.557	38.9445
0.411047	-162.589	-22.703	38.9959
0.415418	-163.423	-22.8463	39.047
0.423862	-164.303	-22.9963	39.1009
0.430685	-165.127	-23.1365	39.1517
0.423696	-165.999	-23.2852	39.2054
0.447007	-166.908	-23.4376	39.2614
0.439092	-167.745	-23.5829	39.3135
0.443161	-168.653	-23.7368	39.3695
0.453421	-169.474	-23.8758	39.4207
0.459748	-170.284	-24.0097	39.4713
0.467991	-171.085	-24.1387	39.5213
0.470451	-171.934	-24.2722	39.5741
0.480983	-172.833	-24.4114	39.63
0.489412	-173.696	-24.5407	39.6837
0.501061	-174.577	-24.6711	39.7382
0.511839	-175.398	-24.7923	39.789
0.52564	-176.298	-24.9273	39.844
0.536186	-177.174	-25.0621	39.8977
0.542472	-178.047	-25.1999	39.9511
0.55172	-178.935	-25.3426	40.0052
0.555992	-179.795	-25.4818	40.0573
0.555271	-180.684	-25.6263	40.1117
0.556324	-181.548	-25.7671	40.164
0.555071	-182.432	-25.9079	40.2175
0.552258	-183.254	-26.037	40.2676
0.549606	-184.117	-26.1709	40.3202
0.548083	-185.013	-26.311	40.375
0.543354	-185.91	-26.4504	40.4298
0.539644	-186.789	-26.5863	40.4836
0.535301	-187.676	-26.7251	40.5379
0.530644	-188.565	-26.8649	40.5925
0.525684	-189.48	-27.0079	40.6484
0.522048	-190.384	-27.1497	40.7038
0.517101	-191.274	-27.2896	40.7584
0.513455	-192.179	-27.432	40.8139
0.511039	-193.016	-27.5646	40.8654
0.509781	-193.844	-27.6961	40.9164
0.509246	-194.71	-27.8324	40.9695
0.509724	-195.55	-27.9639	41.021
0.510075	-196.444	-28.1036	41.0756
0.512101	-197.353	-28.2457	41.1311
0.513916	-198.206	-28.3791	41.1836
0.515684	-199.066	-28.5138	41.2362
0.517305	-199.933	-28.6499	41.2892
0.519169	-200.757	-28.7796	41.3398
0.521158	-201.583	-28.91	41.3906
0.523228	-202.474	-29.0514	41.4452
0.525167	-203.31	-29.1836	41.4965
0.528446	-204.169	-29.3199	41.5494
0.530266	-205.053	-29.4593	41.6035
0.530815	-205.902	-29.593	41.6555
0.531779	-206.749	-29.7259	41.7076
0.533253	-207.628	-29.8638	41.7614
0.534171	-208.507	-30.0004	41.8157
0.534846	-209.382	-30.1369	41.8692
0.535446	-210.22	-30.2685	41.9202
0.535377	-211.048	-30.3992	41.9706
0.535038	-211.893	-30.5332	42.0223
0.534054	-212.769	-30.6713	42.0754
0.533235	-213.619	-30.8051	42.1272
0.532987	-214.466	-30.938	42.1789
0.53336	-215.33	-31.0739	42.2315
0.533819	-216.201	-31.2108	42.2848
0.534473	-217.063	-31.3461	42.3377
0.535757	-217.996	-31.4919	42.3946
0.536372	-218.842	-31.624	42.4466
0.536875	-219.758	-31.7666	42.5025
0.537526	-220.618	-31.9005	42.5549
0.537937	-221.489	-32.0364	42.6082
0.538336	-222.422	-32.1816	42.6651
0.538613	-223.267	-32.3134	42.717
0.538952	-224.107	-32.4451	42.7688
0.539558	-224.938	-32.5757	42.8199
0.540444	-225.807	-32.7129	42.8731
0.541202	-226.646	-32.846	42.9247
0.542176	-227.538	-32.9883	42.9791
0.543022	-228.422	-33.1289	43.0337
0.544334	-229.267	-33.2634	43.0856
0.545805	-230.18	-33.4078	43.1413
0.546711	-231.031	-33.5426	43.1935
0.547051	-231.92	-33.6829	43.2484
0.547277	-232.758	-33.8149	43.2999
0.54714	-233.628	-33.952	43.3531
0.546936	-234.44	-34.0804	43.4032
0.546396	-235.304	-34.2177	43.4566
0.546294	-236.204	-34.3611	43.5117
0.545683	-237.017	-34.4921	43.5621
0.544285	-237.88	-34.6333	43.6158
0.54456	-238.694	-34.7643	43.6664
0.546328	-239.561	-34.8983	43.7208
0.548958	-240.44	-35.0229	43.7759
0.55246	-241.286	-35.136	43.8283
0.555877	-242.149	-35.246	43.8824
0.559532	-242.956	-35.342	43.9325
0.564105	-243.823	-35.4346	43.9861
0.568801	-244.712	-35.5329	44.0413
0.574677	-245.567	-35.6243	44.0945
0.581425	-246.372	-35.7087	44.1448
0.588671	-247.204	-35.7912	44.1974
0.593023	-248.019	-35.8813	44.2489
0.596378	-248.896	-35.9846	44.3041
0.601378	-249.749	-36.0849	44.3582
0.605341	-250.588	-36.1964	44.4107
0.608892	-251.41	-36.3118	44.4619
0.616691	-252.3	-36.4421	44.5174
0.621966	-253.134	-36.5687	44.5688
0.626834	-253.983	-36.7001	44.6215
0.632382	-254.811	-36.8302	44.6729
0.636582	-255.631	-36.9594	44.7237
0.64129	-256.526	-37.1015	44.7787
0.642878	-257.339	-37.2306	44.8289
0.644219	-258.196	-37.3671	44.8817
0.643449	-259.084	-37.5083	44.9358
0.643683	-259.932	-37.6416	44.9876
0.643163	-260.776	-37.773	45.0396
0.64809	-261.616	-37.9031	45.0911
0.647209	-262.52	-38.0421	45.1469
0.65051	-263.335	-38.168	45.1971
0.659122	-264.211	-38.3048	45.2508
0.667647	-265.105	-38.4458	45.3056
0.675749	-266.009	-38.5898	45.3606
0.685795	-266.923	-38.7369	45.4162
0.700711	-267.825	-38.8813	45.4715
0.713364	-268.708	-39.0219	45.5255
0.725084	-269.603	-39.1634	45.5806
0.741009	-270.47	-39.3001	45.6339
0.756582	-271.31	-39.4323	45.6852
0.771909	-272.139	-39.5649	45.7359
0.787282	-273.034	-39.7095	45.7907
0.804103	-273.864	-39.8473	45.8413
0.81847	-274.711	-39.992	45.8926
0.832008	-275.674	-40.1629	45.9502
0.844926	-276.515	-40.3147	46.0005
0.859196	-277.408	-40.4767	46.054
0.869857	-278.292	-40.6439	46.1066
0.879553	-279.197	-40.8111	46.1606
0.889377	-280.103	-40.9798	46.2148
0.898204	-280.956	-41.1411	46.2653
0.906456	-281.805	-41.3024	46.3156
0.912838	-282.649	-41.4637	46.3659
0.919857	-283.583	-41.6457	46.4212
0.925193	-284.496	-41.8178	46.4758
0.930334	-285.355	-41.9772	46.5272
0.928833	-286.205	-42.1216	46.5787
0.922492	-287.077	-42.2634	46.6315
0.908766	-287.926	-42.3993	46.6832
0.899855	-288.795	-42.5363	46.7365
0.892515	-289.681	-42.6755	46.7905
0.883514	-290.51	-42.8059	46.8415
0.876822	-291.366	-42.9419	46.894
0.869509	-292.207	-43.075	46.9457
0.863693	-293.093	-43.215	47.0004
0.853626	-293.989	-43.3575	47.0557
0.847055	-294.808	-43.4889	47.1064
0.838551	-295.633	-43.6196	47.1573
0.830278	-296.497	-43.7547	47.2106
0.821609	-297.36	-43.8897	47.2636
0.816006	-298.182	-44.0184	47.3145
0.809616	-299.024	-44.1504	47.3664
0.802098	-299.849	-44.2796	47.4173
0.793762	-300.711	-44.415	47.4709
0.784428	-301.576	-44.551	47.5244
0.77842	-302.388	-44.6781	47.5745
0.773429	-303.288	-44.8199	47.63
0.768815	-304.103	-44.9493	47.6806
0.763872	-305.029	-45.0966	47.7371
0.75961	-305.952	-45.2426	47.7935
0.754721	-306.849	-45.3844	47.8484
0.749557	-307.671	-45.5133	47.8987
0.743636	-308.531	-45.6477	47.9516
0.735672	-309.377	-45.7803	48.0036
0.724845	-310.285	-45.9235	48.0592
0.715848	-311.16	-46.062	48.1131
0.708164	-311.988	-46.1927	48.1639
0.701675	-312.843	-46.327	48.2161
0.695501	-313.711	-46.4634	48.2693
0.691855	-314.542	-46.5944	48.3199
0.689608	-315.406	-46.7321	48.373
0.68533	-316.238	-46.8661	48.4243
0.676266	-317.055	-46.9973	48.4755
0.664076	-317.913	-47.1327	48.5288
0.653639	-318.717	-47.2529	48.5791
0.643107	-319.546	-47.3702	48.6311
0.634059	-320.408	-47.4887	48.6849
0.626525	-321.229	-47.5973	48.7366
0.621017	-322.059	-47.7109	48.7886
0.617541	-322.875	-47.8173	48.8399
0.614747	-323.763	-47.9314	48.8955
0.611357	-324.619	-48.039	48.9497
0.607587	-325.446	-48.1479	49.0015
0.602304	-326.241	-48.2525	49.0516
0.593973	-327.063	-48.3547	49.1033
0.587693	-327.891	-48.4601	49.1554
0.580179	-328.717	-48.5406	49.2083
0.577976	-329.602	-48.6432	49.2645
0.578451	-330.426	-48.7337	49.3174
0.580057	-331.279	-48.8415	49.3717
0.581463	-332.134	-48.9553	49.426
0.581925	-332.94	-49.0654	49.4777
0.582377	-333.735	-49.1792	49.528
0.583171	-334.612	-49.3072	49.5832
0.586613	-335.436	-49.4279	49.6351
0.594377	-336.277	-49.5509	49.6879
0.602402	-337.167	-49.6853	49.744
0.61211	-337.991	-49.811	49.7956
0.626498	-338.851	-49.9421	49.8494
0.636555	-339.669	-50.0687	49.8999
0.644	-340.522	-50.2016	49.9525
0.650232	-341.355	-50.3344	50.0036
0.656184	-342.248	-50.4766	50.0584
0.660247	-343.163	-50.6226	50.1145
0.665589	-344.022	-50.7586	50.1668
0.671884	-344.921	-50.9003	50.2219
0.676849	-345.762	-51.0329	50.2734
0.67956	-346.622	-51.1689	50.3265
0.681541	-347.461	-51.3009	50.3783
0.684241	-348.345	-51.4396	50.4326
0.687476	-349.214	-51.5759	50.4862
0.692136	-350.066	-51.709	50.5387
0.694705	-350.98	-51.8524	50.5948
0.693758	-351.848	-51.987	50.6483
0.691555	-352.683	-52.1177	50.6997
0.691056	-353.567	-52.2564	50.7539
0.690805	-354.384	-52.3842	50.8041
0.693254	-355.263	-52.5232	50.8582
0.699976	-356.173	-52.6673	50.9143
0.705876	-357.018	-52.8	50.9663
0.713664	-357.868	-52.9338	51.0188
0.718654	-358.71	-53.0667	51.0706
0.71955	-359.556	-53.1982	51.1227
0.717146	-360.401	-53.329	51.1748
0.713739	-361.292	-53.4677	51.2293
0.713374	-362.178	-53.6054	51.2838
0.718839	-363.06	-53.7441	51.3381
0.724155	-363.906	-53.8774	51.3901
0.727425	-364.723	-54.0055	51.4406
0.726653	-365.551	-54.135	51.4917
0.721492	-366.4	-54.2665	51.5437
0.716121	-367.229	-54.3956	51.5946
0.712125	-368.054	-54.5244	51.6453
0.710544	-368.891	-54.6544	51.6967
0.712207	-369.763	-54.792	51.7505
0.713106	-370.611	-54.9251	51.8029
0.712803	-371.456	-55.0573	51.8547
0.710141	-372.377	-55.202	51.9108
0.708053	-373.3	-55.3469	51.9671
0.705677	-374.131	-55.4757	52.0181
0.704044	-374.975	-55.608	52.0695
0.702466	-375.883	-55.7516	52.1247
0.696748	-376.728	-55.8868	52.1758
0.686607	-377.594	-56.0299	52.2282
0.681645	-378.433	-56.1706	52.279
0.682549	-379.34	-56.3204	52.3337
0.687218	-380.203	-56.4613	52.3861
0.694946	-381.09	-56.6027	52.4408
0.701322	-381.934	-56.7349	52.4924
0.706892	-382.815	-56.8713	52.5465
0.71114	-383.686	-57.0046	52.5999
0.711861	-384.53	-57.1351	52.6519
0.709818	-385.34	-57.2617	52.702
0.70619	-386.24	-57.403	52.7575
0.702013	-387.069	-57.5326	52.8084
0.699474	-387.89	-57.6605	52.8589
0.698167	-388.75	-57.7939	52.9116
0.697571	-389.603	-57.926	52.9641
0.696959	-390.427	-58.0541	53.0148
0.696666	-391.251	-58.1826	53.0657
0.696503	-392.108	-58.3166	53.1185
0.696236	-392.971	-58.4514	53.172
