x	y	z	t
0.460979	449.999	73.4145	0.051203
0.458185	449.355	73.3112	0.103771
0.452962	448.708	73.2066	0.155628
0.446405	448.039	73.0984	0.209641
0.434151	447.366	72.991	0.264101
0.417487	446.66	72.8785	0.321508
0.398179	446.003	72.7738	0.375196
0.379742	445.356	72.6701	0.428198
0.354015	444.714	72.565	0.480987
0.313503	444.072	72.4566	0.534255
0.281524	443.424	72.349	0.58781
0.237341	442.782	72.2465	0.640887
0.198952	442.115	72.1455	0.695607
0.144869	441.466	72.0527	0.749012
0.120396	440.778	71.9623	0.805344
0.055977	440.135	71.8745	0.859027
0.0371664	439.491	71.7799	0.912941
-0.0121138	438.893	71.6836	0.963603
-0.100666	438.255	71.5714	1.01887
-0.164335	437.674	71.458	1.07041
-0.206164	437.089	71.3271	1.12193
-0.263051	436.478	71.1921	1.17492
-0.337667	435.842	71.0516	1.22881
-0.36306	435.222	70.9165	1.28049
-0.37295	434.561	70.7739	1.33494
-0.372624	433.901	70.6452	1.38889
-0.351203	433.278	70.5288	1.4389
-0.310978	432.62	70.4142	1.4918
-0.274095	431.961	70.3141	1.54442
-0.196757	431.274	70.2268	1.59986
-0.141563	430.642	70.1712	1.65241
-0.0588194	430.054	70.1263	1.70375
0.0118835	429.468	70.0862	1.75549
0.114087	428.888	70.0451	1.80853
0.248075	428.337	69.9998	1.86058
0.309046	427.731	69.9334	1.91595
0.433699	427.131	69.8425	1.97234
0.536439	426.549	69.737	2.02465
0.626466	425.968	69.6197	2.07616
0.721139	425.369	69.4925	2.12832
0.824022	424.706	69.3482	2.18513
0.895453	424.076	69.221	2.23736
0.954432	423.459	69.1012	2.28802
1.0028	422.792	68.9805	2.3426
1.02638	422.138	68.8723	2.39595
1.0312	421.46	68.7682	2.45095
1.01873	420.78	68.6714	2.50612
0.971098	420.108	68.5816	2.561
0.921732	419.455	68.5033	2.61438
0.830108	418.775	68.4198	2.67042
0.757828	418.146	68.3517	2.72271
0.671068	417.55	68.2837	2.77314
0.563953	416.917	68.2082	2.82824
0.45269	416.358	68.1419	2.87825
0.335804	415.803	68.0741	2.92871
0.186718	415.211	67.9986	2.98503
0.00713986	414.65	67.9149	3.03954
-0.111034	414.103	67.8221	3.09022
-0.199674	413.522	67.7083	3.14405
-0.321112	412.939	67.5889	3.1978
-0.463452	412.371	67.4664	3.24938
-0.55928	411.75	67.327	3.30309
-0.64522	411.103	67.1927	3.3576
-0.745748	410.445	67.0626	3.4123
-0.795934	409.807	66.9405	3.46483
-0.839045	409.163	66.8323	3.51762
-0.861634	408.485	66.7336	3.57249
-0.863091	407.837	66.6484	3.62529
-0.848763	407.223	66.576	3.67595
-0.817639	406.605	66.5083	3.72675
-0.774867	405.987	66.4423	3.77794
-0.707687	405.352	66.3745	3.83039
-0.654537	404.717	66.311	3.883
-0.574331	404.113	66.2448	3.93392
-0.45956	403.458	66.1675	3.9894
-0.384808	402.799	66.0906	4.04529
-0.256537	402.188	66.0128	4.09887
-0.177475	401.574	65.9332	4.15291
-0.0733333	400.953	65.843	4.2077
0.0516322	400.332	65.742	4.26346
0.152616	399.746	65.6348	4.31624
0.256031	399.176	65.5211	4.36815
0.358813	398.566	65.3869	4.42368
0.456658	397.983	65.2581	4.4753
0.560788	397.398	65.1268	4.52671
0.65315	396.813	64.9969	4.57709
0.734314	396.197	64.8651	4.62868
0.807422	395.57	64.7369	4.68021
0.845143	394.94	64.6169	4.73163
0.864597	394.323	64.509	4.78205
0.8689	393.631	64.4003	4.83801
0.85523	392.998	64.3112	4.88952
0.809972	392.385	64.2348	4.93954
0.759276	391.737	64.1602	4.99299
0.708837	391.104	64.1003	5.04589
0.592559	390.473	64.037	5.09977
0.512624	389.815	63.977	5.15617
0.368924	389.196	63.9143	5.21103
0.28915	388.542	63.8489	5.26801
0.178777	387.921	63.784	5.32372
0.0641323	387.367	63.7167	5.37401
-0.0466956	386.797	63.6396	5.42494
-0.186874	386.177	63.5451	5.4809
-0.297604	385.606	63.4492	5.53148
-0.373288	384.943	63.3251	5.5886
-0.50205	384.318	63.2009	5.64291
-0.582077	383.711	63.0656	5.69521
-0.685893	383.111	62.9349	5.7466
-0.799455	382.465	62.7991	5.80055
-0.874586	381.822	62.6627	5.85367
-0.938658	381.198	62.5453	5.90486
-0.995908	380.534	62.431	5.95861
-1.02577	379.887	62.3271	6.01091
-1.04426	379.233	62.2287	6.06382
-1.04569	378.597	62.1356	6.11551
-1.03544	377.95	62.0438	6.16818
-1.01195	377.306	61.9563	6.22059
-0.97519	376.689	61.8772	6.2706
-0.92789	376.012	61.7975	6.3264
-0.866336	375.397	61.7254	6.37734
-0.782824	374.77	61.6537	6.42904
-0.715823	374.129	61.5795	6.48184
-0.636877	373.535	61.5111	6.5319
-0.561527	372.891	61.4364	6.58602
-0.477553	372.286	61.3587	6.63763
-0.335053	371.663	61.2737	6.69217
-0.262133	371.077	61.1912	6.74365
-0.158296	370.493	61.1021	6.79581
-0.00216167	369.879	61.0011	6.85121
0.0863608	369.285	60.8934	6.90484
0.194154	368.733	60.7863	6.95575
0.334122	368.134	60.6648	7.01111
0.408856	367.503	60.5236	7.06686
0.508691	366.897	60.3878	7.1196
0.627277	366.312	60.2539	7.17001
0.697843	365.649	60.1054	7.2254
0.763228	364.97	59.9726	7.28067
0.818007	364.262	59.8453	7.33749
0.844068	363.561	59.7349	7.39375
0.84581	362.877	59.6371	7.44865
0.829783	362.251	59.5565	7.49908
0.789661	361.572	59.4813	7.55444
0.740488	360.917	59.41	7.60855
0.649037	360.286	59.3463	7.66123
0.585481	359.653	59.29	7.71432
0.502243	358.998	59.2225	7.76943
0.402458	358.364	59.1613	7.82427
0.308711	357.724	59.0881	7.87937
0.208499	357.147	59.0192	7.92982
0.0898794	356.502	58.933	7.98683
-0.0149979	355.918	58.8429	8.03833
-0.143879	355.295	58.7332	8.09458
-0.272429	354.739	58.6264	8.14542
-0.390922	354.164	58.508	8.19659
-0.524491	353.546	58.375	8.25099
-0.635033	352.939	58.2386	8.30379
-0.730798	352.359	58.0958	8.35407
-0.811695	351.721	57.9543	8.40741
-0.904959	351.081	57.8194	8.46041
-0.963146	350.46	57.6981	8.51083
-1.00336	349.793	57.5777	8.56438
-1.01536	349.151	57.4739	8.61632
-1.00754	348.485	57.3747	8.6701
-0.981845	347.852	57.2879	8.72118
-0.938053	347.197	57.2052	8.77392
-0.885866	346.574	57.1402	8.82504
-0.791624	345.9	57.0669	8.88082
-0.72552	345.215	57.0008	8.93742
-0.641246	344.612	56.9404	8.98825
-0.508294	344.005	56.8783	9.04039
-0.409993	343.399	56.8144	9.09255
-0.32337	342.762	56.7468	9.14879
-0.167618	342.158	56.6728	9.20387
-0.0402092	341.623	56.6014	9.25422
0.0550773	341.045	56.5135	9.30731
0.150443	340.483	56.4155	9.35841
0.272425	339.933	56.3103	9.40964
0.435618	339.354	56.1909	9.46343
0.518021	338.768	56.0549	9.51518
0.620687	338.177	55.9216	9.56648
0.757658	337.542	55.7816	9.62183
0.833514	336.868	55.6344	9.67814
0.899808	336.263	55.5145	9.72826
0.945044	335.632	55.399	9.77977
0.976792	334.948	55.2833	9.83567
0.985076	334.301	55.1829	9.88799
0.976893	333.68	55.092	9.93902
0.942964	333.047	55.0053	9.99057
0.903641	332.365	54.9222	10.0464
0.825689	331.676	54.8393	10.1028
0.766699	331.01	54.7679	10.1577
0.681919	330.374	54.6965	10.2109
0.562871	329.757	54.6286	10.264
0.474782	329.16	54.5703	10.316
0.374304	328.504	54.4942	10.3724
0.251431	327.89	54.4243	10.4273
0.141929	327.332	54.3526	10.4784
-0.00721411	326.749	54.2674	10.5319
-0.110071	326.142	54.1684	10.5868
-0.24418	325.561	54.0636	10.6397
-0.383893	324.947	53.9415	10.6949
-0.506665	324.329	53.8163	10.7493
-0.63644	323.661	53.6716	10.8065
-0.721966	323.023	53.5367	10.8599
-0.832009	322.409	53.4066	10.9116
-0.898579	321.794	53.2812	10.9623
-0.95045	321.147	53.1575	11.0148
-1.00028	320.51	53.0429	11.066
-1.0237	319.856	52.9362	11.1184
-1.03235	319.212	52.8367	11.1702
-1.02734	318.576	52.7425	11.2214
-1.00371	317.908	52.6508	11.2751
-1.00338	317.287	52.5682	11.3253
-0.939898	316.64	52.4879	11.3779
-0.883074	316.001	52.4113	11.4295
-0.802548	315.311	52.3336	11.4858
-0.696288	314.64	52.2484	11.541
-0.613199	313.973	52.162	11.5964
-0.526133	313.365	52.0866	11.6478
-0.426835	312.77	52.0138	11.6994
-0.311389	312.132	51.933	11.7559
-0.217313	311.526	51.8512	11.8091
-0.114233	310.968	51.772	11.8594
0.0338603	310.353	51.677	11.9149
0.114202	309.755	51.5758	11.9683
0.20791	309.203	51.4793	12.0187
0.346813	308.597	51.3647	12.0734
0.449078	308.016	51.2422	12.125
0.530928	307.372	51.0953	12.1807
0.640007	306.722	50.9459	12.2363
0.737117	306.048	50.805	12.2924
0.792711	305.37	50.6667	12.348
0.836578	304.744	50.5508	12.399
0.868037	304.053	50.4318	12.4549
0.874922	303.428	50.3297	12.5058
0.866366	302.786	50.233	12.5579
0.827551	302.104	50.1386	12.6135
0.785225	301.425	50.0577	12.6694
0.723884	300.782	49.9851	12.7224
0.646636	300.118	49.9193	12.7774
0.560732	299.496	49.8548	12.83
0.435412	298.886	49.792	12.8829
0.355493	298.285	49.7369	12.9355
0.275609	297.651	49.6695	12.9903
0.141228	297.029	49.6016	13.0457
0.0595284	296.462	49.537	13.0973
-0.0495658	295.898	49.458	13.1476
-0.230375	295.287	49.3579	13.204
-0.3203	294.692	49.2437	13.2564
-0.415851	294.069	49.1159	13.3108
-0.548776	293.445	48.9712	13.3662
-0.690253	292.788	48.8244	13.4228
-0.774358	292.159	48.6739	13.4758
-0.855805	291.532	48.5366	13.5283
-0.959539	290.916	48.4092	13.5793
-1.01265	290.254	48.2841	13.632
-1.0496	289.585	48.1664	13.6849
-1.07217	288.938	48.0606	13.7362
-1.07378	288.255	47.958	13.79
-1.05939	287.599	47.8674	13.8416
-1.03023	286.94	47.7809	13.8932
-0.988408	286.286	47.6978	13.9445
-0.934348	285.624	47.6209	13.997
-0.86781	284.972	47.5459	14.0487
-0.753764	284.275	47.4654	14.1053
-0.664867	283.6	47.3943	14.16
-0.518831	282.937	47.3177	14.2157
-0.427977	282.322	47.2512	14.2666
-0.307389	281.707	47.1765	14.3185
-0.187967	281.128	47.1037	14.3685
-0.0840057	280.525	47.0215	14.4203
0.0702965	279.93	46.9298	14.4724
0.188128	279.314	46.8237	14.5253
0.283578	278.732	46.7057	14.5761
0.397572	278.123	46.5811	14.6281
0.520636	277.501	46.4488	14.6804
0.659738	276.835	46.2996	14.7362
0.758559	276.17	46.1562	14.7907
0.868382	275.491	46.0132	14.8458
0.930538	274.859	45.8818	14.896
0.971391	274.216	45.7514	14.9462
0.998645	273.504	45.625	15.0019
1.01548	272.841	45.514	15.0534
1.00661	272.195	45.414	15.104
0.981418	271.545	45.3217	15.1549
0.941591	270.91	45.2392	15.2049
0.890776	270.276	45.1626	15.2551
0.827032	269.628	45.0869	15.3062
0.767313	268.948	45.0147	15.3604
0.66781	268.309	44.9446	15.412
0.587389	267.674	44.8756	15.4637
0.501434	267.018	44.8083	15.5178
0.401661	266.363	44.732	15.5727
0.242438	265.788	44.6643	15.6245
0.17249	265.127	44.5779	15.681
0.0217609	264.5	44.4827	15.7361
-0.0669844	263.888	44.379	15.7882
-0.173701	263.251	44.2626	15.8426
-0.306471	262.595	44.129	15.8985
-0.465427	261.904	43.9872	15.9563
-0.547612	261.267	43.8436	16.0083
-0.636774	260.623	43.7087	16.0601
-0.714557	259.969	43.578	16.1122
-0.789938	259.318	43.4556	16.1634
-0.827306	258.635	43.3367	16.2163
-0.853273	257.968	43.2272	16.2678
-0.863504	257.272	43.1211	16.3211
-0.854814	256.571	43.0176	16.3752
-0.840465	255.901	42.9274	16.4268
-0.811175	255.253	42.8442	16.477
-0.754961	254.562	42.7583	16.5308
-0.701135	253.914	42.6806	16.582
-0.604211	253.282	42.6052	16.6327
-0.532159	252.597	42.5254	16.6884
-0.415485	251.913	42.442	16.7446
-0.32675	251.286	42.3661	16.796
-0.253915	250.613	42.2838	16.8522
-0.110338	250.009	42.203	16.9045
0.0085186	249.437	42.1177	16.955
0.0954802	248.837	42.0145	17.0073
0.203563	248.26	41.904	17.0585
0.320101	247.678	41.7813	17.1095
0.44044	247.055	41.6428	17.1626
0.564728	246.453	41.5038	17.213
0.642639	245.755	41.3417	17.2691
0.740949	245.063	41.1944	17.3234
0.80091	244.397	41.0599	17.3741
0.837696	243.641	40.9192	17.4303
0.851165	242.873	40.7932	17.4865
0.838371	242.168	40.6898	17.5377
0.805361	241.469	40.5959	17.5885
0.757395	240.759	40.508	17.6399
0.690728	240.074	40.4286	17.6903
0.611709	239.389	40.3517	17.7409
0.522421	238.709	40.2765	17.7915
0.386259	237.991	40.1954	17.8463
0.311591	237.289	40.121	17.8999
0.13652	236.63	40.0435	17.9536
0.0560211	235.937	39.9598	18.0071
-0.0740628	235.289	39.8678	18.0582
-0.252294	234.583	39.7577	18.1146
-0.37698	233.892	39.6369	18.1703
-0.516203	233.21	39.5089	18.2234
-0.647212	232.5	39.3616	18.2783
-0.768667	231.747	39.2084	18.3349
-0.909391	231.011	39.0484	18.3903
-1.00642	230.308	38.9031	18.4422
-1.1035	229.601	38.7673	18.493
-1.15529	228.858	38.6373	18.5457
-1.18746	228.13	38.5209	18.5971
-1.20002	227.4	38.4153	18.6488
-1.1898	226.64	38.3111	18.7026
-1.1544	225.859	38.2134	18.758
-1.12521	225.138	38.1252	18.8107
-1.05661	224.43	38.0442	18.8624
-0.951055	223.733	37.9672	18.9144
-0.863175	223.058	37.888	18.9651
-0.782763	222.316	37.7979	19.0216
-0.677112	221.679	37.7125	19.0716
-0.560041	221.051	37.6231	19.122
-0.443143	220.412	37.5248	19.1732
-0.274409	219.757	37.4107	19.2291
-0.117578	219.143	37.2909	19.2806
0.0381047	218.545	37.1615	19.3311
0.160158	217.891	37.014	19.3828
0.321663	217.238	36.8609	19.4343
0.426097	216.56	36.7049	19.4855
0.512651	215.844	36.5421	19.5385
0.599001	215.084	36.3937	19.594
0.643944	214.337	36.2606	19.6483
0.664739	213.636	36.1546	19.6983
0.661411	212.928	36.0595	19.7488
0.617123	212.156	35.965	19.8044
0.566256	211.454	35.8908	19.8552
0.493565	210.738	35.8203	19.9077
0.433995	210.017	35.7583	19.9605
0.340644	209.341	35.6943	20.0114
0.24172	208.656	35.6271	20.0636
0.114167	207.986	35.559	20.1155
0.0423423	207.267	35.4816	20.1717
-0.116957	206.598	35.3926	20.2246
-0.210499	205.92	35.2873	20.2788
-0.359523	205.218	35.1608	20.3351
-0.450478	204.511	35.0126	20.39
-0.590922	203.795	34.8591	20.4447
-0.664812	203.118	34.7078	20.4952
-0.774914	202.344	34.5325	20.5525
-0.882399	201.608	34.3773	20.607
-0.95129	200.915	34.2355	20.6576
-0.998644	200.157	34.0895	20.7121
-1.03271	199.452	33.9681	20.7629
-1.03555	198.743	33.8568	20.8135
-1.01975	197.975	33.7462	20.8678
-0.995051	197.248	33.6578	20.9202
-0.949194	196.524	33.574	20.9718
-0.86102	195.767	33.4879	21.0259
-0.794379	194.98	33.4048	21.0824
-0.670861	194.215	33.3239	21.1389
-0.5866	193.495	33.2411	21.1921
-0.420491	192.778	33.1549	21.2478
-0.312838	192.123	33.0792	21.2996
-0.182996	191.467	32.9906	21.3517
-0.063344	190.836	32.8938	21.4024
0.0534002	190.171	32.7771	21.4552
0.209147	189.529	32.6532	21.5069
0.297421	188.817	32.5021	21.5625
0.453852	188.142	32.3595	21.6151
0.532138	187.432	32.203	21.6685
0.619028	186.745	32.0613	21.7196
0.689716	186.066	31.9258	21.7698
0.744044	185.35	31.7914	21.8217
0.784447	184.644	31.6686	21.8726
0.806021	183.883	31.5472	21.9275
0.806392	183.138	31.4408	21.9812
0.790919	182.437	31.3464	22.0317
0.756312	181.703	31.2509	22.0843
0.697182	180.942	31.1592	22.139
0.638586	180.211	31.0725	22.1916
0.534034	179.483	30.9895	22.245
0.443981	178.808	30.9161	22.2956
0.354368	178.138	30.8409	22.3463
0.287401	177.434	30.7609	22.3997
0.167906	176.74	30.6719	22.4546
0.0485335	176.057	30.5789	22.5094
-0.0477072	175.419	30.4787	22.5598
-0.193077	174.724	30.3574	22.6153
-0.280325	174.016	30.2149	22.6712
-0.425077	173.341	30.0731	22.7246
-0.529781	172.627	29.9115	22.7791
-0.657575	171.852	29.747	22.8368
-0.728084	171.122	29.5831	22.8905
-0.798284	170.376	29.432	22.945
-0.854242	169.574	29.28	23.0026
-0.871902	168.836	29.1573	23.0549
-0.871606	168.052	29.042	23.1103
-0.851169	167.318	28.945	23.1621
-0.805264	166.572	28.8571	23.2149
-0.725714	165.849	28.7812	23.2666
-0.661237	165.083	28.7116	23.3217
-0.541446	164.32	28.6355	23.3776
-0.471931	163.57	28.5688	23.4324
-0.374485	162.869	28.499	23.4851
-0.274247	162.202	28.4301	23.5356
-0.120907	161.532	28.3531	23.5887
-0.0403246	160.873	28.267	23.6399
0.0496513	160.17	28.1552	23.6936
0.170837	159.536	28.0392	23.7441
0.323651	158.859	27.903	23.7974
0.39503	158.117	27.735	23.8539
0.51498	157.433	27.5784	23.9055
0.609446	156.745	27.4231	23.9569
0.673399	156.034	27.2693	24.0085
0.719125	155.276	27.1099	24.0637
0.757596	154.558	26.9749	24.1152
0.773871	153.772	26.838	24.1717
0.765065	153.015	26.7201	24.2259
0.735731	152.272	26.6171	24.2796
0.691975	151.573	26.5287	24.3297
0.630452	150.859	26.444	24.3809
0.531761	150.094	26.3556	24.4368
0.449701	149.407	26.281	24.4872
0.387932	148.678	26.2074	24.5406
0.269328	147.942	26.1239	24.5964
0.180684	147.286	26.0481	24.647
0.101796	146.613	25.9664	24.7001
-0.0250103	145.938	25.8696	24.7537
-0.155968	145.26	25.7601	24.8084
-0.257723	144.612	25.6392	24.8619
-0.437019	143.944	25.5071	24.9174
-0.517171	143.239	25.3545	24.9722
-0.649072	142.553	25.2069	25.0255
-0.731458	141.872	25.0611	25.0762
-0.803724	141.147	24.9051	25.1297
-0.86589	140.374	24.7553	25.1853
-0.913564	139.63	24.6214	25.2388
-0.924873	138.875	24.4996	25.2928
-0.912072	138.109	24.3885	25.347
-0.884474	137.317	24.288	25.4036
-0.842688	136.593	24.2034	25.4553
-0.756361	135.851	24.1203	25.5086
-0.698098	135.124	24.0479	25.561
-0.597587	134.375	23.9643	25.6158
-0.474114	133.62	23.8844	25.6715
-0.325694	132.88	23.7949	25.7272
-0.246785	132.181	23.7093	25.7801
-0.122698	131.52	23.6174	25.8308
0.0565219	130.794	23.5012	25.8877
0.148802	130.124	23.3755	25.9402
0.261123	129.467	23.242	25.9919
0.361957	128.833	23.1044	26.042
0.520169	128.135	22.9524	26.0962
0.607848	127.39	22.7844	26.1523
0.70547	126.693	22.6363	26.204
0.784526	125.995	22.496	26.255
0.860016	125.289	22.3646	26.3061
0.928007	124.52	22.2341	26.3618
0.961218	123.808	22.1246	26.4129
0.967657	123.023	22.0114	26.4694
0.955255	122.277	21.9139	26.5232
0.909775	121.524	21.8184	26.5779
0.873373	120.746	21.7273	26.6342
0.81942	120.05	21.6457	26.6851
0.718695	119.314	21.5625	26.7401
0.653576	118.625	21.479	26.7911
0.550094	117.919	21.3891	26.8444
0.407632	117.208	21.2948	26.901
0.229231	116.51	21.1914	26.9576
0.115265	115.848	21.082	27.0099
0.0114832	115.218	20.9654	27.0601
-0.0804403	114.577	20.8276	27.112
-0.197979	113.9	20.6809	27.1657
-0.338846	113.206	20.5177	27.2204
-0.475708	112.481	20.3588	27.2757
-0.556253	111.777	20.2063	27.3283
-0.618027	111.075	20.0612	27.3793
-0.664531	110.317	19.9156	27.433
-0.68376	109.537	19.7871	27.4879
-0.678127	108.764	19.6785	27.5423
-0.625335	107.983	19.5807	27.5977
-0.563444	107.275	19.5022	27.6491
-0.488088	106.567	19.4323	27.7011
-0.380734	105.9	19.3612	27.7515
-0.283831	105.206	19.2827	27.8043
-0.174826	104.544	19.2048	27.8562
0.0113784	103.929	19.1288	27.9077
0.0982133	103.276	19.0378	27.9605
0.257171	102.675	18.9413	28.0111
0.382307	102.01	18.8248	28.065
0.532638	101.367	18.7025	28.1168
0.625609	100.653	18.5567	28.1717
0.720932	99.9647	18.418	28.2237
0.829733	99.2224	18.272	28.2792
0.883856	98.4526	18.1218	28.3355
0.929643	97.7461	17.9937	28.3865
0.962235	97.0372	17.875	28.4374
0.969284	96.2645	17.7567	28.4932
0.955556	95.553	17.6568	28.5444
0.912633	94.82	17.5625	28.5968
0.865681	94.0396	17.4724	28.6528
0.794718	93.3371	17.3911	28.7037
0.699244	92.5799	17.302	28.759
0.614233	91.8553	17.2244	28.8133
0.446313	91.1698	17.1448	28.8675
0.366559	90.4572	17.0617	28.923
0.236395	89.8039	16.9788	28.9751
0.0493053	89.1666	16.8939	29.0299
-0.0500327	88.5413	16.8018	29.0811
-0.195915	87.8734	16.6912	29.1368
-0.358773	87.1953	16.5661	29.1919
-0.482922	86.5662	16.4428	29.2422
-0.631705	85.8582	16.3017	29.2975
-0.723054	85.1423	16.1479	29.3512
-0.813261	84.4216	15.9989	29.4052
-0.909267	83.6994	15.8521	29.4587
-0.97441	82.9446	15.7006	29.5134
-1.00723	82.1895	15.5627	29.5676
-1.01964	81.4851	15.4429	29.6176
-1.0093	80.7066	15.3238	29.6727
-0.982729	79.997	15.2258	29.7228
-0.942323	79.2101	15.1254	29.7783
-0.901474	78.4447	15.0424	29.8326
-0.836646	77.7137	14.964	29.8847
-0.729602	76.976	14.8837	29.9382
-0.632151	76.2863	14.8084	29.9894
-0.542294	75.6022	14.73	30.0406
-0.465897	74.9274	14.6542	30.092
-0.306456	74.2123	14.5638	30.1481
-0.204977	73.56	14.4782	30.1995
-0.121078	72.8788	14.3779	30.2532
-0.0314499	72.2031	14.2643	30.3056
0.113922	71.5339	14.1374	30.3574
0.175637	70.8201	13.9883	30.4112
0.278688	70.0659	13.8331	30.4674
0.386525	69.3148	13.6709	30.5229
0.456773	68.5966	13.5248	30.5751
0.536106	67.8406	13.3802	30.6303
0.575203	67.114	13.246	30.6824
0.604688	66.3832	13.1247	30.7346
0.620795	65.601	13.0046	30.7907
0.608846	64.8843	12.9054	30.8425
0.581403	64.1448	12.8075	30.8954
0.537862	63.4511	12.7239	30.9455
0.481941	62.7478	12.6427	30.9963
0.392767	62.0219	12.5596	31.0495
0.335208	61.2676	12.4776	31.1049
0.22519	60.54	12.3931	31.1598
0.152291	59.8411	12.3149	31.2134
0.046093	59.1931	12.2359	31.2639
-0.0786546	58.5128	12.1445	31.3177
-0.177898	57.8205	12.0434	31.3726
-0.316972	57.1311	11.9291	31.4278
-0.435183	56.4476	11.8064	31.4813
-0.516937	55.7247	11.6597	31.5374
-0.624472	55.0124	11.503	31.5923
-0.6972	54.3125	11.3532	31.6442
-0.79854	53.6049	11.2045	31.6971
-0.855892	52.8536	11.049	31.7519
-0.903306	52.1105	10.9115	31.8055
-0.933481	51.3422	10.7833	31.8606
-0.93058	50.5922	10.6687	31.9141
-0.907046	49.7954	10.556	31.9713
-0.85934	49.031	10.4613	32.0267
-0.793385	48.2575	10.3732	32.0821
-0.732189	47.4981	10.2853	32.1367
-0.661398	46.7386	10.2057	32.1922
-0.588741	45.999	10.1218	32.2467
-0.459469	45.3144	10.0445	32.2992
-0.387383	44.5956	9.96229	32.354
-0.292451	43.9091	9.874	32.4064
-0.158199	43.2171	9.77754	32.4603
-0.0815257	42.5508	9.67175	32.5123
0.105839	41.824	9.54199	32.5699
0.195239	41.1252	9.39701	32.6247
0.355741	40.4337	9.25018	32.6796
0.434009	39.7397	9.08642	32.7327
0.569921	38.9878	8.91929	32.7894
0.652037	38.2947	8.76153	32.8413
0.707822	37.5999	8.60329	32.8926
0.776148	36.8265	8.45447	32.9489
0.806011	36.1364	8.33415	32.9992
0.812474	35.4128	8.22251	33.0515
0.798747	34.6357	8.12007	33.1077
0.750726	33.9172	8.03701	33.1595
0.714912	33.1892	7.96958	33.212
0.659906	32.4119	7.8899	33.2686
0.565318	31.719	7.82358	33.32
0.466534	31.0469	7.75883	33.3709
0.391907	30.3332	7.69051	33.426
0.231117	29.651	7.61315	33.4814
0.156933	29.0142	7.5392	33.5334
0.0524366	28.3621	7.44594	33.5852
-0.0575465	27.6792	7.33626	33.6391
-0.181479	27.0618	7.22226	33.6893
-0.306683	26.3795	7.078	33.7435
-0.401044	25.6982	6.92869	33.7953
-0.548376	24.9699	6.76601	33.8512
-0.632264	24.2256	6.59183	33.9066
-0.737847	23.5229	6.44091	33.958
-0.796952	22.7853	6.29424	34.0115
-0.832531	22.0596	6.15928	34.0638
-0.848127	21.3025	6.03619	34.1178
-0.839633	20.5507	5.92341	34.1717
-0.807965	19.8086	5.82262	34.2248
-0.75045	19.0443	5.72261	34.2794
-0.699029	18.2459	5.62639	34.3362
-0.612476	17.4843	5.53525	34.3912
-0.535345	16.7574	5.46027	34.444
-0.398395	16.012	5.38028	34.4995
-0.324702	15.2966	5.31172	34.5529
-0.215643	14.6201	5.23731	34.6055
-0.0852598	13.9812	5.16187	34.6568
0.087636	13.3207	5.07173	34.7106
0.168063	12.6016	4.96226	34.7665
0.315384	11.898	4.83494	34.8232
0.429854	11.1757	4.69395	34.8789
0.569578	10.4447	4.53564	34.9352
0.71023	9.72999	4.38244	34.9896
0.799201	9.01901	4.22867	35.0426
0.874355	8.27253	4.064	35.0974
0.96276	7.5702	3.9225	35.1486
1.00333	6.80594	3.77848	35.2041
1.04086	6.02922	3.64928	35.2602
1.04689	5.27625	3.5362	35.3144
1.03408	4.57607	3.43957	35.3648
0.981475	3.78845	3.33574	35.4218
0.92738	3.06676	3.25261	35.474
0.858872	2.33267	3.16666	35.5269
0.737008	1.58731	3.07919	35.5822
0.64081	0.902007	3.00507	35.6334
0.533588	0.209173	2.91981	35.6855
0.390592	-0.502481	2.82716	35.7409
0.290548	-1.19929	2.73361	35.7964
0.117841	-1.82801	2.64287	35.8495
0.00923363	-2.47058	2.54016	35.9013
-0.123434	-3.07921	2.43256	35.952
-0.225708	-3.70738	2.30695	36.005
-0.379668	-4.36934	2.17177	36.0596
-0.518186	-5.00218	2.03664	36.1108
-0.605849	-5.69217	1.88415	36.1646
-0.741476	-6.40942	1.73748	36.2196
-0.809135	-7.15272	1.58667	36.2752
-0.864343	-7.85343	1.45728	36.3271
-0.900315	-8.54988	1.33784	36.3782
-0.915026	-9.26519	1.22868	36.4299
-0.90094	-9.98735	1.12963	36.4823
-0.878521	-10.7379	1.04595	36.5358
-0.832085	-11.483	0.967917	36.5889
-0.752011	-12.2238	0.89474	36.6425
-0.705403	-12.9255	0.836021	36.6932
-0.626508	-13.6243	0.767221	36.7454
-0.533678	-14.3233	0.694628	36.7985
-0.420803	-15.0347	0.620438	36.8542
-0.319292	-15.6919	0.540197	36.9065
-0.221035	-16.3165	0.45369	36.9577
-0.0521856	-16.9041	0.358371	37.0085
0.0496189	-17.5637	0.227394	37.0633
0.158487	-18.2442	0.082286	37.1179
0.296762	-18.911	-0.0690932	37.171
0.372143	-19.6202	-0.237695	37.2245
0.450603	-20.3536	-0.395593	37.2785
0.548353	-21.0926	-0.547425	37.333
0.607741	-21.8125	-0.690888	37.3855
0.651021	-22.5688	-0.824027	37.44
0.683952	-23.2626	-0.936543	37.4901
0.690714	-24.0145	-1.04587	37.5445
0.68104	-24.7713	-1.1483	37.599
0.640989	-25.5164	-1.24081	37.6528
0.590233	-26.2649	-1.31868	37.7074
0.526388	-26.954	-1.38997	37.7578
0.447831	-27.6481	-1.46217	37.8093
0.35337	-28.3854	-1.53416	37.864
0.243575	-29.0637	-1.60696	37.9157
0.112667	-29.7584	-1.6872	37.9695
-0.0535705	-30.4314	-1.7712	38.023
-0.169256	-31.0729	-1.86183	38.0736
-0.286155	-31.7474	-1.96965	38.1286
-0.47459	-32.3691	-2.08099	38.1812
-0.568713	-33.0854	-2.22292	38.2374
-0.708903	-33.7693	-2.36392	38.2912
-0.805468	-34.4459	-2.51724	38.3438
-0.88917	-35.1714	-2.67166	38.398
-0.974052	-35.8561	-2.81625	38.4486
-1.06839	-36.5858	-2.9626	38.5023
-1.12207	-37.3266	-3.10328	38.5559
-1.14458	-38.0732	-3.22882	38.6096
-1.14797	-38.7853	-3.339	38.6609
-1.134	-39.4938	-3.44039	38.7122
-1.09471	-40.2371	-3.53462	38.7655
-1.05892	-40.9575	-3.61855	38.8179
-0.973548	-41.6961	-3.70146	38.8713
-0.91429	-42.4334	-3.77805	38.9247
-0.813725	-43.1521	-3.86319	38.9782
-0.661754	-43.8758	-3.95382	39.0333
-0.585857	-44.5856	-4.04207	39.087
-0.438205	-45.29	-4.13687	39.1419
-0.334626	-45.9403	-4.2269	39.1945
-0.214703	-46.5596	-4.32149	39.2456
-0.106081	-47.1851	-4.4267	39.2972
0.0990873	-47.7939	-4.54115	39.3509
0.179286	-48.4423	-4.67538	39.4044
0.307411	-49.0754	-4.8112	39.4564
0.423422	-49.7031	-4.95129	39.5066
0.548371	-50.3698	-5.09691	39.5579
0.685977	-51.0968	-5.2474	39.6122
0.761096	-51.7999	-5.38387	39.6636
0.817233	-52.5041	-5.51076	39.7146
0.854693	-53.264	-5.63341	39.7687
0.86982	-53.9728	-5.73861	39.8192
0.855312	-54.715	-5.84143	39.8723
0.827619	-55.4618	-5.93261	39.9259
0.754385	-56.24	-6.02795	39.9817
0.687679	-56.9351	-6.1083	40.0318
0.610579	-57.6349	-6.18822	40.0832
0.500074	-58.3036	-6.26268	40.1336
0.423395	-59.0444	-6.34325	40.1885
0.318342	-59.6881	-6.41828	40.2386
0.18431	-60.3854	-6.50333	40.2945
0.0560354	-61.0742	-6.60036	40.3488
-0.0591725	-61.703	-6.7008	40.3991
-0.226736	-62.3648	-6.8243	40.4548
-0.349926	-63.0335	-6.9587	40.5084
-0.522824	-63.714	-7.10255	40.5636
-0.612294	-64.424	-7.26434	40.6186
-0.708762	-65.0868	-7.41168	40.6698
-0.812593	-65.8115	-7.57284	40.7246
-0.879279	-66.5583	-7.72058	40.78
-0.946332	-67.2476	-7.84844	40.8316
-0.980414	-67.982	-7.97077	40.8857
-0.985157	-68.7268	-8.08318	40.9395
-0.971105	-69.4343	-8.18204	40.9905
-0.940536	-70.1451	-8.27395	41.0416
-0.893434	-70.853	-8.35954	41.0933
-0.850451	-71.5941	-8.43841	41.1462
-0.785968	-72.3284	-8.52086	41.1992
-0.658142	-73.052	-8.60236	41.253
-0.584742	-73.7691	-8.67738	41.3066
-0.45376	-74.4926	-8.75982	41.3622
-0.377501	-75.1677	-8.83106	41.4154
-0.255364	-75.8508	-8.91379	41.4702
-0.0792052	-76.4677	-8.99782	41.5213
0.0114267	-77.1705	-9.10929	41.5774
0.11486	-77.8115	-9.22526	41.6291
0.263904	-78.4357	-9.34876	41.6796
0.372588	-79.118	-9.48925	41.7322
0.459365	-79.8237	-9.64276	41.7855
0.57586	-80.5606	-9.78909	41.8411
0.641967	-81.2673	-9.92214	41.8936
0.696001	-82.0269	-10.0584	41.9494
0.74719	-82.7584	-10.1802	42.0022
0.76954	-83.4633	-10.291	42.0528
0.777778	-84.1853	-10.3991	42.1045
0.773397	-84.9429	-10.5068	42.1589
0.743189	-85.69	-10.6091	42.2127
0.70654	-86.4565	-10.703	42.268
0.63657	-87.222	-10.7963	42.3233
0.572068	-87.9664	-10.8796	42.3774
0.471437	-88.6819	-10.9648	42.4303
0.358732	-89.3999	-11.0513	42.4831
0.266351	-90.1353	-11.1365	42.5378
0.138377	-90.8615	-11.2275	42.5933
0.0591172	-91.5732	-11.3154	42.6472
-0.0670098	-92.2894	-11.4174	42.7022
-0.224321	-92.917	-11.5169	42.7526
-0.285642	-93.6071	-11.6431	42.8066
-0.386142	-94.2894	-11.7775	42.8602
-0.525216	-94.9934	-11.9331	42.9157
-0.630223	-95.69	-12.0845	42.9692
-0.735757	-96.4253	-12.2424	43.0246
-0.814581	-97.1443	-12.4032	43.0789
-0.900331	-97.8715	-12.5497	43.1328
-0.938113	-98.605	-12.6889	43.1866
-0.968528	-99.337	-12.813	43.2398
-0.984171	-100.06	-12.9264	43.2919
-0.979193	-100.773	-13.029	43.3428
-0.954301	-101.497	-13.1237	43.3941
-0.926191	-102.247	-13.2111	43.447
-0.852783	-103.01	-13.3022	43.5016
-0.780575	-103.728	-13.3847	43.5538
-0.72103	-104.444	-13.4603	43.6065
-0.65069	-105.135	-13.5412	43.6577
-0.554747	-105.805	-13.6224	43.7095
-0.451458	-106.47	-13.7079	43.7617
-0.324258	-107.176	-13.8071	43.8176
-0.220995	-107.828	-13.9141	43.8699
-0.0605769	-108.462	-14.0307	43.9229
0.0232321	-109.105	-14.1664	43.9758
0.135352	-109.75	-14.3066	44.0282
0.299492	-110.408	-14.455	44.0814
0.388111	-111.057	-14.6023	44.132
0.46509	-111.764	-14.7622	44.1856
0.530841	-112.466	-14.9027	44.2379
0.577226	-113.228	-15.042	44.2932
0.581026	-113.933	-15.1588	44.3439
0.569854	-114.683	-15.2692	44.3973
0.541341	-115.388	-15.3626	44.4476
0.47398	-116.159	-15.4589	44.503
0.439605	-116.908	-15.541	44.5568
0.375592	-117.65	-15.6259	44.6112
0.245858	-118.308	-15.6989	44.6616
0.144964	-119.002	-15.7817	44.7159
0.0789288	-119.658	-15.8613	44.7676
-0.0375062	-120.307	-15.9508	44.8202
-0.201075	-120.952	-16.0504	44.8738
-0.296982	-121.619	-16.1678	44.9292
-0.421511	-122.27	-16.2918	44.9819
-0.570981	-122.94	-16.4259	45.0349
-0.672844	-123.65	-16.5773	45.0893
-0.787002	-124.348	-16.7162	45.1417
-0.866233	-125.094	-16.8589	45.1961
-0.927244	-125.848	-16.9883	45.2503
-0.967999	-126.587	-17.1063	45.3032
-0.979469	-127.338	-17.2159	45.3575
-0.971909	-128.113	-17.3246	45.413
-0.946422	-128.843	-17.4178	45.4659
-0.917543	-129.591	-17.5027	45.5201
-0.844705	-130.321	-17.5865	45.5732
-0.778746	-130.998	-17.6605	45.6234
-0.694933	-131.664	-17.7334	45.6739
-0.598973	-132.325	-17.8083	45.7248
-0.51518	-133.004	-17.885	45.7774
-0.419213	-133.68	-17.972	45.8301
-0.30365	-134.304	-18.0597	45.8807
-0.181102	-134.938	-18.1607	45.9315
0.0117974	-135.588	-18.2777	45.9863
0.114723	-136.249	-18.4144	46.0401
0.286609	-136.887	-18.5528	46.0926
0.375428	-137.623	-18.723	46.1489
0.478873	-138.314	-18.8774	46.2021
0.583359	-138.991	-19.0237	46.2532
0.646163	-139.74	-19.1761	46.3086
0.697396	-140.432	-19.3011	46.3591
0.728056	-141.146	-19.4171	46.4108
0.737095	-141.85	-19.519	46.4616
0.718815	-142.59	-19.6163	46.5149
0.68516	-143.327	-19.6979	46.5683
0.639387	-144.039	-19.775	46.6202
0.579794	-144.731	-19.8465	46.6711
0.485467	-145.457	-19.9208	46.7249
0.402873	-146.133	-19.9883	46.776
0.329078	-146.835	-20.0555	46.8291
0.192457	-147.52	-20.131	46.8824
0.130323	-148.257	-20.215	46.9385
0.0369339	-148.93	-20.3015	46.9901
-0.126153	-149.61	-20.402	47.0439
-0.245378	-150.258	-20.5085	47.0953
-0.322565	-150.914	-20.6352	47.1469
-0.437954	-151.623	-20.7777	47.2011
-0.536343	-152.276	-20.9201	47.2513
-0.688334	-152.972	-21.0727	47.3041
-0.776244	-153.672	-21.2249	47.3559
-0.852199	-154.399	-21.3828	47.4098
-0.937423	-155.127	-21.5234	47.4635
-0.97637	-155.876	-21.6601	47.518
-0.998471	-156.626	-21.7807	47.572
-1.0009	-157.352	-21.8892	47.6243
-0.984095	-158.125	-21.9924	47.6795
-0.935733	-158.911	-22.0934	47.7362
-0.893276	-159.642	-22.1785	47.7885
-0.831796	-160.39	-22.2717	47.8427
-0.727128	-161.118	-22.3626	47.8965
-0.67007	-161.829	-22.4477	47.9487
-0.590659	-162.505	-22.534	47.9992
-0.490597	-163.187	-22.6241	48.0514
-0.334714	-163.867	-22.7171	48.105
-0.246541	-164.528	-22.8127	48.1573
-0.121848	-165.158	-22.9152	48.2087
0.0404426	-165.834	-23.038	48.2639
0.131759	-166.472	-23.1632	48.314
0.268373	-167.118	-23.2981	48.3668
0.360088	-167.788	-23.4506	48.4195
0.505039	-168.501	-23.6031	48.4743
0.589529	-169.2	-23.7495	48.5269
0.663894	-169.871	-23.8868	48.5773
0.725676	-170.554	-24.0069	48.6278
0.764216	-171.271	-24.1205	48.6795
0.784258	-171.996	-24.2231	48.732
0.78018	-172.765	-24.3173	48.7875
0.752556	-173.505	-24.4018	48.8412
0.688601	-174.246	-24.4786	48.8952
0.627354	-174.939	-24.5436	48.9466
0.568333	-175.61	-24.5936	48.9975
0.466417	-176.316	-24.6605	49.0519
0.318754	-176.97	-24.7225	49.1038
0.211792	-177.599	-24.7871	49.1542
0.126163	-178.274	-24.8634	49.2086
-0.0282821	-178.958	-24.9572	49.2645
-0.124044	-179.602	-25.0591	49.3147
-0.227623	-180.277	-25.1847	49.3684
-0.3455	-180.924	-25.3165	49.4188
-0.459706	-181.583	-25.4589	49.4696
-0.602948	-182.304	-25.6171	49.5241
-0.705755	-183.051	-25.7919	49.5801
-0.796203	-183.773	-25.9509	49.6331
-0.895797	-184.537	-26.1159	49.6891
-0.964519	-185.244	-26.2569	49.7409
-1.02843	-185.979	-26.3939	49.7945
-1.05431	-186.73	-26.5247	49.8483
-1.06097	-187.492	-26.6437	49.903
-1.04125	-188.215	-26.7487	49.9552
-1.00902	-188.973	-26.8469	50.0098
-0.952412	-189.682	-26.9328	50.0609
-0.874012	-190.396	-27.0157	50.1133
-0.807395	-191.145	-27.0978	50.1683
-0.680535	-191.869	-27.1822	50.2233
-0.57961	-192.544	-27.2601	50.2755
-0.486022	-193.212	-27.3353	50.3282
-0.363568	-193.839	-27.4163	50.3793
-0.257252	-194.504	-27.515	50.4326
-0.060222	-195.099	-27.6149	50.4849
0.0503054	-195.745	-27.7414	50.5384
0.192261	-196.445	-27.8823	50.5935
0.298841	-197.153	-28.0389	50.6483
0.421465	-197.857	-28.1884	50.702
0.546657	-198.546	-28.3329	50.754
0.609819	-199.233	-28.4726	50.8043
0.692946	-199.948	-28.61	50.8561
0.736307	-200.649	-28.7367	50.9066
0.764458	-201.348	-28.8525	50.9568
0.774322	-202.075	-28.9614	51.0091
0.756418	-202.804	-29.0607	51.0614
0.700535	-203.565	-29.1551	51.1169
0.645008	-204.314	-29.2348	51.1715
0.538575	-205.048	-29.316	51.2258
0.461156	-205.748	-29.3858	51.2783
0.357953	-206.422	-29.4599	51.33
0.227174	-207.064	-29.5314	51.3803
0.13469	-207.699	-29.6046	51.4304
0.00644735	-208.325	-29.6804	51.4819
-0.170767	-208.954	-29.7661	51.5346
-0.261705	-209.619	-29.8672	51.5897
-0.389641	-210.214	-29.969	51.6399
-0.542762	-210.877	-30.0917	51.6938
-0.676612	-211.513	-30.2191	51.7443
-0.78389	-212.192	-30.3592	51.7963
-0.870255	-212.892	-30.5128	51.849
-0.96761	-213.566	-30.6531	51.8993
-1.06226	-214.25	-30.7904	51.9498
-1.14374	-215.034	-30.9358	52.0065
-1.18937	-215.766	-31.0647	52.0589
-1.20473	-216.501	-31.1807	52.1112
-1.20328	-217.278	-31.2936	52.1663
-1.18134	-218.039	-31.3899	52.2199
-1.16193	-218.78	-31.4774	52.2729
-1.09733	-219.553	-31.5639	52.3282
-1.04727	-220.251	-31.63	52.3786
-0.958916	-220.932	-31.7018	52.429
-0.881549	-221.661	-31.7854	52.4832
-0.772362	-222.396	-31.8726	52.5391
-0.687076	-223.086	-31.9656	52.5925
-0.532826	-223.731	-32.0581	52.6455
-0.395585	-224.357	-32.1565	52.6984
-0.310398	-225.01	-32.2738	52.7519
-0.124026	-225.647	-32.3991	52.8063
0.00147295	-226.267	-32.5395	52.8589
0.127919	-226.983	-32.6959	52.9147
0.292438	-227.631	-32.8453	52.9661
0.386634	-228.382	-33.0174	53.0222
0.501575	-229.08	-33.1624	53.0741
0.572964	-229.838	-33.31	53.1288
0.619909	-230.567	-33.4351	53.1809
0.646288	-231.268	-33.5454	53.2313
0.640239	-232.033	-33.6552	53.2867
0.611091	-232.736	-33.745	53.3383
0.563705	-233.462	-33.8221	53.3915
0.469501	-234.191	-33.9	53.4461
0.402086	-234.898	-33.9629	53.4994
0.31486	-235.611	-34.0337	53.5535
0.182532	-236.292	-34.101	53.6065
0.0610645	-236.945	-34.1679	53.6584
-0.0474297	-237.637	-34.2426	53.7132
-0.222304	-238.302	-34.33	53.7676
-0.355058	-238.913	-34.4212	53.8181
-0.482453	-239.523	-34.5255	53.8683
-0.599268	-240.185	-34.6529	53.9228
-0.712262	-240.829	-34.7817	53.9739
-0.857955	-241.525	-34.9312	54.0291
-0.968665	-242.196	-35.0718	54.0807
-1.10102	-242.899	-35.2169	54.1337
-1.22069	-243.599	-35.3589	54.1855
-1.28347	-244.354	-35.5096	54.2413
-1.34422	-245.118	-35.65	54.2965
-1.37095	-245.904	-35.7881	54.3528
-1.36809	-246.629	-35.9033	54.4051
-1.34365	-247.33	-36.0045	54.4555
-1.30001	-248.072	-36.1021	54.5085
-1.23185	-248.818	-36.1855	54.5632
-1.13264	-249.54	-36.2692	54.6161
-1.0665	-250.296	-36.3488	54.6716
-0.960252	-250.976	-36.4257	54.7224
-0.824598	-251.695	-36.5128	54.7773
-0.685584	-252.359	-36.5952	54.8309
-0.536952	-252.985	-36.6847	54.8817
-0.317889	-253.633	-36.7873	54.9371
-0.215245	-254.274	-36.9035	54.9899
-0.0813473	-254.888	-37.0254	55.0415
0.106389	-255.519	-37.155	55.0946
0.23202	-256.21	-37.3041	55.1494
0.357784	-256.857	-37.4394	55.1999
0.476902	-257.537	-37.5764	55.2516
0.569193	-258.23	-37.7098	55.3029
0.67802	-258.968	-37.8424	55.3568
0.745186	-259.672	-37.962	55.4078
0.792229	-260.382	-38.0729	55.4589
0.818814	-261.116	-38.178	55.5114
0.817144	-261.877	-38.2818	55.5664
0.798832	-262.638	-38.3772	55.6216
0.759049	-263.328	-38.4592	55.6716
0.707755	-264.041	-38.5418	55.7235
0.614987	-264.729	-38.6172	55.7745
0.527408	-265.411	-38.6906	55.826
0.435343	-266.077	-38.7634	55.877
0.373888	-266.808	-38.8441	55.9319
0.28189	-267.454	-38.9216	55.9823
0.178818	-268.122	-39.0083	56.0352
0.05752	-268.8	-39.1027	56.0895
-0.05272	-269.474	-39.2123	56.1429
-0.210492	-270.138	-39.3321	56.1975
-0.303861	-270.807	-39.4724	56.2514
-0.397782	-271.466	-39.6146	56.3026
-0.539176	-272.169	-39.768	56.3576
-0.627508	-272.885	-39.9318	56.4123
-0.731388	-273.608	-40.0811	56.4659
-0.799198	-274.32	-40.2202	56.518
-0.837669	-275.089	-40.3609	56.5736
-0.866373	-275.863	-40.4876	56.6291
-0.86718	-276.578	-40.5935	56.6801
-0.850523	-277.361	-40.7014	56.7359
-0.804061	-278.072	-40.7893	56.7867
-0.742413	-278.816	-40.8755	56.8397
-0.680453	-279.581	-40.9525	56.8944
-0.560197	-280.317	-41.0297	56.9484
-0.495375	-281.082	-41.1023	57.004
-0.394923	-281.79	-41.1762	57.0567
-0.260316	-282.463	-41.2499	57.108
-0.178124	-283.165	-41.3309	57.1616
-0.0814582	-283.862	-41.4268	57.2144
0.00221341	-284.529	-41.5295	57.2651
0.105477	-285.25	-41.6568	57.3211
0.192916	-285.91	-41.7844	57.3726
0.280923	-286.585	-41.9234	57.4249
0.406928	-287.291	-42.0735	57.4793
0.457861	-287.97	-42.2323	57.5302
0.523363	-288.687	-42.3883	57.5833
0.620903	-289.41	-42.5406	57.6367
0.665841	-290.133	-42.6848	57.6895
0.686959	-290.826	-42.8158	57.7403
0.694373	-291.556	-42.9362	57.7932
0.687845	-292.259	-43.0411	57.8446
0.66685	-292.947	-43.135	57.895
0.621508	-293.695	-43.2249	57.9502
0.579317	-294.406	-43.3065	58.0019
0.521133	-295.121	-43.3863	58.0543
0.43337	-295.836	-43.4649	58.108
0.375167	-296.54	-43.5374	58.1606
0.303344	-297.263	-43.6225	58.2149
0.178641	-297.908	-43.7001	58.2657
0.111345	-298.614	-43.7917	58.3217
-0.028904	-299.306	-43.8921	58.377
-0.107227	-299.977	-44.003	58.4309
-0.209738	-300.597	-44.1173	58.482
-0.37374	-301.233	-44.2449	58.5364
-0.457576	-301.916	-44.3976	58.5916
-0.571782	-302.549	-44.5417	58.6418
-0.711453	-303.239	-44.6977	58.6962
-0.792689	-303.91	-44.848	58.7467
-0.862954	-304.597	-44.9936	58.7974
-0.908322	-305.335	-45.136	58.8502
-0.939578	-306.096	-45.2691	58.905
-0.949315	-306.802	-45.3744	58.9554
-0.938517	-307.572	-45.4699	59.0108
-0.905725	-308.285	-45.5482	59.0626
-0.850561	-309.001	-45.6199	59.1149
-0.748051	-309.751	-45.6962	59.17
-0.676676	-310.476	-45.7618	59.2242
-0.567564	-311.158	-45.8307	59.2766
-0.473261	-311.823	-45.9001	59.3273
-0.375032	-312.501	-45.9779	59.3796
-0.309342	-313.168	-46.0609	59.4319
-0.194299	-313.828	-46.1626	59.486
-0.0931747	-314.456	-46.2753	59.5368
0.0577531	-315.075	-46.4013	59.5877
0.159142	-315.754	-46.5574	59.6429
0.311866	-316.41	-46.7129	59.6956
0.409244	-317.066	-46.8711	59.7461
0.510386	-317.819	-47.0503	59.8023
0.599684	-318.503	-47.1979	59.8532
0.675076	-319.192	-47.3336	59.9039
0.726665	-319.905	-47.4613	59.9555
0.754943	-320.645	-47.5815	60.0085
0.753424	-321.36	-47.685	60.0603
0.733312	-322.058	-47.7711	60.1112
0.700498	-322.762	-47.8542	60.1627
0.623793	-323.509	-47.9394	60.218
0.566378	-324.236	-48.0143	60.2722
0.499637	-324.909	-48.0884	60.3224
0.415229	-325.615	-48.1715	60.3755
0.280792	-326.316	-48.2589	60.4307
0.213278	-326.971	-48.3404	60.482
0.109781	-327.593	-48.4244	60.532
-0.086717	-328.257	-48.5201	60.5878
-0.182969	-328.884	-48.6201	60.6388
-0.28519	-329.519	-48.7309	60.6906
-0.356609	-330.154	-48.8606	60.7412
-0.457303	-330.843	-49.0031	60.7964
-0.592516	-331.524	-49.1573	60.8512
-0.678258	-332.223	-49.3055	60.9048
-0.794428	-332.942	-49.4532	60.9599
-0.856385	-333.629	-49.5917	61.0111
-0.89943	-334.338	-49.7177	61.0636
-0.932596	-335.048	-49.8322	61.1155
-0.942358	-335.758	-49.9356	61.1669
-0.931943	-336.5	-50.0331	61.2202
-0.907629	-337.268	-50.1191	61.2749
-0.866009	-337.975	-50.1946	61.3253
-0.77502	-338.721	-50.2744	61.3793
-0.705197	-339.424	-50.3477	61.4307
-0.649239	-340.127	-50.4174	61.4828
-0.484655	-340.835	-50.4984	61.5377
-0.395883	-341.53	-50.5801	61.5909
-0.287436	-342.2	-50.6574	61.6447
-0.11124	-342.834	-50.7412	61.698
-0.013824	-343.509	-50.8446	61.7514
0.0964384	-344.152	-50.9606	61.8033
0.271567	-344.802	-51.0908	61.857
0.409227	-345.461	-51.2365	61.909
0.50846	-346.166	-51.406	61.9631
0.612035	-346.868	-51.5639	62.0162
0.707138	-347.541	-51.7105	62.0664
0.805052	-348.267	-51.8549	62.1192
0.862549	-348.983	-51.986	62.1709
0.902976	-349.683	-52.1037	62.2211
0.921579	-350.425	-52.215	62.274
0.907648	-351.178	-52.3194	62.3279
0.8724	-351.885	-52.4084	62.3791
0.821141	-352.584	-52.4899	62.43
0.772545	-353.304	-52.563	62.4825
0.662197	-354.044	-52.6438	62.5381
0.58655	-354.76	-52.7141	62.5924
0.452454	-355.461	-52.7915	62.647
0.340854	-356.125	-52.8669	62.6987
0.222998	-356.755	-52.9439	62.7494
0.119995	-357.423	-53.0341	62.8044
-0.0659399	-358.065	-53.1381	62.8579
-0.182234	-358.719	-53.2577	62.9105
-0.29404	-359.353	-53.3937	62.9625
-0.432153	-359.98	-53.531	63.0134
-0.550365	-360.654	-53.6808	63.066
-0.716041	-361.314	-53.8287	63.1177
-0.812335	-362.017	-53.9785	63.1712
-0.878273	-362.733	-54.128	63.2246
-0.963689	-363.482	-54.2668	63.28
-0.996483	-364.245	-54.3974	63.3356
-1.00837	-364.99	-54.5094	63.3897
-0.992532	-365.708	-54.6048	63.4412
-0.970573	-366.418	-54.6809	63.4921
-0.93159	-367.179	-54.7615	63.5471
-0.862529	-367.938	-54.8285	63.6028
-0.796306	-368.63	-54.894	63.654
-0.672283	-369.306	-54.9616	63.7073
-0.595596	-369.946	-55.0281	63.7576
-0.455415	-370.573	-55.0987	63.809
-0.331949	-371.187	-55.176	63.862
-0.119562	-371.851	-55.2807	63.9191
-0.000788957	-372.478	-55.399	63.973
0.119924	-373.116	-55.5296	64.0245
0.304345	-373.763	-55.6706	64.0782
0.426554	-374.512	-55.8431	64.1347
0.573421	-375.242	-56.0023	64.1897
0.682792	-375.991	-56.1649	64.2449
0.798996	-376.751	-56.3117	64.3004
0.866357	-377.501	-56.4491	64.354
0.917342	-378.198	-56.5635	64.4043
0.944182	-378.926	-56.673	64.4562
0.943744	-379.649	-56.7722	64.5079
0.924564	-380.354	-56.8612	64.5586
0.880378	-381.099	-56.9431	64.6124
0.829185	-381.821	-57.0222	64.6651
0.750018	-382.533	-57.0975	64.7179
0.647262	-383.198	-57.1667	64.7684
0.548526	-383.905	-57.2452	64.8222
0.476094	-384.57	-57.3147	64.8736
0.365544	-385.209	-57.3919	64.9245
0.205862	-385.87	-57.4778	64.9791
0.106733	-386.529	-57.574	65.0334
-0.0625407	-387.175	-57.6834	65.0875
-0.209591	-387.825	-57.8122	65.1423
-0.329065	-388.472	-57.947	65.194
-0.469224	-389.098	-58.0847	65.2445
-0.632006	-389.783	-58.2349	65.2979
-0.73516	-390.443	-58.3808	65.3481
-0.826168	-391.121	-58.5266	65.3989
-0.906581	-391.803	-58.6663	65.4498
-0.962094	-392.533	-58.807	65.5035
-0.995837	-393.252	-58.9261	65.5559
-1.00827	-393.998	-59.0396	65.6102
-0.99892	-394.743	-59.141	65.6642
-0.95354	-395.501	-59.2354	65.7194
-0.909735	-396.26	-59.3183	65.7746
-0.841064	-396.938	-59.3892	65.8247
-0.773483	-397.625	-59.4618	65.8757
-0.643027	-398.315	-59.5368	65.9294
-0.565668	-399.035	-59.6168	65.9854
-0.444897	-399.659	-59.6947	66.0362
-0.287398	-400.291	-59.7825	66.0899
-0.184506	-400.904	-59.8797	66.1427
-0.0503373	-401.5	-59.9853	66.1942
0.094664	-402.185	-60.1147	66.2496
0.18903	-402.897	-60.2588	66.3052
0.315882	-403.575	-60.3974	66.358
0.476964	-404.242	-60.5355	66.4093
0.58856	-404.927	-60.6738	66.4601
0.670679	-405.687	-60.8253	66.5156
0.771883	-406.454	-60.967	66.5712
0.827428	-407.221	-61.1062	66.6263
0.871621	-407.939	-61.226	66.6785
0.890074	-408.654	-61.3388	66.7301
0.892057	-409.371	-61.4452	66.7821
0.876742	-410.066	-61.5433	66.8324
0.847278	-410.765	-61.6287	66.8831
0.795184	-411.492	-61.7173	66.9357
0.733127	-412.215	-61.8005	66.9883
0.646649	-412.955	-61.8851	67.0426
0.57483	-413.631	-61.9529	67.0933
0.491471	-414.304	-62.0299	67.1444
0.356436	-415.008	-62.1142	67.1987
0.243627	-415.64	-62.191	67.249
0.154525	-416.331	-62.2796	67.3048
0.00596472	-416.984	-62.3766	67.3586
-0.123678	-417.653	-62.4881	67.413
-0.191768	-418.313	-62.6149	67.4665
-0.356466	-418.979	-62.7494	67.5215
-0.454577	-419.633	-62.8969	67.5736
-0.561136	-420.321	-63.0463	67.6263
-0.663491	-420.983	-63.1907	67.6765
-0.763269	-421.72	-63.3419	67.7315
-0.821882	-422.418	-63.4796	67.7827
-0.864493	-423.161	-63.6174	67.8367
-0.891789	-423.901	-63.7394	67.89
-0.892999	-424.647	-63.8503	67.9435
-0.877975	-425.398	-63.9532	67.9975
-0.811114	-426.162	-64.0472	68.0531
-0.75847	-426.912	-64.1248	68.1081
-0.650229	-427.647	-64.2032	68.1633
-0.579124	-428.318	-64.2644	68.2145
-0.4729	-428.958	-64.3301	68.2645
-0.359778	-429.593	-64.3981	68.3152
-0.247043	-430.236	-64.4728	68.3668
-0.0624963	-430.885	-64.558	68.4216
0.0723129	-431.495	-64.6486	68.4725
0.176082	-432.157	-64.7646	68.527
0.327293	-432.79	-64.8845	68.5796
0.428373	-433.516	-65.0342	68.6368
0.531913	-434.18	-65.1741	68.6881
0.633561	-434.88	-65.3195	68.7403
0.733694	-435.553	-65.4575	68.7904
0.838118	-436.252	-65.5931	68.8415
0.904488	-436.997	-65.7326	68.8955
0.96164	-437.718	-65.8559	68.9471
0.998694	-438.486	-65.9782	69.002
1.00756	-439.2	-66.0849	69.0532
1.0009	-439.906	-66.1806	69.1041
0.973589	-440.653	-66.2779	69.1575
0.924766	-441.382	-66.3689	69.2097
0.87282	-442.102	-66.4589	69.2618
0.827474	-442.877	-66.5504	69.318
0.755092	-443.556	-66.6302	69.3682
0.685409	-444.234	-66.7094	69.4187
0.555201	-444.924	-66.7931	69.4725
0.462141	-445.57	-66.8739	69.5227
0.379752	-446.217	-66.9568	69.5747
0.272034	-446.846	-67.0506	69.6259
0.180983	-447.512	-67.1588	69.6785
0.0314574	-448.168	-67.2753	69.7314
-0.0472856	-448.909	-67.4152	69.7876
