x	y	z	t
0.474284	450.041	73.7283	0.0510591
0.466781	449.179	73.5888	0.102296
0.454239	448.268	73.4325	0.155948
0.441807	447.413	73.273	0.206202
0.429026	446.536	73.0955	0.257862
0.41659	445.609	72.8984	0.3129
0.391217	444.718	72.6911	0.365991
0.369484	443.81	72.4963	0.420667
0.341735	442.955	72.3183	0.47217
0.311282	442.033	72.1401	0.527544
0.249746	441.109	71.9857	0.583077
0.212388	440.223	71.8493	0.636365
0.126429	439.305	71.7135	0.692641
0.0862132	438.397	71.5831	0.748425
-0.0284561	437.54	71.4526	0.802593
-0.0778908	436.698	71.3098	0.855774
-0.18008	435.819	71.1492	0.911213
-0.295531	435.01	70.9895	0.962425
-0.365279	434.137	70.8156	1.01657
-0.426303	433.322	70.6604	1.06672
-0.458449	432.455	70.5086	1.11976
-0.478026	431.552	70.3655	1.17461
-0.471747	430.669	70.2422	1.22781
-0.447605	429.818	70.1364	1.27938
-0.416592	428.987	70.0392	1.33013
-0.345056	428.07	69.937	1.38616
-0.273914	427.199	69.8333	1.44054
-0.14393	426.391	69.7338	1.49191
-0.0678075	425.541	69.618	1.54609
0.0386613	424.715	69.4831	1.59883
0.210226	423.88	69.3249	1.65308
0.306653	423.077	69.1443	1.70499
0.42535	422.214	68.9568	1.76016
0.539616	421.364	68.7761	1.81378
0.590474	420.535	68.6065	1.86518
0.629442	419.648	68.4467	1.91962
0.648014	418.822	68.3096	1.97008
0.636745	417.952	68.1781	2.02306
0.60154	417.038	68.0592	2.07909
0.541112	416.106	67.9544	2.13601
0.470218	415.246	67.8591	2.18931
0.348483	414.394	67.7651	2.243
0.262821	413.544	67.6748	2.2971
0.169145	412.7	67.5721	2.35113
-0.000830047	411.939	67.469	2.40266
-0.119244	411.169	67.3495	2.45347
-0.217831	410.315	67.1944	2.50977
-0.403174	409.517	67.0379	2.56414
-0.520807	408.688	66.857	2.61896
-0.670472	407.844	66.6827	2.67347
-0.758053	407.03	66.5133	2.72536
-0.856727	406.235	66.3474	2.77583
-0.908923	405.363	66.1879	2.82935
-0.934946	404.498	66.038	2.88243
-0.934423	403.642	65.9023	2.93498
-0.900262	402.768	65.7808	2.98864
-0.843236	401.906	65.6747	3.04128
-0.773815	401.065	65.5839	3.09328
-0.680342	400.211	65.4997	3.14665
-0.581441	399.419	65.4156	3.19724
-0.469902	398.645	65.3298	3.24764
-0.370134	397.875	65.2339	3.29809
-0.260771	397.096	65.1238	3.35008
-0.119914	396.274	64.9888	3.40635
0.0283515	395.485	64.8411	3.45876
0.167122	394.653	64.6739	3.51273
0.305865	393.792	64.4884	3.56854
0.423569	392.951	64.3138	3.62171
0.549047	392.14	64.1474	3.67252
0.610344	391.269	63.975	3.72627
0.663955	390.378	63.8199	3.78067
0.688808	389.539	63.6879	3.83167
0.681933	388.676	63.566	3.88435
0.646481	387.834	63.4589	3.93545
0.603346	386.96	63.3588	3.98834
0.545059	386.133	63.2623	4.03887
0.467422	385.301	63.1621	4.09011
0.350514	384.437	63.0517	4.14443
0.274611	383.596	62.9417	4.19782
0.191118	382.787	62.825	4.24992
0.0312064	381.944	62.6917	4.30523
-0.0393481	381.146	62.5501	4.35824
-0.194669	380.326	62.3968	4.41275
-0.280997	379.457	62.2198	4.46894
-0.376358	378.621	62.0498	4.52228
-0.482429	377.743	61.8665	4.5777
-0.543621	376.897	61.7053	4.63033
-0.588401	376.067	61.5617	4.68144
-0.606755	375.23	61.4343	4.73242
-0.597798	374.316	61.3158	4.7871
-0.568283	373.492	61.2177	4.83725
-0.51589	372.614	61.1181	4.89104
-0.439329	371.695	61.0243	4.94686
-0.36538	370.848	60.9328	4.9993
-0.239159	370.01	60.8404	5.05269
-0.143503	369.195	60.7473	5.10513
-0.0842532	368.402	60.6546	5.15648
0.0307414	367.618	60.5424	5.20828
0.148037	366.794	60.4057	5.26244
0.306074	366.045	60.2598	5.31319
0.40898	365.281	60.0963	5.36363
0.48882	364.417	59.8947	5.41842
0.580903	363.591	59.7109	5.47
0.681547	362.66	59.5133	5.52753
0.736775	361.818	59.3549	5.57874
0.774825	360.915	59.2014	5.6337
0.777395	360.05	59.0681	5.68655
0.759186	359.149	58.9425	5.74163
0.704185	358.216	58.8271	5.79848
0.617263	357.305	58.7156	5.85454
0.535699	356.489	58.6185	5.90549
0.460064	355.589	58.5108	5.9623
0.359742	354.799	58.4081	6.01257
0.233614	353.934	58.2888	6.06869
0.0659332	353.127	58.1629	6.12277
-0.0620644	352.337	58.031	6.1761
-0.154738	351.511	57.8829	6.23119
-0.338136	350.741	57.741	6.2837
-0.444705	349.941	57.5871	6.33662
-0.533831	349.141	57.4369	6.38822
-0.620541	348.288	57.283	6.44215
-0.712149	347.458	57.1385	6.49463
-0.759539	346.594	57.0018	6.54785
-0.788683	345.773	56.8894	6.59797
-0.800662	344.945	56.7896	6.64841
-0.793846	344.091	56.6961	6.70017
-0.746435	343.23	56.6062	6.75287
-0.685189	342.391	56.5196	6.80423
-0.642379	341.507	56.4328	6.85823
-0.568236	340.611	56.3301	6.91371
-0.429227	339.819	56.2339	6.96502
-0.344301	338.949	56.1123	7.02075
-0.219298	338.168	55.9858	7.07244
-0.053291	337.421	55.8461	7.12275
0.0549303	336.566	55.6651	7.1797
0.218645	335.74	55.4861	7.23386
0.319642	334.876	55.2875	7.28962
0.419451	334.065	55.1115	7.34142
0.510359	333.16	54.9217	7.39791
0.55313	332.265	54.7563	7.4531
0.575046	331.42	54.6152	7.5043
0.568098	330.517	54.4805	7.55934
0.546394	329.613	54.3558	7.61398
0.483572	328.765	54.2478	7.66628
0.433554	327.848	54.1399	7.72244
0.326552	327.011	54.0402	7.77514
0.278591	326.108	53.9374	7.83193
0.144557	325.279	53.838	7.88519
0.0812138	324.452	53.7336	7.93966
-0.0166144	323.684	53.6194	7.99053
-0.116921	322.939	53.4935	8.04068
-0.279284	322.148	53.3463	8.09451
-0.389831	321.386	53.1933	8.14552
-0.490579	320.555	53.0168	8.19991
-0.577899	319.759	52.8567	8.25087
-0.674005	318.929	52.697	8.30353
-0.733756	318.085	52.5462	8.35636
-0.772025	317.255	52.414	8.40765
-0.778677	316.379	52.2891	8.46101
-0.803364	315.529	52.1806	8.51275
-0.749115	314.632	52.081	8.56806
-0.666676	313.738	51.9793	8.62361
-0.593173	312.932	51.8922	8.67471
-0.501081	312.143	51.8017	8.72554
-0.410265	311.31	51.6993	8.77954
-0.305407	310.5	51.5823	8.83264
-0.114414	309.745	51.4603	8.88494
0.0286799	309.024	51.327	8.93508
0.119789	308.201	51.1548	8.99007
0.269042	307.452	50.9929	9.0415
0.382922	306.694	50.8265	9.09156
0.532391	305.839	50.6465	9.14729
0.610954	305.041	50.4764	9.198
0.689482	304.152	50.312	9.25349
0.724346	303.323	50.1725	9.30484
0.732479	302.451	50.046	9.358
0.720823	301.567	49.9311	9.41188
0.685	300.644	49.8274	9.46808
0.635297	299.762	49.7283	9.52254
0.545178	298.91	49.6323	9.57543
0.49094	298.057	49.5398	9.62889
0.41707	297.197	49.4337	9.68316
0.273041	296.4	49.3322	9.73553
0.184687	295.628	49.227	9.78563
0.105797	294.743	49.0904	9.84337
-0.0151141	293.977	48.9547	9.89437
-0.143363	293.222	48.8092	9.9449
-0.300713	292.443	48.6492	9.99643
-0.397532	291.603	48.464	10.0512
-0.496839	290.816	48.2963	10.1025
-0.600429	289.982	48.1268	10.1559
-0.634215	289.149	47.9615	10.2085
-0.656847	288.277	47.8072	10.2629
-0.651331	287.428	47.6663	10.3153
-0.632425	286.561	47.5326	10.3683
-0.595258	285.707	47.4111	10.4201
-0.522623	284.849	47.2972	10.4728
-0.428779	284.035	47.1927	10.5236
-0.293566	283.159	47.0802	10.58
-0.186708	282.359	46.9695	10.6316
-0.0659326	281.586	46.858	10.6826
0.121059	280.823	46.7411	10.735
0.247807	280.081	46.6177	10.786
0.320137	279.252	46.4729	10.8417
0.437356	278.518	46.3427	10.8925
0.594823	277.708	46.1963	10.9466
0.700752	276.934	46.0515	10.9974
0.775693	276.085	45.8907	11.0521
0.853805	275.219	45.7395	11.1067
0.892244	274.301	45.5928	11.1636
0.915523	273.398	45.4667	11.2192
0.911573	272.546	45.3597	11.271
0.885216	271.683	45.2582	11.3236
0.845073	270.862	45.166	11.3737
0.788653	270.037	45.0721	11.4245
0.671715	269.208	44.9763	11.4765
0.599976	268.366	44.8813	11.5297
0.51919	267.564	44.7809	11.5811
0.371108	266.713	44.6655	11.6366
0.284187	265.909	44.5462	11.6901
0.086232	265.067	44.4074	11.7475
-0.0182722	264.239	44.2533	11.8027
-0.154795	263.468	44.1029	11.8534
-0.310624	262.629	43.9277	11.9086
-0.436983	261.817	43.7663	11.9598
-0.540507	260.972	43.6052	12.0127
-0.62061	260.134	43.4549	12.0645
-0.693473	259.27	43.3148	12.1177
-0.731735	258.39	43.1915	12.171
-0.746468	257.496	43.0762	12.2251
-0.748895	256.61	42.9754	12.2787
-0.728157	255.735	42.8756	12.3316
-0.690744	254.869	42.7777	12.3847
-0.605754	254.005	42.6771	12.4379
-0.565887	253.188	42.5865	12.4889
-0.487935	252.397	42.4894	12.5393
-0.38319	251.6	42.3841	12.5907
-0.289474	250.802	42.2667	12.6422
-0.180393	249.999	42.1318	12.695
-0.0304571	249.229	41.9842	12.7464
0.0674739	248.41	41.7959	12.8005
0.163267	247.619	41.6104	12.8514
0.27973	246.776	41.416	12.9051
0.392109	245.952	41.2312	12.9567
0.447185	245.027	41.0408	13.0135
0.495239	244.119	40.8782	13.0693
0.509032	243.266	40.7471	13.1211
0.487057	242.33	40.6269	13.1784
0.440112	241.495	40.5342	13.2295
0.383987	240.626	40.447	13.2826
0.31078	239.814	40.3707	13.3328
0.180673	238.949	40.2821	13.387
0.108998	238.069	40.1924	13.4429
-0.0198927	237.209	40.092	13.4992
-0.116067	236.445	39.984	13.5493
-0.271396	235.597	39.8482	13.6051
-0.378745	234.789	39.7055	13.6583
-0.451646	233.924	39.5351	13.7141
-0.613484	233.073	39.3627	13.7688
-0.699046	232.223	39.1802	13.8228
-0.800392	231.395	39.0106	13.8743
-0.900163	230.506	38.8346	13.9292
-0.962921	229.682	38.6878	13.9796
-1.0004	228.797	38.5413	14.0332
-1.01281	227.944	38.4103	14.0853
-0.995896	227.096	38.2873	14.1373
-0.968646	226.227	38.1774	14.1908
-0.885957	225.325	38.0658	14.2464
-0.795658	224.521	37.973	14.297
-0.702508	223.682	37.8807	14.3501
-0.616326	222.881	37.7855	14.4013
-0.502875	222.102	37.6886	14.4522
-0.317361	221.28	37.5769	14.5083
-0.176242	220.5	37.4588	14.5613
-0.0158862	219.772	37.3283	14.6114
0.170403	218.958	37.166	14.6659
0.309171	218.15	36.9809	14.7196
0.427184	217.346	36.802	14.7712
0.547772	216.546	36.6274	14.8224
0.656674	215.692	36.455	14.8756
0.709962	214.779	36.2861	14.932
0.74989	213.904	36.1452	14.9859
0.752022	213.068	36.0263	15.0371
0.730345	212.228	35.9183	15.089
0.687537	211.417	35.8236	15.1393
0.634062	210.581	35.737	15.1913
0.554029	209.74	35.6421	15.2433
0.470908	208.94	35.5513	15.2936
0.336889	208.099	35.4495	15.3469
0.27906	207.233	35.3408	15.4023
0.146752	206.42	35.2263	15.4568
0.0594212	205.581	35.0968	15.5128
-0.035545	204.807	34.9677	15.5643
-0.188575	203.986	34.8182	15.6198
-0.358853	203.127	34.6566	15.6762
-0.458738	202.286	34.491	15.7294
-0.543285	201.447	34.3163	15.7831
-0.62515	200.621	34.155	15.8347
-0.707988	199.759	33.9973	15.8887
-0.731591	198.922	33.857	15.9407
-0.744959	198.039	33.7278	15.9949
-0.728946	197.151	33.6087	16.0493
-0.698246	196.315	33.5128	16.1004
-0.6485	195.406	33.4075	16.156
-0.553608	194.578	33.3171	16.2068
-0.480728	193.703	33.2235	16.2612
-0.362057	192.824	33.1163	16.3168
-0.264021	191.999	33.0118	16.3695
-0.202039	191.218	32.9081	16.4202
-0.113368	190.454	32.7917	16.4706
0.0125605	189.631	32.6485	16.5256
0.185229	188.848	32.4943	16.579
0.279992	188.069	32.3183	16.6307
0.38823	187.247	32.137	16.684
0.488095	186.462	31.9635	16.7345
0.565761	185.638	31.7917	16.7864
0.6288	184.796	31.6357	16.8387
0.643895	183.895	31.4974	16.8943
0.639278	183.008	31.3848	16.9493
0.616534	182.166	31.2959	17.0011
0.578851	181.346	31.204	17.0516
0.524259	180.495	31.1056	17.1039
0.453363	179.654	31.0062	17.1561
0.35117	178.846	30.9084	17.207
0.283913	178.04	30.8062	17.258
0.186837	177.242	30.6963	17.3099
0.135067	176.392	30.5599	17.3655
0.0240656	175.588	30.4084	17.4206
-0.101013	174.794	30.2483	17.474
-0.251336	173.969	30.0756	17.5297
-0.350127	173.176	29.8934	17.5818
-0.452021	172.311	29.7111	17.6372
-0.560252	171.474	29.5417	17.6895
-0.610918	170.625	29.3819	17.7426
-0.646156	169.802	29.249	17.793
-0.651793	168.916	29.1235	17.8467
-0.627413	168.081	29.0193	17.8975
-0.583817	167.233	28.9222	17.949
-0.540616	166.313	28.831	18.0043
-0.468242	165.452	28.7439	18.0568
-0.374665	164.558	28.661	18.1119
-0.294443	163.746	28.5746	18.1628
-0.220876	162.93	28.477	18.2151
-0.120937	162.16	28.375	18.2652
0.0406259	161.366	28.2533	18.3186
0.102949	160.575	28.1082	18.3714
0.272116	159.741	27.9378	18.4283
0.355453	158.934	27.7499	18.4812
0.498793	158.09	27.5634	18.5364
0.59408	157.266	27.3849	18.5889
0.643108	156.42	27.2043	18.6418
0.693404	155.603	27.0521	18.6923
0.725576	154.675	26.8993	18.7497
0.718784	153.852	26.7804	18.8003
0.696262	152.972	26.6728	18.8545
0.637792	152.074	26.5665	18.91
0.590992	151.223	26.4783	18.9624
0.532516	150.354	26.3775	19.0167
0.421929	149.558	26.2849	19.0677
0.373341	148.708	26.1849	19.1211
0.29651	147.936	26.0846	19.1711
0.212517	147.142	25.9696	19.223
0.115716	146.34	25.8381	19.2756
0.0190968	145.585	25.6947	19.3261
-0.100891	144.749	25.5108	19.3824
-0.247692	143.903	25.319	19.4382
-0.318315	143.062	25.1132	19.4927
-0.412892	142.265	24.9357	19.5433
-0.497611	141.458	24.7706	19.5935
-0.551351	140.622	24.6185	19.6449
-0.576443	139.771	24.4831	19.6976
-0.579392	138.948	24.3687	19.7483
-0.553104	138.079	24.2655	19.8022
-0.510903	137.261	24.1722	19.8529
-0.452072	136.418	24.0774	19.9048
-0.354221	135.535	23.9747	19.9594
-0.287317	134.67	23.8764	20.0132
-0.144764	133.812	23.7666	20.0684
-0.0324997	133.016	23.6583	20.1192
0.0285025	132.191	23.534	20.1724
0.138072	131.403	23.4004	20.2237
0.274434	130.618	23.2572	20.2766
0.379758	129.868	23.1091	20.3266
0.541476	129.089	22.9529	20.3783
0.627643	128.258	22.7783	20.4311
0.722553	127.377	22.6064	20.4867
0.811953	126.566	22.4532	20.5373
0.855092	125.715	22.3058	20.5892
0.867206	124.789	22.1619	20.6458
0.867836	123.955	22.0486	20.6969
0.849855	123.13	21.9489	20.7475
0.806558	122.259	21.8563	20.8016
0.75163	121.392	21.7599	20.8555
0.683645	120.578	21.6699	20.9064
0.579649	119.707	21.5729	20.9623
0.482544	118.892	21.4723	21.0144
0.361425	118.116	21.3718	21.0655
0.24273	117.342	21.2625	21.1165
0.0878019	116.522	21.1333	21.1721
-0.0599632	115.695	20.988	21.2269
-0.229598	114.941	20.8436	21.2778
-0.351636	114.13	20.6808	21.3314
-0.457778	113.324	20.5051	21.3847
-0.551589	112.546	20.345	21.4349
-0.658359	111.717	20.1856	21.4885
-0.700028	110.822	20.024	21.5452
-0.745445	109.924	19.8796	21.6011
-0.751888	109.075	19.7597	21.6536
-0.72988	108.168	19.6447	21.7086
-0.700418	107.282	19.5506	21.7622
-0.648284	106.441	19.4595	21.8135
-0.594737	105.6	19.3656	21.8652
-0.472891	104.75	19.2655	21.9188
-0.364732	103.936	19.1643	21.9714
-0.304438	103.094	19.0523	22.0254
-0.197158	102.281	18.9288	22.0781
-0.0394967	101.523	18.7987	22.1298
0.0649918	100.724	18.6418	22.1835
0.206633	99.8811	18.4731	22.2385
0.300854	99.0784	18.3072	22.2905
0.371131	98.1893	18.1225	22.3471
0.485621	97.3319	17.9563	22.4011
0.563158	96.4612	17.7908	22.4555
0.616862	95.6286	17.6487	22.5067
0.651563	94.7814	17.5169	22.5585
0.653989	93.9643	17.403	22.6085
0.635866	93.13	17.2971	22.6594
0.611378	92.2102	17.1897	22.7153
0.543536	91.3391	17.0858	22.7693
0.48188	90.4774	16.9906	22.8236
0.396816	89.669	16.8938	22.875
0.255684	88.8388	16.7897	22.9297
0.149871	88.0525	16.6907	22.9817
0.0856525	87.2723	16.5915	23.0339
-0.023601	86.5155	16.4818	23.0853
-0.14519	85.7869	16.3614	23.1359
-0.315323	84.9674	16.2119	23.1917
-0.389527	84.1501	16.0394	23.2465
-0.523237	83.3386	15.8636	23.3005
-0.61333	82.5055	15.6728	23.3552
-0.72975	81.6171	15.4922	23.4118
-0.784957	80.7439	15.3238	23.4666
-0.835205	79.8351	15.1748	23.5226
-0.8399	79.0063	15.0543	23.5733
-0.824907	78.1338	14.9381	23.6265
-0.779827	77.2306	14.8311	23.682
-0.736865	76.4044	14.7561	23.7332
-0.682729	75.5902	14.6775	23.7839
-0.603213	74.757	14.595	23.8362
-0.471776	73.9056	14.5043	23.8907
-0.411338	73.0894	14.4136	23.9435
-0.299931	72.226	14.2936	23.9998
-0.143046	71.4596	14.1714	24.0507
-0.0442538	70.6594	14.0153	24.1047
0.163278	69.8597	13.8456	24.1594
0.287088	68.9957	13.6482	24.2157
0.401455	68.1734	13.4668	24.2682
0.545772	67.3844	13.2951	24.3185
0.634608	66.5299	13.1214	24.3717
0.684573	65.6348	12.9496	24.4266
0.726296	64.7871	12.8046	24.4785
0.747239	63.9245	12.6722	24.5309
0.744932	63.012	12.5495	24.5865
0.719467	62.1531	12.442	24.6388
0.669486	61.2787	12.3424	24.6931
0.598298	60.4142	12.2395	24.7475
0.495305	59.5575	12.1374	24.8024
0.436348	58.7682	12.0513	24.8529
0.349429	57.9476	11.9503	24.9066
0.249674	57.1755	11.8512	24.9574
0.0936643	56.3978	11.7393	25.0097
0.0210571	55.5648	11.6036	25.0656
-0.105501	54.8028	11.4675	25.1174
-0.295395	54.0557	11.3228	25.1687
-0.414252	53.2381	11.1567	25.2231
-0.514033	52.4215	10.995	25.2762
-0.647338	51.5556	10.83	25.332
-0.716482	50.6931	10.6726	25.3865
-0.775497	49.8012	10.5313	25.4421
-0.795081	48.9874	10.4188	25.4924
-0.79855	48.089	10.3113	25.5476
-0.768827	47.2012	10.2079	25.6025
-0.735813	46.3759	10.1293	25.6529
-0.679469	45.5353	10.0387	25.7049
-0.567517	44.634	9.9363	25.7612
-0.483801	43.7756	9.84508	25.8146
-0.396784	42.9476	9.74841	25.8666
-0.238965	42.0922	9.64297	25.9216
-0.162014	41.2099	9.52329	25.9774
-0.0253167	40.3334	9.37795	26.034
0.0897768	39.4689	9.2123	26.0893
0.261526	38.7012	9.03933	26.1395
0.374816	37.8923	8.84211	26.1919
0.488971	37.0906	8.63983	26.2428
0.576451	36.2665	8.43016	26.2948
0.655237	35.4321	8.24935	26.3463
0.723423	34.5111	8.07246	26.403
0.743918	33.6726	7.92449	26.4542
0.749883	32.8371	7.79361	26.5053
0.718853	31.9147	7.65607	26.5622
0.680327	31.0836	7.53989	26.6132
0.63293	30.2345	7.41955	26.6661
0.577509	29.3978	7.30325	26.7186
0.487102	28.6147	7.19758	26.7687
0.38585	27.8398	7.09247	26.8192
0.244666	27.0252	6.97937	26.8745
0.0500858	26.2099	6.85693	26.9311
-0.0327547	25.399	6.72884	26.9851
-0.15128	24.6596	6.60591	27.0357
-0.281481	23.8694	6.46837	27.088
-0.409781	23.1058	6.33413	27.1381
-0.569161	22.2849	6.1894	27.1914
-0.647773	21.4401	6.04439	27.2449
-0.723719	20.5575	5.90103	27.3006
-0.742365	19.7042	5.77502	27.3536
-0.738127	18.8898	5.6645	27.4037
-0.71856	17.9952	5.54904	27.4588
-0.66114	17.1139	5.44274	27.5132
-0.603238	16.237	5.34761	27.5675
-0.509912	15.3635	5.24448	27.6217
-0.436785	14.5311	5.14861	27.674
-0.352852	13.7371	5.04821	27.7248
-0.248439	12.9626	4.9487	27.7748
-0.14447	12.1515	4.8408	27.8265
0.0330144	11.3204	4.72421	27.8807
0.122735	10.4571	4.58966	27.9362
0.268035	9.62982	4.44477	27.9904
0.382071	8.81512	4.28794	28.0435
0.463889	7.92867	4.10016	28.1001
0.574018	7.15423	3.93302	28.1502
0.684204	6.30607	3.74732	28.2048
0.762198	5.47901	3.57833	28.2564
0.815573	4.65427	3.42025	28.3073
0.853556	3.84021	3.27555	28.3574
0.871247	2.99911	3.14014	28.4093
0.863522	2.15808	3.01677	28.4617
0.849621	1.26076	2.90124	28.5172
0.810148	0.435207	2.8003	28.5683
0.72818	-0.420173	2.69635	28.6221
0.67574	-1.24862	2.60139	28.6747
0.593202	-2.09122	2.49496	28.7289
0.450282	-2.90332	2.38823	28.7832
0.350019	-3.70168	2.28002	28.837
0.192266	-4.47686	2.16021	28.8909
0.0633709	-5.26682	2.02769	28.9437
-0.0573465	-6.01731	1.88311	28.9951
-0.187822	-6.83924	1.72119	29.0503
-0.358204	-7.67009	1.54708	29.1058
-0.470616	-8.48173	1.38451	29.1586
-0.599338	-9.28545	1.22955	29.2106
-0.660245	-10.1602	1.07338	29.2657
-0.70021	-10.9882	0.943943	29.3176
-0.717394	-11.862	0.821278	29.372
-0.70878	-12.7421	0.713063	29.4263
-0.668803	-13.6074	0.611341	29.4797
-0.590393	-14.4629	0.513737	29.5327
-0.514349	-15.3169	0.421145	29.5863
-0.42345	-16.117	0.32533	29.6376
-0.331286	-16.8983	0.226016	29.6887
-0.167275	-17.6634	0.119498	29.7406
-0.0653593	-18.4414	-0.00261354	29.7925
0.0360433	-19.2785	-0.156463	29.8473
0.194652	-20.1218	-0.325796	29.9027
0.279365	-20.9569	-0.516866	29.9568
0.407402	-21.7481	-0.696046	30.0086
0.500217	-22.5464	-0.871302	30.0588
0.564625	-23.3564	-1.037	30.1096
0.62472	-24.25	-1.20282	30.1653
0.655288	-25.1555	-1.347	30.2212
0.649173	-25.9719	-1.45959	30.2719
0.626935	-26.8506	-1.55986	30.3262
0.587087	-27.7203	-1.65401	30.3794
0.497283	-28.5912	-1.74434	30.4332
0.407588	-29.3789	-1.82505	30.4833
0.349874	-30.2018	-1.9095	30.5354
0.224756	-31.0448	-2.01289	30.5907
0.171877	-31.8911	-2.12745	30.6463
0.0508851	-32.665	-2.24929	30.6996
-0.129744	-33.4224	-2.38244	30.7519
-0.231548	-34.1934	-2.53829	30.8047
-0.336738	-35.0061	-2.707	30.8581
-0.459809	-35.7842	-2.87795	30.9088
-0.594768	-36.6259	-3.05447	30.9628
-0.656468	-37.4979	-3.22879	31.0175
-0.718613	-38.3777	-3.3773	31.0722
-0.742171	-39.1971	-3.49736	31.1233
-0.742582	-40.0173	-3.59818	31.1746
-0.713291	-40.9021	-3.70807	31.2295
-0.6514	-41.7596	-3.80955	31.2826
-0.588273	-42.6459	-3.90879	31.3376
-0.505687	-43.4533	-4.00293	31.388
-0.386291	-44.298	-4.10405	31.442
-0.32505	-45.1636	-4.20971	31.4973
-0.177723	-45.9747	-4.32277	31.5516
-0.0616488	-46.7358	-4.44078	31.6032
0.0303113	-47.5242	-4.58505	31.6562
0.154791	-48.3048	-4.74349	31.7089
0.311151	-49.08	-4.91445	31.7612
0.432005	-49.9122	-5.10816	31.8154
0.533289	-50.7476	-5.28577	31.8679
0.634331	-51.6191	-5.46086	31.9218
0.697011	-52.4448	-5.61649	31.9725
0.738797	-53.3242	-5.76886	32.0262
0.764833	-54.1537	-5.89498	32.0768
0.75617	-55.0273	-6.01177	32.1306
0.706084	-55.9026	-6.10442	32.185
0.638669	-56.7387	-6.18658	32.2369
0.532033	-57.6079	-6.26892	32.2916
0.432413	-58.4509	-6.33887	32.345
0.341999	-59.3143	-6.42883	32.3994
0.238584	-60.081	-6.51083	32.4495
0.0814724	-60.8849	-6.61211	32.5027
-0.0266766	-61.6428	-6.72567	32.5529
-0.110073	-62.4203	-6.85936	32.604
-0.1791	-63.2055	-7.02073	32.6565
-0.294393	-63.9942	-7.18995	32.7081
-0.436775	-64.8056	-7.3671	32.7613
-0.520229	-65.6541	-7.559	32.816
-0.60095	-66.5234	-7.72784	32.8714
-0.674874	-67.3502	-7.87522	32.9241
-0.69407	-68.1905	-8.0055	32.9769
-0.69283	-69.0815	-8.12694	33.0317
-0.671586	-69.9098	-8.22534	33.0829
-0.637542	-70.738	-8.31488	33.1339
-0.598968	-71.6096	-8.4016	33.1874
-0.537176	-72.4588	-8.49415	33.2402
-0.397679	-73.319	-8.59399	33.2951
-0.32164	-74.179	-8.69527	33.35
-0.17481	-74.9934	-8.80418	33.4038
-0.0708589	-75.7949	-8.92612	33.457
0.0696051	-76.6014	-9.06766	33.5102
0.24169	-77.3984	-9.22888	33.5649
0.375787	-78.1396	-9.39512	33.6154
0.485567	-78.8992	-9.58743	33.6661
0.60614	-79.712	-9.77518	33.7187
0.724575	-80.5941	-9.96471	33.7751
0.785622	-81.4148	-10.1335	33.8259
0.839562	-82.3252	-10.2915	33.8816
0.86125	-83.2339	-10.4295	33.9372
0.85783	-84.0984	-10.5437	33.99
0.832279	-84.9287	-10.6407	34.041
0.761101	-85.8031	-10.7346	34.0953
0.715998	-86.6612	-10.814	34.1489
0.648515	-87.4586	-10.8961	34.1997
0.530701	-88.3078	-10.9912	34.2545
0.460743	-89.0872	-11.0788	34.3059
0.329042	-89.9263	-11.1929	34.3615
0.179637	-90.6677	-11.3017	34.4125
0.0766463	-91.44	-11.43	34.4643
0.0117427	-92.2565	-11.5879	34.5183
-0.0973654	-93.0323	-11.7491	34.57
-0.235	-93.8161	-11.9175	34.6224
-0.305626	-94.6918	-12.1142	34.679
-0.416156	-95.5144	-12.2867	34.7321
-0.445182	-96.3807	-12.4585	34.7867
-0.464039	-97.2574	-12.6084	34.8412
-0.462267	-98.1306	-12.745	34.8951
-0.436046	-99.0188	-12.8741	34.9491
-0.381251	-99.9053	-12.9997	35.0027
-0.309264	-100.772	-13.12	35.0554
-0.233269	-101.61	-13.2338	35.1062
-0.133053	-102.508	-13.3617	35.1617
0.0126181	-103.276	-13.4746	35.212
0.0651609	-104.071	-13.6013	35.2622
0.220037	-104.867	-13.7389	35.3157
0.299052	-105.679	-13.8935	35.3695
0.453943	-106.442	-14.0389	35.422
0.525777	-107.284	-14.2016	35.4779
0.645707	-108.039	-14.3415	35.5292
0.785352	-108.857	-14.4867	35.5842
0.865904	-109.641	-14.6228	35.6355
0.912147	-110.438	-14.7573	35.687
0.966453	-111.228	-14.8828	35.7374
1.00304	-112.082	-15.0117	35.7909
1.02839	-112.949	-15.1353	35.8449
1.01642	-113.777	-15.2405	35.8959
0.983543	-114.605	-15.3296	35.9472
0.933572	-115.426	-15.4133	35.9981
0.86291	-116.285	-15.5004	36.0517
0.764193	-117.171	-15.5848	36.1077
0.672129	-117.971	-15.6726	36.1585
0.507422	-118.803	-15.772	36.2135
0.429444	-119.622	-15.8737	36.2668
0.324723	-120.466	-15.9919	36.3218
0.183672	-121.228	-16.1069	36.3737
0.0767266	-121.974	-16.2332	36.4241
-0.0155634	-122.828	-16.3949	36.4808
-0.121583	-123.591	-16.5491	36.532
-0.275379	-124.387	-16.7141	36.5859
-0.382173	-125.203	-16.8892	36.6398
-0.520216	-126.08	-17.0585	36.6961
-0.601627	-126.917	-17.2106	36.7493
-0.655276	-127.764	-17.3447	36.8023
-0.695687	-128.641	-17.4636	36.857
-0.703236	-129.506	-17.5695	36.9102
-0.66755	-130.398	-17.6722	36.9655
-0.628556	-131.222	-17.75	37.0164
-0.577558	-132.039	-17.8369	37.0669
-0.507789	-132.896	-17.9337	37.1199
-0.380431	-133.735	-18.0317	37.1734
-0.29473	-134.55	-18.1299	37.2258
-0.231422	-135.407	-18.2379	37.2806
-0.139557	-136.19	-18.3502	37.3313
-0.017034	-136.988	-18.4809	37.384
0.101845	-137.763	-18.6251	37.4351
0.17933	-138.547	-18.7999	37.4877
0.265494	-139.351	-18.9807	37.5402
0.410618	-140.196	-19.1733	37.596
0.480651	-141.035	-19.3701	37.6491
0.548849	-141.849	-19.5368	37.7004
0.610725	-142.69	-19.6923	37.7529
0.630336	-143.558	-19.8346	37.8066
0.621892	-144.381	-19.9538	37.8578
0.582523	-145.283	-20.0785	37.9135
0.538048	-146.119	-20.1889	37.9651
0.501677	-146.993	-20.2969	38.0194
0.456404	-147.841	-20.4044	38.0728
0.361313	-148.632	-20.5056	38.1237
0.283005	-149.406	-20.6074	38.1742
0.191861	-150.16	-20.7118	38.2246
0.0959729	-150.987	-20.8384	38.2796
-0.0377276	-151.795	-20.9743	38.3334
-0.126843	-152.595	-21.1155	38.386
-0.223215	-153.396	-21.2674	38.4394
-0.337174	-154.184	-21.4176	38.4911
-0.467504	-154.985	-21.569	38.5438
-0.534296	-155.811	-21.7235	38.5981
-0.616593	-156.653	-21.8698	38.6524
-0.655376	-157.487	-22.0062	38.7052
-0.674716	-158.361	-22.1344	38.76
-0.675065	-159.253	-22.2582	38.815
-0.675552	-160.097	-22.3673	38.8677
-0.619702	-160.924	-22.43	38.9178
-0.567358	-161.769	-22.5151	38.9695
-0.496488	-162.606	-22.6011	39.021
-0.384883	-163.421	-22.6879	39.0724
-0.284049	-164.277	-22.7867	39.1265
-0.226581	-165.108	-22.8859	39.1795
-0.0806239	-165.923	-23.0017	39.2336
-0.0195752	-166.763	-23.1421	39.288
0.129952	-167.586	-23.2984	39.3428
0.223855	-168.409	-23.4863	39.3982
0.33747	-169.236	-23.6742	39.4525
0.478065	-169.999	-23.8546	39.5032
0.547239	-170.788	-24.0351	39.5542
0.592344	-171.632	-24.2217	39.6074
0.630242	-172.441	-24.3756	39.6578
0.652318	-173.28	-24.5181	39.7094
0.656427	-174.168	-24.6526	39.7637
0.633978	-175.009	-24.7642	39.8151
0.604044	-175.855	-24.8643	39.8671
0.550041	-176.701	-24.9489	39.9195
0.468661	-177.539	-25.0382	39.9722
0.31175	-178.384	-25.1292	40.027
0.209122	-179.244	-25.2193	40.0829
0.0445786	-180.015	-25.3107	40.1344
-0.0500991	-180.83	-25.4236	40.1882
-0.177007	-181.58	-25.5451	40.239
-0.371612	-182.371	-25.6902	40.2935
-0.423746	-183.127	-25.8437	40.3437
-0.571826	-183.912	-26.0121	40.3964
-0.68468	-184.68	-26.1811	40.447
-0.763766	-185.51	-26.3644	40.5011
-0.859634	-186.334	-26.5283	40.5543
-0.908078	-187.204	-26.6869	40.6089
-0.950051	-188.086	-26.8253	40.6634
-0.94941	-188.974	-26.9448	40.7181
-0.921652	-189.883	-27.058	40.7739
-0.874505	-190.727	-27.1537	40.8269
-0.809217	-191.591	-27.2321	40.8812
-0.702799	-192.439	-27.3149	40.9347
-0.610886	-193.253	-27.3932	40.987
-0.529138	-194.035	-27.4623	41.0381
-0.425203	-194.855	-27.5572	41.0923
-0.254735	-195.591	-27.6517	41.1439
-0.19589	-196.433	-27.7795	41.1994
-0.0587678	-197.21	-27.919	41.2533
0.0786933	-197.931	-28.0698	41.3033
0.27663	-198.71	-28.247	41.3575
0.377559	-199.505	-28.4532	41.4092
0.481372	-200.332	-28.6518	41.4621
0.578866	-201.117	-28.8347	41.5126
0.672822	-201.937	-29.0064	41.5642
0.718399	-202.786	-29.1644	41.6171
0.740737	-203.688	-29.3091	41.6725
0.720004	-204.565	-29.4306	41.7263
0.70123	-205.438	-29.5338	41.7802
0.646379	-206.255	-29.6278	41.8314
0.547206	-207.089	-29.7247	41.8845
0.450681	-207.879	-29.8178	41.9362
0.382095	-208.697	-29.9145	41.991
0.215411	-209.46	-30.0132	42.0455
0.159229	-210.255	-30.125	42.0986
0.049191	-210.978	-30.2429	42.1487
-0.0898708	-211.771	-30.3856	42.203
-0.280664	-212.508	-30.5299	42.2544
-0.376356	-213.325	-30.6998	42.3083
-0.49007	-214.106	-30.8565	42.3594
-0.585199	-214.942	-31.0174	42.4138
-0.668684	-215.797	-31.1726	42.4682
-0.712012	-216.632	-31.3089	42.5207
-0.739731	-217.53	-31.4346	42.5758
-0.75366	-218.439	-31.5392	42.6311
-0.714968	-219.343	-31.6372	42.686
-0.675763	-220.189	-31.7237	42.7377
-0.625205	-221.001	-31.8075	42.7881
-0.588906	-221.864	-31.8971	42.8423
-0.520671	-222.664	-31.9904	42.8934
-0.385592	-223.472	-32.0932	42.9474
-0.307368	-224.249	-32.2064	43.0002
-0.191822	-224.997	-32.337	43.0521
-0.0432241	-225.746	-32.4873	43.1045
0.0690249	-226.542	-32.6701	43.1593
0.174138	-227.368	-32.8591	43.2137
0.309414	-228.224	-33.0643	43.2694
0.408265	-229.061	-33.2435	43.3221
0.49636	-229.935	-33.416	43.3763
0.533926	-230.792	-33.5718	43.4287
0.552958	-231.626	-33.704	43.4794
0.535431	-232.539	-33.8341	43.5352
0.491877	-233.409	-33.9465	43.5887
0.451467	-234.289	-34.0424	43.6433
0.341487	-235.144	-34.1375	43.6973
0.268158	-235.951	-34.2187	43.7486
0.181144	-236.733	-34.3093	43.8
0.0949578	-237.543	-34.4105	43.8537
-0.0149541	-238.288	-34.5107	43.904
-0.19772	-239.029	-34.6244	43.9568
-0.276079	-239.819	-34.761	44.012
-0.437037	-240.6	-34.9063	44.0669
-0.509204	-241.411	-35.0714	44.1208
-0.622792	-242.245	-35.241	44.1756
-0.756254	-243.066	-35.4094	44.2284
-0.847072	-243.878	-35.5754	44.2804
-0.930515	-244.75	-35.7301	44.3352
-0.976528	-245.613	-35.8705	44.3885
-1.01547	-246.472	-35.9907	44.4418
-1.03253	-247.301	-36.0929	44.4929
-1.03437	-248.181	-36.1939	44.5466
-1.03158	-249.076	-36.2849	44.6012
-1.00221	-249.93	-36.3797	44.6535
-0.948878	-250.759	-36.4732	44.7042
-0.851329	-251.587	-36.5679	44.7552
-0.777937	-252.471	-36.6709	44.81
-0.668668	-253.296	-36.7779	44.8617
-0.570456	-254.106	-36.8898	44.9133
-0.470884	-254.892	-37.0067	44.9646
-0.308853	-255.658	-37.1298	45.0166
-0.225543	-256.48	-37.2796	45.0704
-0.080545	-257.204	-37.4251	45.1205
0.0865355	-258.03	-37.5994	45.1757
0.197762	-258.881	-37.7954	45.2311
0.327181	-259.676	-37.9711	45.2827
0.460404	-260.507	-38.1446	45.3353
0.546421	-261.361	-38.3112	45.3883
0.613009	-262.182	-38.4645	45.4392
0.641429	-263.074	-38.6197	45.4935
0.638474	-263.948	-38.7533	45.5465
0.606825	-264.774	-38.8638	45.5974
0.556523	-265.64	-38.9612	45.6509
0.479194	-266.502	-39.0585	45.7047
0.355635	-267.312	-39.1468	45.7563
0.257602	-268.141	-39.2403	45.8094
0.16131	-268.947	-39.3303	45.8626
0.0114938	-269.759	-39.431	45.9178
-0.0874059	-270.522	-39.5257	45.9705
-0.24606	-271.293	-39.6338	46.025
-0.361358	-272.026	-39.7491	46.0758
-0.485518	-272.806	-39.885	46.1298
-0.587352	-273.615	-40.0456	46.184
-0.758312	-274.412	-40.2053	46.2364
-0.852731	-275.196	-40.3634	46.2866
-0.9586	-276.001	-40.5183	46.3374
-1.03284	-276.852	-40.672	46.3897
-1.09559	-277.683	-40.8052	46.4408
-1.13971	-278.544	-40.9353	46.4934
-1.1413	-279.403	-41.0555	46.546
-1.11671	-280.216	-41.162	46.5961
-1.09472	-281.035	-41.2637	46.6463
-1.02912	-281.844	-41.3626	46.6965
-0.910523	-282.634	-41.4578	46.7466
-0.830893	-283.493	-41.5571	46.8017
-0.678778	-284.328	-41.6686	46.8568
-0.531218	-285.077	-41.7802	46.9083
-0.407972	-285.833	-41.9156	46.96
-0.247449	-286.612	-42.071	47.0131
-0.0559449	-287.42	-42.2465	47.0676
0.0856283	-288.259	-42.4413	47.1221
0.212794	-289.069	-42.6194	47.1743
0.308813	-289.861	-42.7837	47.2244
0.379971	-290.679	-42.9388	47.2758
0.394174	-291.568	-43.0896	47.3308
0.381486	-292.4	-43.2159	47.3828
0.34717	-293.214	-43.3289	47.4333
0.279161	-294.092	-43.4421	47.4877
0.219501	-294.967	-43.543	47.5411
0.11087	-295.845	-43.6502	47.5965
0.0319069	-296.656	-43.7507	47.6481
-0.0314463	-297.491	-43.8568	47.7018
-0.143851	-298.261	-43.9635	47.7538
-0.292414	-299.029	-44.0841	47.807
-0.341092	-299.814	-44.2222	47.8604
-0.545099	-300.551	-44.3574	47.9157
-0.622116	-301.33	-44.5092	47.97
-0.755532	-302.126	-44.6597	48.0246
-0.89677	-302.947	-44.8218	48.0802
-1.00374	-303.802	-44.9815	48.1358
-1.10779	-304.609	-45.1312	48.187
-1.17468	-305.44	-45.2762	48.2388
-1.21228	-306.326	-45.4205	48.2934
-1.20456	-307.251	-45.5578	48.3495
-1.18289	-308.139	-45.6713	48.4035
-1.11467	-308.958	-45.7734	48.4539
-0.979722	-309.788	-45.8762	48.5069
-0.875791	-310.651	-45.9794	48.5615
-0.726987	-311.486	-46.0904	48.6159
-0.584608	-312.261	-46.2007	48.667
-0.354115	-313.032	-46.3204	48.7202
-0.210864	-313.796	-46.4561	48.7737
-0.033074	-314.536	-46.5975	48.8251
0.135053	-315.323	-46.7519	48.877
0.256843	-316.135	-46.9109	48.9298
0.363992	-316.929	-47.0752	48.9812
0.475874	-317.792	-47.236	49.0355
0.571652	-318.597	-47.3737	49.0859
0.621378	-319.434	-47.4985	49.1378
0.644498	-320.261	-47.605	49.1899
0.644798	-321.089	-47.6905	49.2418
0.618814	-321.889	-47.7709	49.292
0.57195	-322.761	-47.863	49.3462
0.52189	-323.56	-47.9456	49.3964
0.449374	-324.426	-48.0377	49.451
0.375349	-325.226	-48.1351	49.5016
0.298659	-326.037	-48.2415	49.5531
0.208988	-326.824	-48.3511	49.6042
0.129997	-327.593	-48.4647	49.6548
-0.0485631	-328.367	-48.5893	49.7068
-0.140668	-329.148	-48.7238	49.759
-0.213847	-329.973	-48.8796	49.8138
-0.313409	-330.743	-49.0285	49.8655
-0.446037	-331.558	-49.1877	49.9201
-0.521806	-332.369	-49.3543	49.9735
-0.610259	-333.158	-49.5081	50.0246
-0.706257	-334.01	-49.6664	50.0796
-0.744118	-334.809	-49.8073	50.1301
-0.757679	-335.614	-49.9366	50.1807
-0.758253	-336.495	-50.0667	50.2351
-0.73578	-337.388	-50.1962	50.2903
-0.701931	-338.224	-50.3146	50.3414
-0.663277	-339.094	-50.4384	50.3947
-0.579325	-339.939	-50.5564	50.4472
-0.526238	-340.801	-50.6734	50.5011
-0.441546	-341.648	-50.7929	50.5552
-0.313804	-342.509	-50.916	50.6114
-0.197691	-343.297	-51.0326	50.6633
-0.105659	-344.082	-51.153	50.7148
0.00159573	-344.846	-51.2779	50.7654
0.153572	-345.624	-51.4153	50.8172
0.250972	-346.411	-51.5651	50.8689
0.362506	-347.2	-51.7198	50.9209
0.451344	-348	-51.8857	50.9728
0.588732	-348.836	-52.0478	51.0263
0.66125	-349.722	-52.2116	51.0821
0.733251	-350.547	-52.3483	51.1339
0.788459	-351.404	-52.4766	51.1871
0.803945	-352.219	-52.5862	51.2379
0.795215	-353.057	-52.6894	51.2902
0.763353	-353.863	-52.7824	51.3409
0.722461	-354.734	-52.8772	51.3958
0.6525	-355.614	-52.9731	51.4511
0.576787	-356.458	-53.0722	51.5041
0.471667	-357.284	-53.174	51.5574
0.395497	-358.116	-53.2824	51.6107
0.320901	-358.966	-53.3954	51.666
0.226542	-359.73	-53.5049	51.7168
0.0893298	-360.538	-53.6324	51.7709
0.0188899	-361.362	-53.7779	51.8259
-0.113061	-362.16	-53.9292	51.8797
-0.199351	-362.962	-54.097	51.934
-0.306134	-363.724	-54.2536	51.9847
-0.413033	-364.514	-54.4084	52.0355
-0.517386	-365.306	-54.5533	52.0857
-0.600313	-366.131	-54.6919	52.1368
-0.66066	-366.977	-54.8215	52.1889
-0.687017	-367.86	-54.9433	52.2431
-0.654498	-368.763	-55.0625	52.2985
-0.632882	-369.645	-55.1662	52.3526
-0.572849	-370.478	-55.2665	52.4043
-0.465699	-371.311	-55.3657	52.4573
-0.393175	-372.105	-55.4596	52.5075
-0.279871	-372.902	-55.5584	52.5604
-0.219239	-373.736	-55.6657	52.6153
-0.0554108	-374.55	-55.7932	52.6695
0.0523849	-375.333	-55.9413	52.7222
0.176405	-376.094	-56.1006	52.773
0.294759	-376.895	-56.2774	52.8248
0.44935	-377.748	-56.4625	52.8797
0.532407	-378.545	-56.6308	52.9299
0.599067	-379.427	-56.8026	52.9838
0.631882	-380.272	-56.9469	53.0351
0.636483	-381.153	-57.0811	53.0884
0.614657	-382.024	-57.1983	53.1413
0.574991	-382.861	-57.2927	53.1924
0.513795	-383.737	-57.3977	53.2462
0.45132	-384.556	-57.4977	53.2974
0.373782	-385.41	-57.5986	53.3522
0.300781	-386.223	-57.6947	53.4061
0.15241	-386.985	-57.7879	53.4583
0.0956753	-387.805	-57.9018	53.5138
-0.00275546	-388.558	-58.0256	53.5655
-0.13746	-389.357	-58.1708	53.62
-0.260387	-390.106	-58.3244	53.6727
-0.372935	-390.848	-58.4773	53.723
-0.491107	-391.648	-58.642	53.7757
-0.629763	-392.488	-58.8077	53.8307
-0.707042	-393.318	-58.9669	53.884
-0.78848	-394.177	-59.1106	53.938
-0.830058	-395.056	-59.2389	53.9924
-0.839798	-395.94	-59.3591	54.0468
-0.821422	-396.771	-59.4635	54.0977
-0.761786	-397.618	-59.564	54.1497
-0.70467	-398.494	-59.6593	54.2043
-0.60978	-399.303	-59.7534	54.2553
-0.513112	-400.084	-59.8482	54.3054
-0.337208	-400.846	-59.9463	54.3576
-0.209507	-401.643	-60.0565	54.4125
-0.106541	-402.471	-60.186	54.4674
0.0448992	-403.212	-60.3155	54.5182
0.204122	-403.983	-60.4723	54.5726
0.385597	-404.823	-60.648	54.6297
0.525274	-405.618	-60.8235	54.6819
0.645743	-406.395	-60.9937	54.732
0.744007	-407.208	-61.1715	54.7835
0.82532	-408.039	-61.3308	54.836
0.89049	-408.857	-61.4724	54.8872
0.926464	-409.702	-61.601	54.9395
0.926285	-410.535	-61.7145	54.9914
0.905609	-411.35	-61.8151	55.0421
0.886799	-412.215	-61.9101	55.0954
0.807612	-413.067	-62.0086	55.1488
0.75649	-413.937	-62.1055	55.2041
0.701951	-414.747	-62.2033	55.2561
0.567867	-415.581	-62.3105	55.3122
0.502314	-416.383	-62.416	55.3671
0.345519	-417.12	-62.527	55.4204
0.207225	-417.85	-62.6478	55.4724
0.122695	-418.635	-62.7948	55.5271
-0.0606031	-419.394	-62.9422	55.5797
-0.195178	-420.179	-63.1008	55.6325
-0.298183	-420.976	-63.271	55.6848
-0.430495	-421.837	-63.4408	55.7408
-0.48974	-422.668	-63.6027	55.7934
-0.543608	-423.549	-63.7555	55.8486
-0.554955	-424.403	-63.896	55.9022
-0.549267	-425.27	-64.0291	55.9563
-0.511893	-426.179	-64.1598	56.012
-0.481236	-427.014	-64.2684	56.0627
-0.423639	-427.858	-64.3786	56.1143
-0.363588	-428.681	-64.4843	56.1655
-0.25791	-429.531	-64.5928	56.2199
-0.147907	-430.334	-64.695	56.2725
-0.0845828	-431.15	-64.7985	56.3262
0.0254227	-431.882	-64.8971	56.3766
0.186746	-432.63	-65.0055	56.4295
0.317084	-433.389	-65.1256	56.4817
0.400211	-434.121	-65.2584	56.533
0.553666	-434.961	-65.4121	56.5894
0.664956	-435.718	-65.5583	56.6397
0.741622	-436.489	-65.7057	56.69
0.814158	-437.277	-65.8495	56.7406
0.874516	-438.146	-66.0011	56.7963
0.928603	-438.976	-66.1348	56.8484
0.972678	-439.79	-66.2565	56.8989
0.989754	-440.656	-66.3814	56.9518
0.996904	-441.518	-66.4958	57.0046
0.982913	-442.373	-66.6032	57.0573
0.945518	-443.176	-66.6943	57.1074
0.89292	-444.071	-66.7889	57.1634
0.830754	-444.911	-66.8823	57.2166
0.739311	-445.75	-66.974	57.2704
0.653219	-446.539	-67.0595	57.3219
0.590068	-447.324	-67.141	57.3735
0.499064	-448.125	-67.2381	57.4262
0.348256	-448.921	-67.3429	57.4796
