x	y	z	t
0.399597	449.802	73.63	0.0543385
0.390463	448.869	73.4379	0.105656
0.382327	447.915	73.2352	0.157864
0.36831	446.98	73.0339	0.209464
0.34049	445.937	72.8128	0.266745
0.311322	444.958	72.6167	0.320923
0.281131	443.995	72.4456	0.374626
0.233769	443.042	72.289	0.427909
0.198467	442.053	72.1397	0.483222
0.120856	441.061	71.995	0.539396
0.0757251	440.109	71.8587	0.593409
-0.022793	439.1	71.7083	0.651153
-0.0933001	438.154	71.5551	0.705366
-0.220891	437.255	71.3959	0.75761
-0.291168	436.317	71.2124	0.811508
-0.385763	435.357	71.0247	0.866499
-0.499231	434.402	70.8326	0.921276
-0.565611	433.42	70.6494	0.976791
-0.612929	432.456	70.4766	1.03121
-0.618208	431.486	70.3204	1.08549
-0.594491	430.534	70.1798	1.13845
-0.55078	429.599	70.0529	1.19075
-0.495576	428.647	69.9392	1.2438
-0.417787	427.735	69.8289	1.29461
-0.319895	426.825	69.7152	1.34581
-0.234	425.902	69.595	1.39813
-0.0875687	424.999	69.4709	1.45031
0.002373	424.075	69.3324	1.50402
0.141394	423.151	69.1755	1.55808
0.219168	422.194	68.9911	1.61478
0.362139	421.281	68.8089	1.66955
0.448447	420.399	68.6324	1.72085
0.48872	419.455	68.4476	1.77548
0.533876	418.571	68.2887	1.82639
0.576221	417.66	68.1329	1.87794
0.588559	416.676	67.98	1.93345
0.587694	415.754	67.8518	1.98481
0.548989	414.798	67.7279	2.03847
0.507626	413.864	67.6143	2.09106
0.465393	412.866	67.4991	2.14726
0.360413	411.967	67.3881	2.19933
0.309363	411.018	67.2686	2.25398
0.167162	410.089	67.1387	2.31001
0.0683363	409.178	66.9914	2.36472
-0.0523677	408.346	66.835	2.41487
-0.23568	407.458	66.6577	2.46882
-0.328019	406.561	66.4643	2.52161
-0.426756	405.679	66.2898	2.57345
-0.516988	404.729	66.1159	2.62825
-0.540697	403.799	65.9568	2.68154
-0.525391	402.847	65.804	2.73558
-0.511655	401.876	65.6601	2.79014
-0.485733	400.927	65.5335	2.84393
-0.441588	399.985	65.4107	2.8974
-0.354657	399.097	65.2947	2.94837
-0.295767	398.12	65.1605	3.00492
-0.200408	397.225	65.0252	3.05727
-0.0889407	396.299	64.8721	3.11191
0.0147852	395.397	64.7151	3.16451
0.116983	394.471	64.545	3.21845
0.228974	393.514	64.3582	3.27528
0.368314	392.563	64.1764	3.33014
0.435487	391.582	63.9884	3.3861
0.528338	390.643	63.822	3.43957
0.559091	389.609	63.6559	3.49757
0.584642	388.668	63.5165	3.55101
0.57782	387.778	63.3956	3.60102
0.555301	386.841	63.283	3.65342
0.48923	385.858	63.1609	3.70884
0.423104	384.965	63.0534	3.75942
0.358237	384.029	62.9414	3.81326
0.285131	383.11	62.8224	3.86644
0.151841	382.208	62.7004	3.91996
0.0548597	381.354	62.5762	3.97112
-0.0273172	380.419	62.427	4.02673
-0.149888	379.585	62.282	4.07678
-0.309848	378.692	62.116	4.13021
-0.41841	377.753	61.9346	4.185
-0.546219	376.83	61.7643	4.23811
-0.618135	375.931	61.6053	4.28929
-0.662952	374.992	61.4488	4.34172
-0.686618	374.009	61.3002	4.39604
-0.683723	373.086	61.1734	4.44738
-0.649234	372.098	61.051	4.50219
-0.603833	371.115	60.9291	4.55713
-0.513432	370.198	60.8194	4.60948
-0.450246	369.266	60.7124	4.66322
-0.356928	368.392	60.598	4.71459
-0.223912	367.464	60.4626	4.77028
-0.157905	366.566	60.3114	4.82344
-0.00160864	365.646	60.1418	4.8794
0.0973207	364.695	59.9474	4.93585
0.205223	363.793	59.7686	4.98829
0.305382	362.833	59.5793	5.04418
0.376158	361.869	59.4022	5.09902
0.414657	360.894	59.2219	5.15443
0.422146	359.969	59.0583	5.20691
0.399709	358.954	58.8848	5.26319
0.364606	357.966	58.7286	5.31824
0.312522	356.942	58.5814	5.37487
0.258278	356.008	58.4544	5.42677
0.175486	355.004	58.327	5.48337
0.10441	354.127	58.2132	5.53389
0.0281609	353.195	58.0889	5.58807
-0.08466	352.287	57.9615	5.64238
-0.194546	351.354	57.82	5.69822
-0.346465	350.523	57.6876	5.74969
-0.405353	349.618	57.535	5.80396
-0.496036	348.712	57.3779	5.85754
-0.607611	347.821	57.2164	5.90999
-0.663583	346.868	57.0417	5.96472
-0.712857	345.956	56.8852	6.01684
-0.742869	345.057	56.7423	6.06745
-0.756914	344.138	56.6112	6.11908
-0.738144	343.2	56.4864	6.17153
-0.722223	342.282	56.3793	6.22286
-0.677256	341.303	56.2621	6.2777
-0.583863	340.346	56.1478	6.33241
-0.526355	339.454	56.0402	6.38404
-0.444496	338.539	55.9164	6.43753
-0.28284	337.7	55.7902	6.48869
-0.179495	336.796	55.6354	6.54394
-0.0552274	335.899	55.4662	6.59806
0.125035	335.053	55.2931	6.65061
0.205107	334.171	55.1063	6.70307
0.335014	333.208	54.9183	6.75993
0.387574	332.244	54.7292	6.81608
0.442152	331.314	54.5576	6.86895
0.477495	330.305	54.3845	6.92586
0.499571	329.343	54.2468	6.97978
0.515788	328.363	54.1353	7.03408
0.52004	327.373	54.0239	7.08899
0.496254	326.449	53.9244	7.14011
0.479808	325.528	53.8233	7.19119
0.475339	324.523	53.7096	7.24721
0.446182	323.621	53.5943	7.29793
0.410194	322.732	53.469	7.34856
0.307195	321.84	53.3311	7.40123
0.276286	320.938	53.1726	7.45413
0.200999	320.012	52.9989	7.50894
0.0794602	319.118	52.8227	7.5625
0.0133681	318.256	52.6354	7.61444
-0.0850156	317.309	52.4474	7.67014
-0.140557	316.4	52.2737	7.72292
-0.175144	315.481	52.1061	7.77621
-0.213552	314.593	51.9612	7.82747
-0.234027	313.608	51.8216	7.88368
-0.232651	312.658	51.6992	7.93766
-0.215741	311.776	51.5936	7.98783
-0.173456	310.864	51.4836	8.0397
-0.15234	309.907	51.3698	8.09426
-0.108883	309.022	51.2547	8.14523
-0.0231441	308.081	51.124	8.19999
0.0330998	307.186	50.9927	8.25228
0.0606003	306.315	50.8567	8.30364
0.120434	305.455	50.7135	8.35475
0.185276	304.589	50.5614	8.40589
0.269714	303.724	50.4038	8.45738
0.369712	302.824	50.2388	8.51028
0.416776	301.904	50.0686	8.56365
0.476144	300.94	49.8999	8.61896
0.523525	300.026	49.7442	8.67089
0.5371	299.081	49.5918	8.72462
0.547573	298.136	49.4544	8.77791
0.541207	297.137	49.3262	8.83378
0.527968	296.156	49.2038	8.88861
0.499017	295.235	49.0912	8.94007
0.438925	294.286	48.97	8.99328
0.406243	293.317	48.8429	9.04852
0.349723	292.423	48.7148	9.09992
0.274393	291.494	48.568	9.1542
0.186263	290.607	48.4186	9.20661
0.0498308	289.707	48.2567	9.26014
-0.0419527	288.843	48.0937	9.31139
-0.130208	287.887	47.9075	9.36703
-0.24737	286.921	47.7269	9.42276
-0.306819	286.009	47.555	9.47526
-0.358571	285.029	47.3883	9.53064
-0.36615	284.122	47.2504	9.58178
-0.351546	283.223	47.1272	9.63218
-0.332733	282.296	47.0181	9.68411
-0.300167	281.379	46.9094	9.73574
-0.243483	280.454	46.7968	9.78857
-0.11104	279.55	46.6851	9.8418
-0.0247934	278.672	46.5707	9.89366
0.0398284	277.721	46.4325	9.94962
0.186148	276.866	46.2893	10.0018
0.296476	276.023	46.1284	10.053
0.374475	275.107	45.9377	10.1083
0.514201	274.222	45.7548	10.1608
0.568002	273.252	45.5527	10.2172
0.633032	272.338	45.3752	10.2697
0.678312	271.393	45.2006	10.3235
0.684097	270.494	45.0499	10.3739
0.686756	269.472	44.9017	10.4308
0.657511	268.517	44.7803	10.4838
0.635924	267.589	44.6791	10.5352
0.567842	266.589	44.5586	10.591
0.521544	265.619	44.4454	10.646
0.457075	264.746	44.3347	10.696
0.378054	263.805	44.2055	10.7504
0.303247	262.874	44.065	10.8055
0.209357	261.981	43.9148	10.8583
0.0677035	261.059	43.7451	10.9141
-0.010574	260.132	43.5578	10.9697
-0.14191	259.204	43.3659	11.0251
-0.244859	258.302	43.1903	11.0779
-0.342902	257.339	43.0101	11.1333
-0.38871	256.391	42.8403	11.1874
-0.414756	255.461	42.6941	11.24
-0.415594	254.483	42.5586	11.295
-0.393633	253.55	42.437	11.3472
-0.352779	252.653	42.3283	11.3976
-0.291416	251.758	42.2228	11.4481
-0.22844	250.851	42.1168	11.4999
-0.143738	249.964	42.0121	11.5513
-0.00330281	249.072	41.9026	11.6041
0.0645594	248.147	41.7781	11.6585
0.160237	247.292	41.6402	11.7099
0.295302	246.378	41.4686	11.7653
0.397337	245.543	41.2964	11.8157
0.537376	244.616	41.1017	11.871
0.627152	243.717	40.913	11.9235
0.678948	242.738	40.714	11.9796
0.744438	241.824	40.5512	12.0314
0.778795	240.883	40.4002	12.0843
0.799766	239.983	40.2767	12.135
0.804382	239.057	40.157	12.1869
0.770231	238.079	40.0333	12.2423
0.730731	237.155	39.919	12.2943
0.692704	236.193	39.8027	12.3485
0.604843	235.211	39.6771	12.4048
0.535221	234.199	39.5383	12.4626
0.417964	233.307	39.4166	12.5149
0.327053	232.438	39.2856	12.5656
0.226203	231.593	39.151	12.616
0.116562	230.718	38.9993	12.668
-0.0524824	229.81	38.8328	12.7227
-0.157661	228.928	38.6547	12.7752
-0.279652	227.989	38.4731	12.8299
-0.38901	227.09	38.3027	12.882
-0.442944	226.145	38.1302	12.9359
-0.474377	225.163	37.9726	12.991
-0.46677	224.227	37.8401	13.0438
-0.449845	223.222	37.7142	13.0992
-0.415397	222.304	37.6054	13.1505
-0.34657	221.322	37.4986	13.2057
-0.264869	220.401	37.3932	13.2581
-0.150416	219.432	37.2828	13.3151
-0.0820984	218.53	37.1651	13.3676
0.0714477	217.595	37.0266	13.4233
0.163653	216.745	36.8788	13.4746
0.230669	215.817	36.6896	13.5297
0.317165	214.958	36.5059	13.581
0.41342	214.113	36.326	13.631
0.490015	213.24	36.1469	13.6819
0.575132	212.341	35.9764	13.7335
0.618279	211.443	35.8216	13.7842
0.641788	210.508	35.6825	13.8367
0.654416	209.576	35.5595	13.889
0.647044	208.673	35.4495	13.9397
0.606509	207.762	35.3418	13.9909
0.577064	206.787	35.2296	14.0465
0.53399	205.838	35.1106	14.1011
0.461368	204.876	34.9895	14.1572
0.385651	203.925	34.8583	14.2125
0.270606	203.06	34.7323	14.2637
0.225674	202.171	34.5891	14.3157
0.138281	201.26	34.4271	14.37
-0.0326429	200.385	34.2587	14.4226
-0.12903	199.535	34.0853	14.4726
-0.20585	198.635	33.8945	14.5254
-0.282513	197.692	33.7083	14.5799
-0.355363	196.778	33.5342	14.6323
-0.367119	195.82	33.3625	14.6862
-0.365977	194.837	33.2083	14.7409
-0.336589	193.897	33.076	14.7933
-0.307055	192.869	32.9483	14.8499
-0.231274	191.939	32.8378	14.9021
-0.1702	191.041	32.7315	14.9532
-0.0887689	190.172	32.624	15.0036
-0.0280614	189.297	32.5084	15.0545
0.0148683	188.38	32.3776	15.1082
0.0811039	187.469	32.2313	15.1617
0.224313	186.596	32.077	15.2151
0.301807	185.741	31.9023	15.2667
0.371575	184.836	31.7192	15.3196
0.458823	183.977	31.5455	15.3702
0.557806	183.033	31.3643	15.4253
0.613635	182.127	31.1996	15.477
0.658309	181.132	31.04	15.5333
0.679793	180.196	30.9103	15.5859
0.666135	179.248	30.7883	15.6391
0.602798	178.268	30.6696	15.695
0.541758	177.36	30.5732	15.7471
0.427376	176.416	30.462	15.8018
0.351395	175.494	30.3554	15.8558
0.25672	174.55	30.2305	15.9113
0.135444	173.65	30.0948	15.9658
0.0274734	172.813	29.9495	16.0164
-0.0873957	171.917	29.7791	16.0696
-0.278214	170.994	29.5949	16.1255
-0.375258	170.024	29.3888	16.1823
-0.473979	169.15	29.2163	16.2327
-0.597037	168.255	29.0482	16.2851
-0.652328	167.362	28.8929	16.3362
-0.689727	166.394	28.7418	16.3905
-0.707583	165.463	28.6102	16.4425
-0.706443	164.458	28.4793	16.4982
-0.687257	163.546	28.366	16.5491
-0.61989	162.573	28.2494	16.6038
-0.583299	161.634	28.1416	16.6571
-0.493886	160.752	28.0313	16.7081
-0.398587	159.894	27.9169	16.7586
-0.28274	158.978	27.7848	16.8127
-0.16884	158.071	27.6441	16.8679
-0.0648259	157.242	27.5019	16.9187
0.103822	156.341	27.3349	16.974
0.201969	155.513	27.1669	17.0248
0.2602	154.642	26.9832	17.0774
0.334738	153.794	26.8107	17.1284
0.414729	152.861	26.6253	17.1844
0.429992	151.939	26.4429	17.2391
0.455076	151.021	26.2959	17.2915
0.481809	150.023	26.1724	17.3476
0.494799	149.103	26.0721	17.3989
0.480845	148.138	25.9702	17.4524
0.459864	147.239	25.8766	17.503
0.440573	146.313	25.7705	17.555
0.435236	145.351	25.6542	17.6099
0.34317	144.41	25.5258	17.6648
0.267458	143.536	25.3999	17.7163
0.212403	142.643	25.2601	17.77
0.138414	141.793	25.1135	17.8215
-0.0127466	140.893	24.946	17.8761
-0.085342	139.943	24.7546	17.9325
-0.193223	138.97	24.5546	17.9897
-0.312973	138.031	24.3706	18.0445
-0.392772	137.144	24.203	18.0959
-0.462579	136.225	24.043	18.1485
-0.515662	135.245	23.8927	18.2035
-0.545967	134.261	23.7625	18.2579
-0.535754	133.229	23.6311	18.315
-0.529439	132.272	23.5248	18.3683
-0.47046	131.27	23.4051	18.4245
-0.41151	130.365	23.2962	18.4763
-0.358836	129.497	23.1887	18.5272
-0.256909	128.611	23.0606	18.58
-0.113515	127.729	22.9101	18.6334
-0.000207633	126.85	22.7406	18.6864
0.0938849	125.944	22.5424	18.7407
0.196255	125.083	22.3563	18.7921
0.331554	124.219	22.1747	18.8436
0.399862	123.3	21.9858	18.897
0.47779	122.431	21.8231	18.9473
0.52967	121.509	21.6629	19.0005
0.56681	120.596	21.5182	19.0523
0.589604	119.63	21.3781	19.1068
0.60182	118.701	21.2583	19.1586
0.592753	117.746	21.1346	19.2118
0.57253	116.751	21.0076	19.2676
0.541307	115.843	20.8822	19.3192
0.471495	114.914	20.7471	19.3735
0.431507	114	20.6098	19.4277
0.274707	113.071	20.4641	19.4846
0.203804	112.179	20.3174	19.5394
0.0407775	111.265	20.163	19.5962
-0.0713014	110.447	20.0174	19.6474
-0.181683	109.517	19.8553	19.7028
-0.341534	108.614	19.6992	19.7572
-0.408862	107.745	19.5479	19.8074
-0.485758	106.817	19.3935	19.8604
-0.549451	105.806	19.2378	19.918
-0.572348	104.847	19.1054	19.9715
-0.578723	103.904	18.9819	20.0238
-0.548885	102.988	18.8679	20.0743
-0.533846	101.955	18.7449	20.131
-0.458359	101.001	18.6222	20.1846
-0.436659	100.009	18.4908	20.2408
-0.352591	99.1385	18.3604	20.2922
-0.24186	98.2144	18.1948	20.3483
-0.0869147	97.3139	18.0206	20.403
0.0475787	96.4941	17.8507	20.4539
0.138299	95.6189	17.672	20.5064
0.209502	94.7599	17.4972	20.5579
0.302811	93.8984	17.3363	20.6088
0.386445	93.0013	17.1795	20.6609
0.449059	92.0158	17.0222	20.7175
0.474541	91.059	16.8816	20.7714
0.474897	90.0577	16.7404	20.8271
0.47699	89.1488	16.62	20.8775
0.457912	88.2375	16.4938	20.9283
0.409403	87.3204	16.3623	20.9806
0.350487	86.3524	16.2212	21.0368
0.326544	85.4874	16.0927	21.0883
0.241182	84.6332	15.9569	21.1404
0.0878455	83.7648	15.8128	21.1952
0.0404036	82.8918	15.6581	21.2493
-0.056874	82.0288	15.5027	21.3015
-0.170828	81.1293	15.3428	21.3553
-0.250127	80.2741	15.1971	21.4055
-0.302682	79.36	15.0486	21.4579
-0.339201	78.4111	14.907	21.5113
-0.345361	77.3791	14.769	21.5687
-0.325172	76.4245	14.6411	21.6224
-0.269148	75.504	14.5227	21.6738
-0.210219	74.5472	14.401	21.7275
-0.164681	73.6152	14.2909	21.7804
-0.0786048	72.7134	14.1774	21.833
0.0217273	71.8571	14.0617	21.883
0.139424	70.9432	13.92	21.9379
0.257502	70.0329	13.764	21.9927
0.378392	69.1056	13.5842	22.0491
0.467682	68.2436	13.4128	22.1009
0.54935	67.384	13.2411	22.1518
0.660044	66.4621	13.0655	22.2052
0.710907	65.4861	12.8886	22.2615
0.745614	64.5803	12.7425	22.3126
0.762046	63.6415	12.6053	22.3653
0.74551	62.6528	12.4736	22.4212
0.710562	61.7433	12.354	22.4724
0.635238	60.7952	12.2265	22.5268
0.594178	59.8539	12.1001	22.5807
0.521895	58.9761	11.9777	22.6314
0.396316	58.0913	11.852	22.6844
0.304925	57.225	11.7265	22.7357
0.243023	56.3167	11.5881	22.7898
0.0628357	55.4155	11.4404	22.846
-0.0484388	54.5755	11.29	22.8975
-0.146053	53.7401	11.1264	22.9492
-0.29827	52.8389	10.9543	23.004
-0.392672	51.9515	10.7834	23.0571
-0.457991	51.089	10.6203	23.1076
-0.511269	50.1668	10.454	23.1613
-0.562648	49.1763	10.2959	23.218
-0.573329	48.2803	10.172	23.2688
-0.554307	47.3089	10.0502	23.3237
-0.498602	46.3627	9.94344	23.3769
-0.440211	45.4569	9.85812	23.4281
-0.34363	44.5698	9.75946	23.4792
-0.246911	43.6419	9.64566	23.533
-0.0949043	42.7784	9.53127	23.5848
-0.0181104	41.8652	9.3962	23.6395
0.166938	40.9221	9.23736	23.6974
0.254674	40.0539	9.06862	23.7506
0.404892	39.1461	8.88731	23.8055
0.476587	38.251	8.69519	23.8583
0.574023	37.3618	8.5174	23.9101
0.671588	36.4955	8.35501	23.9603
0.745746	35.5776	8.19829	24.0126
0.784661	34.693	8.05934	24.0626
0.800586	33.7673	7.92594	24.1146
0.783674	32.8415	7.80283	24.1669
0.748419	31.8514	7.68207	24.2231
0.699338	30.9535	7.57189	24.2739
0.607761	30.023	7.45665	24.3277
0.562069	29.1011	7.34423	24.3815
0.480064	28.2361	7.22922	24.4323
0.363702	27.3224	7.10088	24.4869
0.282658	26.4766	6.97621	24.5377
0.215388	25.6075	6.83669	24.59
0.0480033	24.7003	6.67998	24.6461
-0.050561	23.8533	6.52315	24.6977
-0.131547	22.9867	6.34572	24.7496
-0.231394	22.0747	6.16208	24.8034
-0.35699	21.1701	5.98069	24.8568
-0.410216	20.2968	5.81089	24.9074
-0.437281	19.3907	5.6449	24.9597
-0.457955	18.401	5.48177	25.0157
-0.440207	17.4962	5.33825	25.0664
-0.414793	16.5374	5.18887	25.1205
-0.340978	15.548	5.03646	25.1758
-0.27671	14.659	4.89897	25.2263
-0.238109	13.6625	4.74422	25.2824
-0.110934	12.7011	4.59175	25.3379
-0.0308472	11.8554	4.45263	25.388
0.0328485	10.9784	4.30755	25.4404
0.232828	10.0447	4.15347	25.498
0.324554	9.1991	4.01147	25.5498
0.437478	8.26111	3.85652	25.6056
0.574331	7.38892	3.7124	25.6577
0.649734	6.53407	3.57369	25.7081
0.689338	5.57897	3.42598	25.764
0.728786	4.70125	3.29747	25.815
0.765554	3.73254	3.16425	25.871
0.783322	2.82899	3.04368	25.9227
0.786768	1.95132	2.92957	25.9728
0.767556	1.06967	2.81804	26.023
0.733583	0.191225	2.70944	26.073
0.650027	-0.743267	2.59248	26.1269
0.586865	-1.64567	2.48504	26.1796
0.444782	-2.57817	2.36377	26.2352
0.355114	-3.47515	2.24312	26.2888
0.296215	-4.38994	2.11202	26.344
0.122443	-5.22773	1.97851	26.3962
0.0583597	-6.10701	1.82511	26.4509
-0.0580349	-6.95621	1.67003	26.5035
-0.23448	-7.82134	1.50501	26.5578
-0.314147	-8.69556	1.33113	26.611
-0.426369	-9.5756	1.16494	26.6638
-0.523784	-10.5233	0.99367	26.7193
-0.603246	-11.4152	0.845273	26.7713
-0.656304	-12.3778	0.699447	26.8262
-0.667992	-13.2729	0.576958	26.8767
-0.659355	-14.2275	0.460361	26.9309
-0.609914	-15.1902	0.347246	26.9851
-0.558599	-16.0908	0.244931	27.0361
-0.492132	-16.9895	0.14195	27.0874
-0.432468	-17.8975	0.0399387	27.1397
-0.336544	-18.8421	-0.0833492	27.1947
-0.264922	-19.7884	-0.224326	27.2495
-0.181399	-20.7294	-0.385718	27.3051
-0.014181	-21.5707	-0.550076	27.3566
0.0471554	-22.5538	-0.76343	27.414
0.138334	-23.4435	-0.959867	27.4661
0.239109	-24.3869	-1.16934	27.5213
0.341286	-25.3476	-1.35495	27.5766
0.386818	-26.3394	-1.52513	27.6325
0.417591	-27.2502	-1.65768	27.6833
0.423442	-28.2065	-1.7795	27.7364
0.420304	-29.2041	-1.88721	27.792
0.385214	-30.1488	-1.9888	27.8451
0.344044	-31.1228	-2.08672	27.9004
0.305398	-32.0716	-2.19435	27.9549
0.205008	-32.9966	-2.305	28.0093
0.17563	-33.9233	-2.42409	28.0637
0.0646031	-34.8259	-2.55889	28.1179
0.00531393	-35.7512	-2.71697	28.1736
-0.0801808	-36.5905	-2.87604	28.2242
-0.217582	-37.5039	-3.05754	28.2794
-0.283072	-38.3514	-3.23812	28.3299
-0.333105	-39.2486	-3.41247	28.3821
-0.373261	-40.1326	-3.57277	28.433
-0.389921	-41.0197	-3.72178	28.4832
-0.386011	-41.9456	-3.86491	28.5353
-0.356916	-42.9229	-4.00859	28.5896
-0.324244	-43.8678	-4.14047	28.6417
-0.272477	-44.8122	-4.27619	28.6945
-0.208973	-45.715	-4.41079	28.745
-0.0922009	-46.6226	-4.55395	28.7975
-0.00629482	-47.5062	-4.703	28.8495
0.0692983	-48.4391	-4.8757	28.9046
0.230138	-49.3388	-5.04777	28.9598
0.270702	-50.3029	-5.23994	29.017
0.382904	-51.2058	-5.42376	29.0711
0.471876	-52.1062	-5.59506	29.124
0.583078	-53.0257	-5.76192	29.1777
0.629372	-53.936	-5.92006	29.23
0.676984	-54.8843	-6.06921	29.2843
0.712856	-55.8557	-6.20881	29.3397
0.723816	-56.7616	-6.31837	29.391
0.721504	-57.7488	-6.4339	29.4469
0.687544	-58.6903	-6.52392	29.5002
0.651699	-59.6111	-6.61723	29.5525
0.599198	-60.4969	-6.70521	29.6034
0.533598	-61.3864	-6.80027	29.6546
0.423045	-62.2897	-6.90361	29.7079
0.367509	-63.1924	-7.0093	29.7612
0.277993	-64.0607	-7.12801	29.8125
0.182876	-64.9278	-7.25989	29.8647
0.0711742	-65.8063	-7.40857	29.9177
-0.0152677	-66.7262	-7.58103	29.9734
-0.122861	-67.562	-7.74525	30.0237
-0.232311	-68.4072	-7.9125	30.074
-0.347535	-69.3196	-8.08703	30.1278
-0.396099	-70.2226	-8.25774	30.1805
-0.446459	-71.1056	-8.41284	30.2319
-0.47014	-71.9891	-8.55923	30.2822
-0.476695	-72.8915	-8.69898	30.3338
-0.457253	-73.8744	-8.842	30.3888
-0.425169	-74.7866	-8.96637	30.4397
-0.392135	-75.7362	-9.08725	30.4926
-0.291425	-76.7301	-9.2194	30.5487
-0.228279	-77.6251	-9.33405	30.6002
-0.150733	-78.4807	-9.44699	30.6504
-0.0957055	-79.3859	-9.5717	30.7037
0.016989	-80.3042	-9.70975	30.7588
0.0504385	-81.2475	-9.86738	30.8147
0.212753	-82.1317	-10.0286	30.8694
0.252283	-82.9973	-10.2084	30.9213
0.323664	-83.8779	-10.3891	30.9734
0.398757	-84.7698	-10.5738	31.0255
0.475392	-85.7233	-10.7701	31.0809
0.532857	-86.6829	-10.9473	31.136
0.55526	-87.6162	-11.1071	31.1889
0.561657	-88.5211	-11.2463	31.2402
0.555303	-89.4396	-11.3685	31.2924
0.529109	-90.3538	-11.4801	31.3449
0.481274	-91.2594	-11.5838	31.3966
0.393266	-92.1469	-11.6843	31.4476
0.345018	-93.0661	-11.7864	31.501
0.280508	-93.9592	-11.8933	31.5538
0.199286	-94.8067	-11.9944	31.6048
0.0698079	-95.659	-12.1003	31.6575
-0.00704225	-96.5809	-12.2219	31.7141
-0.12506	-97.4156	-12.349	31.7662
-0.276028	-98.2669	-12.493	31.8202
-0.379423	-99.1356	-12.6651	31.875
-0.538754	-100.021	-12.8495	31.9297
-0.628173	-100.875	-13.0454	31.9815
-0.70939	-101.758	-13.2304	32.0334
-0.774692	-102.695	-13.4069	32.0873
-0.801836	-103.58	-13.5556	32.1379
-0.804546	-104.562	-13.6932	32.1929
-0.794919	-105.543	-13.8155	32.248
-0.78197	-106.504	-13.908	32.3015
-0.760293	-107.456	-14.0083	32.3551
-0.71762	-108.328	-14.0975	32.4057
-0.6519	-109.167	-14.1907	32.4558
-0.515789	-110.016	-14.3001	32.5084
-0.437786	-110.864	-14.4276	32.5609
-0.40426	-111.704	-14.5767	32.613
-0.22938	-112.557	-14.7478	32.6672
-0.121709	-113.428	-14.9301	32.7206
-0.0312972	-114.367	-15.1366	32.7769
0.0748258	-115.337	-15.3343	32.8329
0.152026	-116.316	-15.5084	32.8888
0.188457	-117.275	-15.6639	32.9423
0.217287	-118.215	-15.8025	32.9942
0.213003	-119.228	-15.944	33.0507
0.219792	-120.163	-16.066	33.102
0.211019	-121.175	-16.2054	33.1578
0.181945	-122.074	-16.3295	33.2082
0.120303	-123.055	-16.4719	33.2644
0.0570246	-123.986	-16.6172	33.319
0.0343573	-124.884	-16.7691	33.3724
-0.029273	-125.753	-16.9224	33.4242
-0.133088	-126.627	-17.0788	33.4776
-0.152288	-127.535	-17.246	33.5316
-0.202529	-128.388	-17.3988	33.5816
-0.246513	-129.297	-17.5565	33.6348
-0.279783	-130.254	-17.7126	33.6896
-0.288475	-131.188	-17.85	33.7425
-0.291586	-132.107	-17.9737	33.794
-0.260676	-133.067	-18.0959	33.8477
-0.227205	-134.011	-18.2121	33.9011
-0.200432	-134.94	-18.3227	33.9533
-0.146771	-135.82	-18.4388	34.0034
-0.0937724	-136.728	-18.5698	34.0562
0.0380564	-137.634	-18.7148	34.1102
0.0883152	-138.571	-18.8834	34.1654
0.171688	-139.43	-19.0457	34.2176
0.257207	-140.331	-19.2322	34.2728
0.341772	-141.231	-19.4149	34.3264
0.444042	-142.081	-19.5894	34.377
0.490387	-143.018	-19.7707	34.4311
0.517803	-143.98	-19.9507	34.4862
0.533789	-144.959	-20.121	34.5415
0.52555	-145.917	-20.2769	34.595
0.484663	-146.902	-20.4316	34.6502
0.453333	-147.867	-20.5745	34.7044
0.400589	-148.776	-20.702	34.7559
0.284281	-149.723	-20.8297	34.8113
0.251772	-150.643	-20.9469	34.8647
0.180339	-151.542	-21.0665	34.9181
0.0691894	-152.417	-21.1871	34.973
-0.0534058	-153.3	-21.3236	35.0274
-0.205319	-154.134	-21.4604	35.0796
-0.264301	-155.024	-21.6193	35.1341
-0.35806	-155.899	-21.778	35.1872
-0.468794	-156.818	-21.9448	35.2427
-0.540812	-157.755	-22.1058	35.2979
-0.595964	-158.692	-22.2556	35.3524
-0.618697	-159.646	-22.3919	35.407
-0.614977	-160.606	-22.5158	35.4614
-0.601215	-161.553	-22.6131	35.5148
-0.565271	-162.464	-22.7023	35.5661
-0.51394	-163.364	-22.7874	35.6175
-0.395672	-164.276	-22.8772	35.6709
-0.343018	-165.148	-22.9613	35.7224
-0.258606	-166.055	-23.0734	35.7761
-0.175182	-166.885	-23.1914	35.8262
0.0137302	-167.753	-23.3377	35.8809
0.113804	-168.594	-23.5012	35.932
0.19805	-169.438	-23.6974	35.984
0.306855	-170.295	-23.8947	36.0358
0.399023	-171.152	-24.0862	36.0865
0.497917	-172.07	-24.274	36.1398
0.566769	-172.964	-24.4363	36.1912
0.602966	-173.905	-24.5884	36.2444
0.623606	-174.875	-24.7285	36.299
0.620159	-175.798	-24.8513	36.3513
0.603295	-176.733	-24.9629	36.404
0.559385	-177.689	-25.08	36.4582
0.507718	-178.63	-25.1947	36.5118
0.485199	-179.565	-25.3056	36.5647
0.425696	-180.427	-25.4166	36.6154
0.323394	-181.335	-25.5406	36.6686
0.268767	-182.196	-25.6666	36.7187
0.139155	-183.049	-25.8029	36.77
0.0930817	-183.931	-25.9618	36.8227
-0.0157368	-184.82	-26.1293	36.8765
-0.109773	-185.659	-26.2955	36.9271
-0.278508	-186.553	-26.4729	36.982
-0.379721	-187.386	-26.6416	37.0322
-0.460717	-188.26	-26.8182	37.0845
-0.53155	-189.2	-26.9881	37.1391
-0.572275	-190.144	-27.1452	37.1935
-0.587736	-191.106	-27.288	37.248
-0.571009	-192.068	-27.4204	37.3022
-0.543448	-192.972	-27.5282	37.3533
-0.485879	-193.865	-27.6342	37.404
-0.431857	-194.819	-27.7502	37.458
-0.313647	-195.696	-27.8581	37.5093
-0.2108	-196.605	-27.977	37.5628
-0.0940751	-197.434	-28.0923	37.6133
0.0109896	-198.337	-28.2371	37.6684
0.195175	-199.144	-28.3829	37.7199
0.289512	-199.993	-28.5573	37.7748
0.408045	-200.797	-28.7246	37.8262
0.526436	-201.629	-28.9004	37.8779
0.653445	-202.534	-29.0855	37.9324
0.720119	-203.465	-29.2736	37.9877
0.798264	-204.395	-29.4409	38.0412
0.819131	-205.352	-29.5973	38.0953
0.823703	-206.268	-29.7308	38.1471
0.793292	-207.206	-29.8538	38.2002
0.74684	-208.093	-29.96	38.2505
0.710717	-209.018	-30.0644	38.3031
0.654754	-209.979	-30.1854	38.3581
0.532906	-210.844	-30.2967	38.4093
0.446866	-211.724	-30.4175	38.4618
0.376968	-212.61	-30.5446	38.5155
0.270188	-213.464	-30.6789	38.5683
0.116721	-214.235	-30.8089	38.6188
-0.0619659	-215.074	-30.9643	38.6741
-0.20926	-215.839	-31.1108	38.7243
-0.329477	-216.687	-31.2721	38.7774
-0.50621	-217.587	-31.4419	38.833
-0.587217	-218.488	-31.6098	38.8871
-0.677206	-219.428	-31.769	38.9419
-0.721551	-220.419	-31.9242	38.9981
-0.732348	-221.375	-32.061	39.0517
-0.719268	-222.358	-32.189	39.106
-0.695088	-223.3	-32.307	39.1594
-0.64102	-224.209	-32.4164	39.2107
-0.610078	-225.129	-32.5236	39.2635
-0.533477	-226.024	-32.6363	39.3161
-0.402858	-226.898	-32.7529	39.3692
-0.34108	-227.778	-32.8823	39.4222
-0.314889	-228.675	-33.0364	39.4775
-0.16188	-229.511	-33.1906	39.5311
-0.0766423	-230.331	-33.3504	39.5816
-0.0347419	-231.197	-33.5287	39.6349
0.0265819	-232.094	-33.7058	39.6886
0.0968966	-232.971	-33.8783	39.7408
0.130615	-233.841	-34.0449	39.7917
0.146034	-234.739	-34.2086	39.8434
0.142596	-235.702	-34.3765	39.8974
0.120146	-236.66	-34.5309	39.9509
0.108528	-237.635	-34.6707	40.0048
0.0852309	-238.599	-34.8044	40.0582
0.0128735	-239.504	-34.9281	40.1091
-0.0479285	-240.497	-35.0633	40.1653
-0.0964006	-241.371	-35.1791	40.216
-0.206236	-242.313	-35.3074	40.2722
-0.274339	-243.146	-35.4213	40.3226
-0.292706	-244.034	-35.5468	40.3757
-0.386014	-244.846	-35.668	40.4258
-0.508851	-245.774	-35.8138	40.4817
-0.546538	-246.676	-35.9678	40.5361
-0.605121	-247.535	-36.1203	40.5876
-0.685261	-248.434	-36.2789	40.6407
-0.714343	-249.376	-36.4365	40.6952
-0.75724	-250.35	-36.5827	40.7508
-0.763136	-251.285	-36.7101	40.8033
-0.757085	-252.238	-36.8274	40.857
-0.711907	-253.233	-36.9529	40.9131
-0.682104	-254.149	-37.0617	40.9651
-0.638644	-255.041	-37.1761	41.0163
-0.566941	-255.938	-37.2982	41.0687
-0.465159	-256.808	-37.4249	41.1206
-0.391929	-257.661	-37.5589	41.1717
-0.319175	-258.521	-37.703	41.2234
-0.263717	-259.443	-37.8665	41.2784
-0.114574	-260.292	-38.024	41.3306
-0.0216244	-261.154	-38.1843	41.3812
0.0573047	-262.008	-38.3399	41.4314
0.133706	-262.854	-38.4866	41.4815
0.189257	-263.723	-38.6298	41.5327
0.223537	-264.622	-38.7704	41.585
0.264804	-265.552	-38.9051	41.6381
0.294843	-266.505	-39.0329	41.692
0.305891	-267.419	-39.1437	41.7436
0.314314	-268.371	-39.2445	41.7974
0.30059	-269.289	-39.3455	41.8495
0.281901	-270.242	-39.4439	41.9042
0.255609	-271.179	-39.5518	41.9579
0.205786	-272.068	-39.6603	42.0092
0.14448	-273.03	-39.7887	42.0655
0.0896035	-273.892	-39.9204	42.1164
0.0195894	-274.768	-40.0692	42.1679
-0.0726927	-275.668	-40.2364	42.2206
-0.134118	-276.58	-40.4165	42.2738
-0.167977	-277.56	-40.6206	42.33
-0.225449	-278.466	-40.7983	42.382
-0.248376	-279.469	-40.9809	42.4385
-0.258128	-280.435	-41.1376	42.4931
-0.242442	-281.325	-41.2697	42.5432
-0.209356	-282.289	-41.3991	42.5969
-0.133312	-283.254	-41.5266	42.6512
-0.0565171	-284.156	-41.6465	42.7022
0.00469178	-285.123	-41.7768	42.7572
0.126025	-286.039	-41.9094	42.8106
0.196588	-286.992	-42.059	42.8657
0.279787	-287.87	-42.2126	42.9174
0.381636	-288.743	-42.3785	42.9697
0.502638	-289.642	-42.5591	43.0233
0.560136	-290.541	-42.7533	43.0757
0.62159	-291.482	-42.9435	43.1296
0.690367	-292.39	-43.1197	43.1815
0.721128	-293.349	-43.2927	43.2361
0.742888	-294.24	-43.4335	43.2869
0.743618	-295.163	-43.5648	43.3396
0.7102	-296.037	-43.6779	43.3902
0.673113	-296.968	-43.7938	43.4442
0.628123	-297.896	-43.9003	43.4981
0.565363	-298.749	-44.004	43.5485
0.474558	-299.662	-44.1199	43.6024
0.416354	-300.572	-44.2363	43.6576
0.286479	-301.436	-44.3567	43.7114
0.182528	-302.274	-44.4823	43.7631
0.0944626	-303.089	-44.6162	43.8138
0.00218225	-303.913	-44.768	43.8653
-0.117785	-304.79	-44.9341	43.9181
-0.218347	-305.636	-45.1007	43.9681
-0.316261	-306.581	-45.2801	44.0232
-0.359754	-307.512	-45.45	44.0762
-0.399698	-308.483	-45.6062	44.1313
-0.400418	-309.407	-45.7415	44.1835
-0.391118	-310.398	-45.8715	44.2388
-0.341888	-311.346	-45.9913	44.2924
-0.302861	-312.295	-46.1032	44.3455
-0.249701	-313.239	-46.2229	44.3989
-0.153095	-314.155	-46.3414	44.4526
-0.12428	-315.097	-46.4696	44.5071
0.0223645	-316.029	-46.6161	44.5637
0.113016	-316.864	-46.7658	44.6157
0.229778	-317.728	-46.9308	44.6687
0.381779	-318.59	-47.1029	44.7212
0.470938	-319.466	-47.2805	44.7732
0.58598	-320.362	-47.4623	44.8259
0.659174	-321.25	-47.6213	44.8772
0.717286	-322.164	-47.7721	44.9299
0.750934	-323.072	-47.9116	44.9812
0.747626	-324.027	-48.0462	45.0356
0.727085	-324.986	-48.1767	45.0901
0.679288	-325.893	-48.2846	45.1421
0.62038	-326.868	-48.3816	45.1984
0.545222	-327.769	-48.4743	45.2506
0.433197	-328.67	-48.5719	45.3035
0.344741	-329.514	-48.6672	45.3537
0.299927	-330.442	-48.7799	45.4078
0.213553	-331.277	-48.8985	45.4583
0.0772569	-332.173	-49.0432	45.5131
-0.0271372	-332.997	-49.1938	45.5633
-0.149614	-333.84	-49.3608	45.6152
-0.264788	-334.665	-49.5342	45.6654
-0.350092	-335.527	-49.7276	45.7165
-0.457002	-336.415	-49.9124	45.7685
-0.568717	-337.365	-50.0984	45.8234
-0.626072	-338.36	-50.2835	45.8797
-0.675348	-339.287	-50.435	45.9318
-0.692022	-340.25	-50.577	45.9855
-0.700279	-341.218	-50.7086	46.0394
-0.660184	-342.157	-50.833	46.0925
-0.624278	-343.081	-50.9503	46.1448
-0.597842	-344.007	-51.0572	46.1973
-0.504247	-344.923	-51.1755	46.2515
-0.381213	-345.861	-51.3007	46.308
-0.214653	-346.75	-51.4328	46.3636
-0.102676	-347.585	-51.5657	46.4155
-0.0222373	-348.461	-51.7187	46.4692
0.134998	-349.302	-51.876	46.5211
0.248367	-350.207	-52.0481	46.575
0.341133	-351.108	-52.2256	46.6281
0.439855	-352.016	-52.3903	46.6811
0.529139	-352.936	-52.5451	46.7339
0.575412	-353.839	-52.686	46.7853
0.605538	-354.794	-52.823	46.8397
0.617256	-355.766	-52.9573	46.895
0.63932	-356.693	-53.078	46.9473
0.639351	-357.588	-53.1969	46.9982
0.636924	-358.538	-53.3272	47.0521
0.604457	-359.471	-53.4611	47.1056
0.575574	-360.333	-53.59	47.1557
0.587079	-361.234	-53.7337	47.2081
0.511039	-362.176	-53.8856	47.2639
0.491172	-363.096	-54.0349	47.3182
0.424839	-363.969	-54.1794	47.3696
0.353722	-364.885	-54.3335	47.4233
0.291743	-365.79	-54.4872	47.4756
0.250818	-366.749	-54.6504	47.5304
0.217339	-367.632	-54.7946	47.5805
0.204347	-368.567	-54.9409	47.6331
0.192055	-369.517	-55.0809	47.6868
0.205337	-370.449	-55.2106	47.7395
0.257821	-371.374	-55.3327	47.7925
0.307845	-372.267	-55.4475	47.8433
0.36072	-373.203	-55.5686	47.8971
0.446987	-374.113	-55.7	47.9493
0.528844	-375.036	-55.8438	48.0019
0.62992	-376.014	-56.0116	48.0582
0.737028	-376.886	-56.1722	48.1087
0.825475	-377.789	-56.3465	48.1612
0.91887	-378.739	-56.5317	48.2157
0.970116	-379.64	-56.7133	48.2673
1.0142	-380.552	-56.8806	48.319
1.03652	-381.489	-57.04	48.3717
1.0311	-382.43	-57.1865	48.4253
1.01503	-383.321	-57.3096	48.4765
0.973025	-384.245	-57.4338	48.5297
0.893233	-385.167	-57.5578	48.5837
0.840451	-386.082	-57.6802	48.6374
0.771059	-386.938	-57.801	48.688
0.660858	-387.777	-57.9223	48.739
0.552444	-388.635	-58.0489	48.7917
0.363391	-389.435	-58.1747	48.8428
0.217242	-390.286	-58.3182	48.8962
0.109802	-391.091	-58.4661	48.9471
-0.0196444	-391.975	-58.6297	49.0011
-0.187922	-392.816	-58.7917	49.0525
-0.303041	-393.704	-58.961	49.1058
-0.406936	-394.643	-59.1391	49.1615
-0.494881	-395.579	-59.3043	49.216
-0.542155	-396.474	-59.4483	49.2677
-0.558745	-397.362	-59.5782	49.3187
-0.538699	-398.322	-59.7084	49.3737
-0.500407	-399.201	-59.8193	49.4241
-0.462668	-400.17	-59.9361	49.4795
-0.40569	-401.03	-60.0433	49.5296
-0.322729	-401.928	-60.1616	49.5822
-0.232881	-402.781	-60.2801	49.6327
-0.0895338	-403.639	-60.4073	49.6856
-0.0259376	-404.491	-60.5457	49.7369
0.0985941	-405.395	-60.7062	49.7915
0.285029	-406.277	-60.8844	49.8474
0.424737	-407.131	-61.0556	49.8989
0.535007	-408.004	-61.2299	49.951
0.645035	-408.899	-61.4014	50.0035
0.718837	-409.775	-61.5588	50.0543
0.769291	-410.692	-61.7103	50.1068
0.802862	-411.597	-61.8449	50.1584
0.819936	-412.533	-61.9722	50.2117
0.800669	-413.445	-62.0868	50.2638
0.769411	-414.369	-62.1996	50.3167
0.748508	-415.248	-62.3018	50.3678
0.662495	-416.147	-62.4181	50.422
0.593074	-417.016	-62.5346	50.4751
0.519515	-417.863	-62.6517	50.527
0.479246	-418.764	-62.788	50.5827
0.35031	-419.586	-62.9271	50.6344
0.251072	-420.425	-63.0826	50.6867
0.159446	-421.233	-63.249	50.7373
0.0601211	-422.085	-63.4205	50.7886
-0.024535	-422.96	-63.5927	50.8402
-0.105644	-423.817	-63.7508	50.8904
-0.177968	-424.735	-63.9013	50.9436
-0.200492	-425.679	-64.0397	50.9971
-0.206666	-426.609	-64.1606	51.0496
-0.194692	-427.516	-64.2746	51.1003
-0.143299	-428.473	-64.3961	51.1538
-0.104125	-429.436	-64.5235	51.2082
-0.0250809	-430.339	-64.6615	51.2599
0.0785104	-431.226	-64.81	51.3115
0.214161	-432.111	-64.9705	51.3642
0.32249	-433.016	-65.1505	51.4177
0.446844	-433.968	-65.3318	51.4737
0.515114	-434.885	-65.5072	51.5285
0.61156	-435.745	-65.6575	51.58
0.708186	-436.693	-65.8127	51.636
0.756116	-437.562	-65.9455	51.6868
0.781744	-438.496	-66.072	51.7413
0.825172	-439.383	-66.1838	51.7928
0.838847	-440.326	-66.2943	51.8471
0.84976	-441.262	-66.3861	51.9002
0.847448	-442.179	-66.4837	51.9522
0.83623	-443.165	-66.5844	52.008
0.809844	-444.082	-66.6852	52.06
0.732549	-445.023	-66.7888	52.1151
0.727673	-445.939	-66.8846	52.1686
0.677435	-446.825	-66.9871	52.2207
0.592773	-447.69	-67.0925	52.2727
0.531329	-448.615	-67.2108	52.3274
0.466363	-449.509	-67.3387	52.38
0.354495	-450.417	-67.4737	52.4336
0.300901	-451.349	-67.6169	52.4882
