x	y	z	t
0.494559	450.135	73.7158	0.0500326
0.491875	449.32	73.5904	0.107062
0.489357	448.557	73.4721	0.160194
0.484618	447.839	73.3578	0.210199
0.478018	447.099	73.2354	0.261334
0.465136	446.367	73.102	0.311621
0.451837	445.589	72.9538	0.365592
0.43786	444.829	72.7993	0.41851
0.411264	444.047	72.6278	0.472827
0.386988	443.29	72.4712	0.525847
0.363983	442.54	72.3212	0.578475
0.335137	441.783	72.1791	0.63169
0.305644	440.979	72.0461	0.688197
0.263842	440.223	71.9311	0.741754
0.227659	439.46	71.8208	0.79582
0.177545	438.762	71.7198	0.845931
0.0927566	438.033	71.6067	0.899056
0.0316963	437.32	71.4851	0.951252
-0.0211188	436.607	71.3419	1.00381
-0.114379	435.844	71.1826	1.05976
-0.165172	435.147	71.032	1.11092
-0.187448	434.421	70.8779	1.16341
-0.210082	433.678	70.7379	1.21692
-0.212176	432.895	70.6005	1.27281
-0.193202	432.147	70.4835	1.32575
-0.145167	431.332	70.3711	1.38274
-0.0903971	430.587	70.2791	1.43516
-0.0372155	429.842	70.1946	1.48806
0.0675117	429.121	70.1187	1.54093
0.125681	428.409	70.0516	1.59365
0.217166	427.708	69.973	1.64682
0.326682	426.958	69.8761	1.70403
0.407399	426.287	69.7724	1.75481
0.556494	425.561	69.6436	1.81007
0.649259	424.896	69.5075	1.86012
0.739307	424.216	69.3594	1.91068
0.812415	423.509	69.1973	1.96239
0.88635	422.74	69.0383	2.01804
0.953102	421.992	68.883	2.07189
0.98478	421.214	68.7382	2.12726
0.998448	420.449	68.6031	2.18199
0.989792	419.68	68.4827	2.23676
0.96106	418.976	68.3851	2.28702
0.91564	418.265	68.2978	2.33792
0.837368	417.492	68.2151	2.394
0.745024	416.746	68.1339	2.44863
0.645902	416.07	68.0651	2.49892
0.514259	415.355	67.9951	2.5537
0.419164	414.662	67.9169	2.60678
0.244693	414.001	67.8371	2.66005
0.155592	413.313	67.7407	2.71427
0.0396548	412.625	67.6256	2.76885
-0.129537	411.95	67.491	2.82438
-0.301113	411.286	67.3503	2.8779
-0.418778	410.59	67.1893	2.93254
-0.531388	409.87	67.0329	2.9869
-0.656162	409.172	66.8817	3.03947
-0.717787	408.423	66.7219	3.0944
-0.777824	407.693	66.581	3.14769
-0.814849	406.988	66.4591	3.19854
-0.809276	406.197	66.3384	3.2553
-0.781217	405.468	66.2385	3.30758
-0.709931	404.719	66.1463	3.36136
-0.64222	404.012	66.0691	3.4122
-0.548295	403.267	65.9809	3.4661
-0.447255	402.582	65.8998	3.5162
-0.310892	401.88	65.8135	3.56898
-0.20362	401.172	65.7271	3.62277
-0.0522325	400.445	65.6287	3.67872
0.0462374	399.743	65.5289	3.73359
0.173619	399.088	65.4233	3.78629
0.276499	398.461	65.3116	3.83683
0.375607	397.838	65.1924	3.88704
0.477479	397.173	65.0633	3.93889
0.635948	396.498	64.929	3.992
0.712062	395.803	64.7831	4.04371
0.788841	395.098	64.6427	4.09504
0.843602	394.388	64.5074	4.14611
0.896782	393.6	64.3695	4.20239
0.911818	392.876	64.2553	4.25357
0.914672	392.103	64.1467	4.30856
0.889162	391.376	64.053	4.36036
0.862649	390.622	63.967	4.41403
0.808063	389.844	63.8752	4.47002
0.731371	389.084	63.7917	4.52522
0.628539	388.326	63.7013	4.5806
0.54916	387.624	63.6176	4.6319
0.481708	386.919	63.5332	4.68388
0.370305	386.19	63.4351	4.73933
0.207837	385.543	63.3445	4.78999
0.12273	384.81	63.2317	4.8466
-0.0507493	384.14	63.1188	4.9009
-0.146077	383.442	62.9871	4.95617
-0.270643	382.776	62.8544	5.00908
-0.400144	382.067	62.7001	5.06397
-0.522174	381.38	62.5533	5.11642
-0.648959	380.643	62.4005	5.17146
-0.725261	379.93	62.2527	5.22366
-0.780283	379.182	62.1152	5.27739
-0.816961	378.455	61.9945	5.3291
-0.81724	377.69	61.8807	5.38298
-0.799467	376.948	61.7799	5.43541
-0.759519	376.227	61.6929	5.48638
-0.678499	375.447	61.6025	5.54233
-0.615295	374.689	61.5272	5.59615
-0.524171	373.972	61.4528	5.64829
-0.416039	373.283	61.3827	5.69926
-0.283783	372.555	61.3102	5.75409
-0.183785	371.876	61.2338	5.8047
-0.0930405	371.192	61.1499	5.85675
0.0718525	370.495	61.053	5.91148
0.158547	369.801	60.9392	5.96572
0.2783	369.156	60.8149	6.01714
0.400524	368.532	60.6817	6.06763
0.543229	367.826	60.5186	6.12383
0.652684	367.169	60.3688	6.17424
0.744977	366.481	60.2154	6.22573
0.856515	365.731	60.0585	6.28154
0.916342	364.943	59.9004	6.33792
0.962848	364.218	59.7702	6.3892
0.992769	363.42	59.6385	6.44525
0.991242	362.639	59.5217	6.50024
0.974874	361.819	59.4118	6.55807
0.918111	361.059	59.3173	6.61271
0.874158	360.34	59.2406	6.66451
0.799596	359.595	59.1563	6.71892
0.691989	358.846	59.0778	6.77483
0.60067	358.128	58.9953	6.82871
0.491157	357.464	58.9166	6.87932
0.381028	356.814	58.8351	6.9294
0.214594	356.148	58.7454	6.98197
0.118211	355.435	58.6383	7.03783
-0.0279309	354.736	58.5175	7.09371
-0.134866	354.076	58.394	7.14459
-0.263323	353.393	58.2569	7.19785
-0.422711	352.723	58.1155	7.24996
-0.527366	352.02	57.9659	7.303
-0.612255	351.273	57.8048	7.35789
-0.69764	350.576	57.6653	7.40896
-0.7854	349.843	57.5269	7.4619
-0.827246	349.108	57.3982	7.51416
-0.858299	348.35	57.2794	7.56784
-0.860365	347.614	57.1721	7.61987
-0.840582	346.874	57.0708	7.67289
-0.810735	346.137	56.9837	7.72513
-0.756484	345.434	56.9018	7.77521
-0.672529	344.664	56.8093	7.83027
-0.586995	343.921	56.7178	7.88357
-0.500017	343.193	56.6303	7.9364
-0.390376	342.515	56.5445	7.98702
-0.237925	341.801	56.4519	8.04103
-0.108822	341.131	56.3641	8.09174
-0.0182438	340.442	56.2708	8.14463
0.0951144	339.739	56.1611	8.19913
0.24342	339.007	56.0344	8.25646
0.337657	338.353	55.9106	8.30761
0.469875	337.629	55.7687	8.36377
0.536061	336.903	55.6147	8.4186
0.622011	336.233	55.4756	8.46872
0.724242	335.529	55.3336	8.52066
0.775209	334.771	55.184	8.57584
0.818723	334.041	55.0519	8.62798
0.844427	333.267	54.9228	8.6829
0.840015	332.466	54.8028	8.73947
0.810247	331.687	54.7	8.79495
0.761033	330.985	54.6134	8.84504
0.692228	330.252	54.5284	8.89797
0.592238	329.534	54.4491	8.95047
0.51239	328.807	54.3778	9.00415
0.417493	328.068	54.2984	9.05908
0.263647	327.392	54.2257	9.11161
0.18481	326.656	54.1432	9.16745
0.0120223	325.947	54.0475	9.22356
-0.0824304	325.289	53.9473	9.27507
-0.188497	324.614	53.8296	9.3285
-0.342792	323.918	53.6943	9.38475
-0.504533	323.188	53.5477	9.44129
-0.584069	322.485	53.3901	9.4945
-0.682813	321.816	53.2424	9.54501
-0.77092	321.113	53.0908	9.59709
-0.869389	320.401	52.9442	9.64863
-0.915571	319.687	52.8064	9.69947
-0.938412	318.927	52.6706	9.75316
-0.933935	318.189	52.5487	9.80509
-0.904522	317.453	52.441	9.85678
-0.852364	316.717	52.3473	9.90811
-0.783189	315.969	52.2624	9.96019
-0.7046	315.182	52.1858	10.0159
-0.571598	314.398	52.1035	10.0724
-0.484868	313.617	52.0293	10.129
-0.340518	312.885	51.9535	10.1826
-0.26575	312.124	51.8756	10.2386
-0.165935	311.439	51.7948	10.2903
0.0188728	310.79	51.7103	10.3419
0.0967131	310.079	51.602	10.3954
0.220751	309.423	51.4862	10.4464
0.358459	308.747	51.3518	10.4992
0.521789	308.034	51.2019	10.5541
0.638454	307.373	51.0548	10.6044
0.731182	306.642	50.8858	10.6588
0.84051	305.881	50.7239	10.7142
0.898087	305.172	50.5709	10.7652
0.968015	304.377	50.4225	10.8215
0.997344	303.653	50.2962	10.8726
1.0031	302.917	50.1797	10.9243
0.990745	302.19	50.08	10.9757
0.938293	301.363	49.9718	11.0343
0.881673	300.584	49.8842	11.0896
0.789925	299.841	49.801	11.143
0.729811	299.123	49.7269	11.195
0.647276	298.41	49.6449	11.2472
0.503451	297.648	49.5531	11.304
0.427848	296.928	49.4685	11.3582
0.271591	296.243	49.3761	11.4123
0.18722	295.528	49.2643	11.4673
0.05241	294.873	49.1455	11.5185
-0.0693216	294.2	49.0094	11.5703
-0.247551	293.526	48.8591	11.6229
-0.380688	292.823	48.6811	11.6754
-0.504941	292.072	48.5043	11.7302
-0.640248	291.369	48.3426	11.7817
-0.715483	290.669	48.1945	11.8323
-0.761181	289.926	48.051	11.8854
-0.787816	289.174	47.9228	11.9382
-0.775137	288.433	47.8061	11.9901
-0.739666	287.694	47.6986	12.0418
-0.694685	286.927	47.5995	12.0953
-0.623759	286.189	47.5089	12.1469
-0.532817	285.445	47.4204	12.1995
-0.444553	284.726	47.3369	12.2507
-0.348445	284.033	47.2571	12.3012
-0.202654	283.373	47.1814	12.3512
-0.127196	282.635	47.0971	12.4074
0.0448947	281.94	47.0099	12.462
0.144586	281.264	46.9136	12.5144
0.214699	280.609	46.8076	12.5658
0.340094	279.966	46.6929	12.6172
0.458362	279.254	46.5606	12.6715
0.599737	278.591	46.4286	12.7221
0.691489	277.89	46.2869	12.7737
0.752541	277.161	46.1366	12.8259
0.820967	276.384	45.9897	12.8811
0.882119	275.606	45.848	12.9362
0.90821	274.872	45.7254	12.9875
0.915252	274.144	45.6123	13.0381
0.896379	273.358	45.4963	13.0933
0.866034	272.605	45.396	13.1453
0.817231	271.864	45.3018	13.1968
0.750481	271.143	45.2149	13.2477
0.659244	270.44	45.1335	13.2986
0.555689	269.745	45.0555	13.3498
0.460707	269.05	44.9792	13.4015
0.310059	268.376	44.9051	13.4536
0.207411	267.711	44.8368	13.5061
0.0760277	267.028	44.7504	13.56
-0.0822004	266.316	44.65	13.6164
-0.21547	265.637	44.5357	13.6697
-0.39777	264.916	44.4033	13.7253
-0.502236	264.224	44.2569	13.7762
-0.614308	263.525	44.1106	13.8267
-0.709686	262.754	43.9555	13.8814
-0.812228	261.951	43.797	13.9381
-0.872399	261.19	43.6606	13.9915
-0.925415	260.444	43.5372	14.0436
-0.942582	259.668	43.4221	14.0968
-0.94458	258.912	43.3149	14.149
-0.928898	258.158	43.2145	14.2011
-0.881154	257.368	43.1137	14.2554
-0.829351	256.579	43.0194	14.3093
-0.74691	255.821	42.9252	14.3616
-0.66212	255.081	42.834	14.4131
-0.590659	254.308	42.7412	14.4673
-0.485738	253.602	42.6518	14.5181
-0.371142	252.916	42.5627	14.5687
-0.262108	252.24	42.4704	14.6191
-0.133271	251.543	42.3659	14.6719
-0.0145026	250.799	42.2391	14.7282
0.122127	250.07	42.1005	14.7825
0.210803	249.391	41.9596	14.8331
0.306093	248.628	41.7909	14.8885
0.395589	247.923	41.6375	14.9389
0.475957	247.17	41.4804	14.9917
0.560202	246.407	41.3282	15.0447
0.605167	245.603	41.1772	15.0998
0.63674	244.776	41.0421	15.156
0.637746	244.038	40.9391	15.2063
0.616584	243.291	40.8456	15.2575
0.560659	242.496	40.7538	15.3123
0.51067	241.751	40.6746	15.3638
0.452573	240.978	40.6001	15.4176
0.36775	240.263	40.5262	15.4681
0.271164	239.532	40.4467	15.5203
0.133233	238.815	40.3644	15.5727
0.0636405	238.055	40.2724	15.6282
-0.050193	237.357	40.1712	15.68
-0.217333	236.66	40.0564	15.7341
-0.304256	235.908	39.9104	15.7894
-0.40643	235.193	39.762	15.8422
-0.538668	234.446	39.5913	15.8973
-0.69132	233.665	39.421	15.9538
-0.778536	232.939	39.2625	16.0046
-0.840967	232.133	39.0908	16.0605
-0.907596	231.322	38.9363	16.116
-0.926402	230.544	38.7983	16.1687
-0.928935	229.782	38.6806	16.2203
-0.905336	228.987	38.5675	16.2738
-0.859506	228.207	38.4627	16.326
-0.813307	227.434	38.3613	16.3773
-0.743937	226.624	38.2483	16.4313
-0.642323	225.788	38.135	16.487
-0.562338	225.014	38.0321	16.5393
-0.476783	224.259	37.9374	16.591
-0.323981	223.466	37.8392	16.6466
-0.253107	222.728	37.7527	16.6987
-0.12977	222.037	37.6599	16.7496
-0.000652615	221.348	37.5551	16.8007
0.151946	220.625	37.4307	16.8541
0.238913	219.868	37.2834	16.91
0.345641	219.126	37.1335	16.9635
0.472388	218.324	36.9623	17.0208
0.591463	217.576	36.8082	17.0731
0.667771	216.843	36.6615	17.1239
0.711619	216.052	36.5125	17.1774
0.741267	215.233	36.376	17.2328
0.735711	214.418	36.2562	17.288
0.709091	213.576	36.1437	17.3445
0.667569	212.835	36.054	17.3948
0.618345	212.018	35.9649	17.4503
0.531542	211.237	35.8772	17.503
0.446623	210.465	35.7916	17.5557
0.370735	209.72	35.7164	17.6071
0.236679	208.931	35.6242	17.6628
0.161467	208.153	35.5326	17.7173
-0.00234582	207.386	35.4298	17.7735
-0.128382	206.65	35.3215	17.8268
-0.230125	205.929	35.2012	17.8805
-0.425834	205.187	35.0655	17.9369
-0.539801	204.486	34.9186	17.9889
-0.650935	203.699	34.7563	18.0439
-0.777667	202.897	34.5788	18.0997
-0.878859	202.159	34.4212	18.1499
-0.98377	201.338	34.2549	18.2051
-1.05267	200.582	34.1058	18.2552
-1.09262	199.774	33.9612	18.3081
-1.10927	198.992	33.8403	18.3591
-1.09777	198.177	33.729	18.4121
-1.05928	197.386	33.6339	18.4643
-1.00287	196.599	33.5486	18.5159
-0.945943	195.763	33.4628	18.5708
-0.856409	194.999	33.3778	18.6213
-0.714008	194.198	33.2835	18.6759
-0.628962	193.42	33.1944	18.7291
-0.464241	192.638	33.0952	18.7837
-0.368731	191.911	32.9974	18.8347
-0.250511	191.18	32.8871	18.8869
-0.142235	190.406	32.7501	18.9433
0.0515035	189.679	32.6056	18.997
0.13716	188.931	32.4414	19.0499
0.254352	188.166	32.2769	19.1034
0.384688	187.394	32.1132	19.1568
0.453703	186.631	31.9508	19.2083
0.512575	185.866	31.8056	19.2595
0.562425	185.043	31.6616	19.3138
0.571655	184.193	31.5253	19.3698
0.56135	183.36	31.4024	19.4244
0.536166	182.501	31.2843	19.4809
0.500878	181.705	31.1794	19.5328
0.429071	180.846	31.0793	19.5892
0.37053	180.082	30.9937	19.6397
0.249841	179.278	30.9027	19.694
0.180973	178.461	30.8169	19.7501
0.0806994	177.698	30.7288	19.8031
-0.0696289	176.956	30.6365	19.8559
-0.157487	176.194	30.5266	19.9112
-0.318556	175.484	30.4077	19.9642
-0.426262	174.734	30.2635	20.0196
-0.608514	173.991	30.1125	20.0745
-0.708029	173.205	29.9371	20.13
-0.842535	172.361	29.749	20.1877
-0.948524	171.522	29.5756	20.2439
-1.0075	170.715	29.4175	20.2975
-1.03544	169.858	29.2647	20.3538
-1.0484	169.071	29.1455	20.4054
-1.02998	168.306	29.0445	20.4557
-0.990201	167.527	28.9542	20.5066
-0.939995	166.731	28.8789	20.5584
-0.867302	165.918	28.7947	20.6118
-0.744733	165.108	28.7108	20.6657
-0.663212	164.247	28.6232	20.7229
-0.497231	163.464	28.5355	20.7773
-0.398455	162.704	28.4505	20.8304
-0.229838	161.906	28.3445	20.8865
-0.130552	161.159	28.2303	20.9392
-0.000941798	160.441	28.1018	20.9909
0.18333	159.708	27.9547	21.0442
0.303192	158.936	27.7868	21.098
0.38892	158.134	27.5933	21.1534
0.521379	157.387	27.4204	21.2046
0.611469	156.598	27.247	21.2572
0.67419	155.826	27.0805	21.3081
0.735589	154.967	26.9232	21.3644
0.752267	154.174	26.7913	21.4164
0.745729	153.353	26.6727	21.4706
0.707777	152.543	26.5687	21.5247
0.651139	151.779	26.4802	21.5755
0.577107	151.02	26.3986	21.6263
0.498624	150.21	26.3195	21.6809
0.406413	149.455	26.2395	21.7319
0.266447	148.652	26.1488	21.7867
0.183641	147.854	26.0605	21.8421
0.071761	147.133	25.972	21.8932
-0.0913988	146.381	25.8716	21.9471
-0.154974	145.587	25.752	22.0032
-0.332458	144.878	25.6304	22.0564
-0.435542	144.134	25.4845	22.1111
-0.553714	143.435	25.34	22.1614
-0.690219	142.694	25.1838	22.2145
-0.785587	141.968	25.0273	22.2649
-0.855005	141.138	24.8489	22.3206
-0.922548	140.335	24.6888	22.3741
-0.992323	139.542	24.539	22.4265
-1.00996	138.702	24.395	22.4815
-1.0141	137.897	24.2746	22.5335
-0.987511	137.024	24.1621	22.5898
-0.949398	136.217	24.0691	22.6416
-0.884564	135.421	23.9855	22.6934
-0.767854	134.596	23.8993	22.7477
-0.695969	133.734	23.8151	22.804
-0.574049	132.91	23.7319	22.8591
-0.481883	132.122	23.6417	22.9119
-0.337251	131.291	23.5369	22.9691
-0.224317	130.488	23.4139	23.0238
-0.0936241	129.774	23.2869	23.075
0.109777	129.085	23.1467	23.1266
0.202001	128.303	22.9711	23.1808
0.344728	127.591	22.8079	23.231
0.479183	126.833	22.6378	23.2831
0.602092	125.974	22.4499	23.3405
0.656755	125.191	22.2931	23.3915
0.704896	124.344	22.1397	23.4466
0.712412	123.536	22.0061	23.4986
0.695058	122.693	21.885	23.5538
0.652928	121.874	21.7782	23.6077
0.597732	121.02	21.6828	23.6638
0.540827	120.254	21.6026	23.714
0.424663	119.431	21.5164	23.7688
0.346354	118.652	21.4459	23.8206
0.225879	117.836	21.3584	23.8753
0.140736	117.03	21.2736	23.9306
0.0341352	116.284	21.1825	23.9825
-0.113706	115.51	21.0783	24.0365
-0.182235	114.715	20.9533	24.0925
-0.328291	113.996	20.8233	24.145
-0.449047	113.252	20.6723	24.1985
-0.534846	112.439	20.4872	24.2546
-0.660808	111.637	20.2944	24.3098
-0.784198	110.802	20.1076	24.3658
-0.862978	110.003	19.9367	24.4187
-0.913011	109.166	19.7677	24.4728
-0.953773	108.282	19.6157	24.5292
-0.956842	107.457	19.494	24.5817
-0.931939	106.668	19.3928	24.6322
-0.874618	105.863	19.2993	24.6842
-0.770607	105.03	19.2066	24.7381
-0.681575	104.239	19.1279	24.7899
-0.587952	103.404	19.0341	24.8447
-0.445229	102.565	18.9424	24.9012
-0.313672	101.794	18.8466	24.9547
-0.118424	101.064	18.7438	25.0072
0.0108285	100.344	18.6257	25.0574
0.0901953	99.5694	18.4748	25.1111
0.229104	98.8437	18.3238	25.1627
0.400783	98.0406	18.1513	25.2191
0.475716	97.2313	17.9653	25.2726
0.583476	96.4132	17.7924	25.3268
0.641131	95.627	17.6346	25.3777
0.671759	94.812	17.4841	25.4298
0.68092	94.0316	17.3593	25.4802
0.667892	93.2549	17.2483	25.5302
0.622424	92.3795	17.135	25.5864
0.569253	91.5424	17.044	25.6408
0.495115	90.7083	16.953	25.6948
0.373464	89.9193	16.8739	25.7464
0.310744	89.089	16.8039	25.8013
0.21687	88.343	16.7362	25.8515
0.111647	87.576	16.6599	25.9034
0.0260622	86.8438	16.5777	25.9537
-0.131596	86.0947	16.4793	26.0069
-0.247393	85.3894	16.3667	26.0574
-0.345769	84.6485	16.2264	26.1095
-0.435389	83.8955	16.0519	26.1632
-0.587197	83.147	15.8748	26.2169
-0.663501	82.3174	15.6719	26.2732
-0.769064	81.499	15.4938	26.3283
-0.818423	80.6743	15.3267	26.3831
-0.863385	79.8084	15.1767	26.4398
-0.867133	78.9379	15.0463	26.4957
-0.837685	78.1087	14.9334	26.5483
-0.787332	77.2264	14.8219	26.6041
-0.726917	76.4256	14.72	26.6553
-0.650598	75.6336	14.6192	26.706
-0.522077	74.8314	14.5156	26.7579
-0.431672	73.993	14.4096	26.8125
-0.321646	73.2334	14.3111	26.8634
-0.167412	72.4353	14.2023	26.9176
-0.0640143	71.6685	14.0894	26.9692
0.0447622	70.8824	13.9591	27.024
0.181821	70.0823	13.808	27.0803
0.360874	69.2723	13.6494	27.1373
0.438703	68.5007	13.4819	27.1902
0.531342	67.6896	13.3134	27.2454
0.644973	66.9184	13.1532	27.297
0.697712	66.1236	12.9974	27.3491
0.727609	65.3343	12.8521	27.4001
0.743805	64.5545	12.728	27.4503
0.737349	63.7537	12.615	27.5017
0.688367	62.8818	12.501	27.5582
0.643446	62.0788	12.4147	27.6102
0.571236	61.2551	12.322	27.6643
0.451329	60.4555	12.233	27.7181
0.374732	59.6366	12.1457	27.7732
0.294477	58.8794	12.0574	27.8247
0.140318	58.1123	11.9617	27.8794
0.0459606	57.3432	11.861	27.9342
-0.138355	56.577	11.7434	27.9895
-0.283995	55.9012	11.6251	28.0395
-0.402352	55.1541	11.4752	28.0945
-0.550189	54.4241	11.3249	28.1467
-0.726611	53.687	11.1697	28.1999
-0.824491	52.8934	11.0042	28.2541
-0.948356	52.1125	10.854	28.3075
-1.01142	51.2968	10.7066	28.3615
-1.0513	50.4636	10.5749	28.4158
-1.06942	49.5909	10.4502	28.4719
-1.05682	48.8086	10.3462	28.522
-1.02141	47.9629	10.2382	28.5763
-0.955023	47.129	10.1373	28.6302
-0.907054	46.2745	10.0415	28.6856
-0.812588	45.4181	9.94272	28.7415
-0.688196	44.5834	9.83866	28.7973
-0.615191	43.7762	9.73898	28.8509
-0.505465	42.9702	9.62774	28.9053
-0.34882	42.2356	9.51772	28.9572
-0.266599	41.4305	9.3809	29.0125
-0.129685	40.7163	9.24083	29.0633
0.0499991	39.9505	9.08349	29.1183
0.172914	39.221	8.92397	29.1687
0.253432	38.3972	8.73631	29.2244
0.350145	37.6404	8.5703	29.2758
0.450681	36.8115	8.39419	29.3314
0.508229	36.0116	8.24376	29.3835
0.547951	35.1459	8.09816	29.4398
0.550365	34.3497	7.98316	29.4911
0.519932	33.4719	7.86887	29.5477
0.484299	32.6054	7.77715	29.604
0.430754	31.8318	7.69981	29.6543
0.365828	31.0232	7.61845	29.707
0.279889	30.2142	7.54289	29.7613
0.197181	29.4305	7.45648	29.8146
0.056471	28.6591	7.36462	29.8688
-0.027541	27.9065	7.2697	29.9217
-0.169998	27.1209	7.15534	29.9778
-0.254811	26.3597	7.02577	30.0327
-0.365447	25.5923	6.88108	30.0869
-0.489522	24.817	6.71202	30.1423
-0.62854	24.0065	6.53411	30.1985
-0.70767	23.2578	6.3604	30.2488
-0.775618	22.4742	6.17274	30.3016
-0.852954	21.6736	6.00353	30.3546
-0.921972	20.8532	5.84495	30.4083
-0.939413	20.0069	5.6974	30.4629
-0.936098	19.1684	5.57135	30.5168
-0.905644	18.3873	5.46705	30.5668
-0.860417	17.523	5.36398	30.6224
-0.797501	16.7045	5.26719	30.6758
-0.702971	15.8713	5.16802	30.7306
-0.655703	15.0765	5.08272	30.7834
-0.570238	14.3337	5.00207	30.8347
-0.469092	13.6106	4.92374	30.8851
-0.3249	12.8483	4.83441	30.9385
-0.212952	12.1381	4.74268	30.9893
-0.117223	11.4135	4.63895	31.0422
-0.0228411	10.6673	4.51419	31.0953
0.126334	9.87505	4.36794	31.1512
0.22138	9.13471	4.20758	31.2032
0.374169	8.30854	4.034	31.2595
0.440341	7.52679	3.86046	31.3118
0.508493	6.68511	3.6939	31.3671
0.569494	5.91034	3.54626	31.4176
0.609708	5.09907	3.40437	31.4703
0.611727	4.25695	3.2726	31.5249
0.594505	3.44678	3.15922	31.577
0.537746	2.62335	3.05362	31.6302
0.486269	1.78995	2.95947	31.6847
0.410692	1.02007	2.8735	31.735
0.345882	0.22514	2.78504	31.7872
0.246746	-0.592808	2.69768	31.8421
0.157834	-1.37535	2.60343	31.8955
0.0178323	-2.1365	2.50549	31.9495
-0.106648	-2.86455	2.40341	32.0015
-0.181584	-3.62635	2.28169	32.056
-0.33045	-4.39948	2.14352	32.1114
-0.426729	-5.12956	1.9928	32.1632
-0.593094	-5.9044	1.83367	32.2178
-0.675542	-6.72816	1.65452	32.2735
-0.800475	-7.55016	1.48445	32.3285
-0.880023	-8.31374	1.32873	32.3798
-0.929078	-9.09158	1.1838	32.4316
-0.947942	-9.89167	1.05189	32.4843
-0.966873	-10.7224	0.935948	32.5379
-0.959663	-11.5366	0.836059	32.5903
-0.933851	-12.3769	0.747564	32.6446
-0.869562	-13.2155	0.657587	32.699
-0.808362	-14.027	0.579137	32.7522
-0.67491	-14.8622	0.484813	32.8079
-0.584287	-15.6318	0.393553	32.8598
-0.469419	-16.3773	0.299335	32.9115
-0.372665	-17.0917	0.203544	32.9621
-0.255431	-17.8462	0.0862621	33.0152
-0.0572088	-18.5727	-0.041234	33.0689
0.071724	-19.3282	-0.187846	33.1218
0.202049	-20.0628	-0.350614	33.1747
0.390194	-20.8586	-0.523224	33.2301
0.509003	-21.62	-0.693662	33.2817
0.616997	-22.4684	-0.883673	33.3379
0.742521	-23.2426	-1.04292	33.3889
0.800804	-24.0654	-1.20221	33.4428
0.848243	-24.8583	-1.33376	33.4936
0.860324	-25.639	-1.44987	33.5437
0.846028	-26.4915	-1.56646	33.5983
0.807048	-27.2715	-1.66083	33.6483
0.75818	-28.1132	-1.74972	33.7023
0.67932	-28.894	-1.83193	33.7533
0.583766	-29.6536	-1.91063	33.8035
0.509056	-30.431	-1.99405	33.855
0.359842	-31.2017	-2.07998	33.9087
0.271348	-31.9699	-2.16605	33.9628
0.153017	-32.697	-2.25998	34.0156
0.00728632	-33.4607	-2.37145	34.0721
-0.112302	-34.1511	-2.49156	34.1226
-0.278363	-34.8706	-2.63411	34.1768
-0.472596	-35.6231	-2.79593	34.232
-0.578421	-36.3897	-2.97582	34.2852
-0.750791	-37.1889	-3.14569	34.3398
-0.863457	-37.959	-3.30084	34.391
-0.928442	-38.7464	-3.44699	34.4424
-0.975049	-39.5418	-3.57258	34.4936
-0.996333	-40.3674	-3.68945	34.5463
-0.979202	-41.1943	-3.79654	34.5991
-0.939321	-41.9988	-3.89155	34.6509
-0.891896	-42.8509	-3.97865	34.7057
-0.824875	-43.6256	-4.06241	34.756
-0.727265	-44.4083	-4.15003	34.8082
-0.579603	-45.1748	-4.23838	34.8613
-0.475826	-45.9384	-4.32683	34.9142
-0.354437	-46.6782	-4.42624	34.9663
-0.219609	-47.3867	-4.53302	35.0173
-0.0787045	-48.0644	-4.64828	35.0675
0.0967537	-48.8143	-4.79243	35.1226
0.23954	-49.4977	-4.93443	35.1727
0.402074	-50.2252	-5.09114	35.2238
0.521629	-51.0345	-5.26322	35.2778
0.664198	-51.8385	-5.43131	35.3312
0.747676	-52.635	-5.59758	35.3829
0.828173	-53.4714	-5.75371	35.4366
0.889402	-54.3237	-5.89874	35.4912
0.923434	-55.1534	-6.0261	35.544
0.926222	-56.0202	-6.14406	35.5992
0.908067	-56.8042	-6.2365	35.6495
0.865248	-57.6414	-6.31802	35.7041
0.799717	-58.4224	-6.39432	35.7554
0.721182	-59.2321	-6.47465	35.8088
0.610397	-59.9746	-6.54601	35.8591
0.444309	-60.7033	-6.62234	35.9099
0.314617	-61.4277	-6.70894	35.9604
0.210542	-62.1916	-6.81188	36.0144
0.0836033	-62.9414	-6.92879	36.0679
-0.11318	-63.6442	-7.05544	36.119
-0.205997	-64.4193	-7.21674	36.1738
-0.349895	-65.1501	-7.37829	36.2267
-0.51107	-65.9008	-7.54874	36.2796
-0.638474	-66.6998	-7.73834	36.335
-0.756801	-67.4762	-7.90841	36.3882
-0.862474	-68.2663	-8.07048	36.4415
-0.911935	-69.0615	-8.22673	36.4944
-0.94033	-69.8313	-8.35899	36.5449
-0.943867	-70.6062	-8.4803	36.5955
-0.915317	-71.4247	-8.59661	36.6488
-0.868682	-72.2638	-8.70153	36.7031
-0.799874	-73.0907	-8.80133	36.7568
-0.68911	-73.896	-8.89481	36.8101
-0.582127	-74.655	-8.98138	36.8605
-0.461423	-75.4204	-9.07133	36.9129
-0.377569	-76.2258	-9.16929	36.9681
-0.19332	-76.9472	-9.26758	37.0211
-0.0810575	-77.6607	-9.37733	37.073
0.0199269	-78.377	-9.50368	37.1264
0.19086	-79.1142	-9.64125	37.1815
0.280437	-79.817	-9.79119	37.2335
0.486217	-80.5833	-9.95339	37.2901
0.602537	-81.332	-10.1163	37.3414
0.706895	-82.1654	-10.2982	37.3969
0.806124	-82.9369	-10.4542	37.4474
0.880554	-83.7327	-10.6023	37.499
0.926102	-84.537	-10.736	37.5507
0.928612	-85.3608	-10.8509	37.604
0.898246	-86.1643	-10.9469	37.6562
0.826014	-87.0131	-11.0446	37.7118
0.758815	-87.8026	-11.1187	37.7635
0.670346	-88.5659	-11.1948	37.8139
0.545501	-89.3479	-11.274	37.8666
0.378783	-90.1283	-11.3575	37.9201
0.270204	-90.9176	-11.4423	37.9756
0.136565	-91.6607	-11.5333	38.028
-0.0267397	-92.3367	-11.6226	38.0785
-0.216541	-93.0615	-11.736	38.1338
-0.409201	-93.7895	-11.8676	38.1893
-0.591941	-94.5234	-12.0232	38.2437
-0.746294	-95.3057	-12.1903	38.2987
-0.92106	-96.0481	-12.3506	38.3507
-1.01687	-96.8861	-12.5227	38.4061
-1.13545	-97.7125	-12.6707	38.4603
-1.21049	-98.5374	-12.8055	38.5135
-1.26687	-99.3668	-12.9289	38.5666
-1.28927	-100.182	-13.0424	38.6189
-1.28091	-100.981	-13.151	38.6702
-1.26464	-101.814	-13.2585	38.7239
-1.20879	-102.594	-13.3611	38.7752
-1.13828	-103.392	-13.466	38.828
-0.985438	-104.172	-13.5694	38.8816
-0.879274	-104.983	-13.6761	38.9372
-0.748675	-105.72	-13.7789	38.9897
-0.523925	-106.401	-13.8838	39.0418
-0.316121	-107.055	-13.9999	39.0918
-0.161809	-107.743	-14.1445	39.1443
0.0364541	-108.447	-14.2941	39.1976
0.187602	-109.168	-14.449	39.2486
0.33917	-109.905	-14.6053	39.3
0.485132	-110.67	-14.7634	39.3515
0.57289	-111.47	-14.9231	39.4038
0.622097	-112.33	-15.0709	39.4589
0.640278	-113.176	-15.1979	39.5129
0.623971	-113.96	-15.2987	39.5632
0.589397	-114.772	-15.3841	39.6151
0.521901	-115.552	-15.4636	39.6657
0.39972	-116.387	-15.5489	39.7212
0.317619	-117.168	-15.617	39.7743
0.211161	-117.941	-15.6972	39.8269
0.0553544	-118.697	-15.7826	39.8812
-0.050841	-119.433	-15.8744	39.9335
-0.162621	-120.197	-15.9885	39.9884
-0.360553	-120.899	-16.1119	40.041
-0.480802	-121.672	-16.2714	40.0971
-0.609892	-122.441	-16.4329	40.1502
-0.753941	-123.175	-16.5902	40.2004
-0.848994	-123.949	-16.75	40.2524
-0.912034	-124.763	-16.9113	40.3059
-0.966736	-125.597	-17.0549	40.36
-1.00011	-126.414	-17.1804	40.4133
-1.00199	-127.256	-17.2965	40.4673
-0.963277	-128.128	-17.4112	40.5232
-0.925515	-128.937	-17.4993	40.5751
-0.866424	-129.777	-17.5951	40.6294
-0.731124	-130.59	-17.6889	40.6833
-0.630304	-131.347	-17.7758	40.7341
-0.540763	-132.086	-17.8581	40.7847
-0.426803	-132.844	-17.9573	40.8376
-0.237295	-133.579	-18.0635	40.8911
-0.121311	-134.301	-18.1818	40.9428
-0.0169634	-135.052	-18.3248	40.9967
0.163221	-135.716	-18.4602	41.0469
0.357848	-136.448	-18.6113	41.1004
0.490342	-137.218	-18.7703	41.1539
0.611023	-138.027	-18.9405	41.209
0.734768	-138.795	-19.0903	41.2606
0.806577	-139.632	-19.2416	41.3158
0.862251	-140.398	-19.3654	41.366
0.893637	-141.198	-19.4837	41.4179
0.901744	-141.978	-19.5894	41.4687
0.879051	-142.804	-19.6952	41.5224
0.849787	-143.62	-19.7912	41.5755
0.803469	-144.408	-19.8887	41.6271
0.748387	-145.186	-19.9858	41.6788
0.654813	-145.98	-20.0862	41.7307
0.589052	-146.804	-20.184	41.785
0.484359	-147.609	-20.2839	41.839
0.367933	-148.435	-20.3896	41.8947
0.303617	-149.192	-20.4863	41.9459
0.163698	-149.975	-20.598	42.0003
0.106757	-150.711	-20.7154	42.0503
-0.060849	-151.501	-20.8592	42.1061
-0.170414	-152.245	-21.0064	42.158
-0.284624	-152.992	-21.1644	42.2101
-0.446943	-153.749	-21.3334	42.2628
-0.557313	-154.556	-21.5257	42.3181
-0.679441	-155.327	-21.6986	42.3705
-0.781863	-156.139	-21.8682	42.4244
-0.817057	-156.975	-22.029	42.4788
-0.831724	-157.82	-22.1674	42.5332
-0.806457	-158.663	-22.2962	42.5876
-0.737441	-159.5	-22.4183	42.6413
-0.666877	-160.318	-22.5325	42.6938
-0.590493	-161.161	-22.6406	42.7481
-0.45911	-161.927	-22.7356	42.8001
-0.278303	-162.657	-22.8251	42.8514
-0.125583	-163.354	-22.9142	42.9019
-0.0411059	-164.139	-23.024	42.9567
0.0991213	-164.862	-23.142	43.0101
0.298819	-165.523	-23.2594	43.0629
0.431741	-166.177	-23.3829	43.1161
0.581079	-166.852	-23.5067	43.1666
0.684709	-167.564	-23.6404	43.2182
0.838163	-168.333	-23.7858	43.2727
0.913515	-169.106	-23.9326	43.3256
0.998222	-169.937	-24.0732	43.3807
1.0456	-170.81	-24.2075	43.4374
1.07321	-171.608	-24.3133	43.4887
1.07068	-172.412	-24.4088	43.5404
1.02005	-173.22	-24.498	43.5929
0.967838	-174.024	-24.5727	43.6454
0.885103	-174.81	-24.6513	43.6976
0.791774	-175.565	-24.7263	43.7486
0.647783	-176.325	-24.8067	43.8012
0.519081	-177.04	-24.8852	43.8521
0.426824	-177.811	-24.976	43.9075
0.281004	-178.529	-25.0718	43.9602
0.0991915	-179.264	-25.1839	44.0156
-0.041151	-179.99	-25.3111	44.0676
-0.216626	-180.686	-25.4471	44.1192
-0.336924	-181.414	-25.5978	44.1703
-0.522061	-182.215	-25.7727	44.2263
-0.627139	-182.984	-25.9321	44.2783
-0.744758	-183.741	-26.0823	44.3293
-0.854586	-184.503	-26.2215	44.3802
-0.94459	-185.291	-26.3515	44.4331
-0.981286	-186.12	-26.4758	44.4877
-0.996788	-186.937	-26.5891	44.5414
-0.983986	-187.765	-26.7012	44.5953
-0.950265	-188.609	-26.8039	44.65
-0.878757	-189.471	-26.9104	44.7055
-0.811342	-190.3	-27.0032	44.7596
-0.702004	-191.107	-27.0969	44.8126
-0.618699	-191.879	-27.1873	44.8628
-0.496196	-192.666	-27.2833	44.9157
-0.411876	-193.436	-27.3792	44.9674
-0.296499	-194.19	-27.4853	45.0189
-0.130642	-194.983	-27.6088	45.0735
-0.013985	-195.738	-27.7404	45.1254
0.0806687	-196.49	-27.891	45.1763
0.210732	-197.221	-28.0452	45.2264
0.3088	-198.023	-28.2153	45.2799
0.455494	-198.81	-28.3853	45.3331
0.515233	-199.647	-28.569	45.3876
0.588679	-200.418	-28.7263	45.4382
0.655458	-201.255	-28.8837	45.493
0.676207	-202.076	-29.0272	45.546
0.676065	-202.881	-29.1511	45.5982
0.657841	-203.648	-29.2594	45.6485
0.606766	-204.463	-29.3682	45.7017
0.545653	-205.312	-29.4695	45.757
0.471898	-206.094	-29.5599	45.8084
0.343088	-206.907	-29.6532	45.8624
0.2376	-207.675	-29.7418	45.9142
0.133949	-208.407	-29.8281	45.9647
0.0445344	-209.197	-29.9255	46.0203
-0.114786	-209.963	-30.0327	46.076
-0.183211	-210.69	-30.1484	46.1266
-0.307563	-211.436	-30.2786	46.181
-0.443585	-212.132	-30.4072	46.2314
-0.618272	-212.872	-30.5497	46.2846
-0.728861	-213.596	-30.6915	46.3351
-0.81764	-214.357	-30.8457	46.3871
-0.905072	-215.111	-30.9922	46.4381
-0.957211	-215.917	-31.1391	46.4915
-0.990121	-216.704	-31.2725	46.5433
-0.994888	-217.553	-31.3958	46.5981
-0.973083	-218.392	-31.5041	46.652
-0.929107	-219.246	-31.5964	46.7068
-0.871959	-220.046	-31.6809	46.7581
-0.799173	-220.839	-31.7612	46.8094
-0.687315	-221.634	-31.8415	46.8622
-0.590941	-222.399	-31.9192	46.9132
-0.514511	-223.177	-31.9962	46.9664
-0.402564	-223.949	-32.0892	47.0201
-0.272235	-224.67	-32.1879	47.0721
-0.129787	-225.433	-32.3151	47.1265
-0.00945142	-226.168	-32.4589	47.1785
0.120033	-226.893	-32.6169	47.2289
0.241349	-227.655	-32.792	47.2819
0.391072	-228.404	-32.9676	47.3325
0.500209	-229.195	-33.1448	47.3852
0.570548	-230.044	-33.3285	47.4405
0.651832	-230.839	-33.4838	47.4924
0.693773	-231.618	-33.6241	47.5426
0.706443	-232.394	-33.7494	47.593
0.695941	-233.23	-33.8677	47.6471
0.658236	-234.003	-33.9663	47.6977
0.595251	-234.82	-34.0643	47.7513
0.500121	-235.658	-34.1549	47.8067
0.423674	-236.443	-34.2436	47.8593
0.335611	-237.192	-34.3273	47.9106
0.215009	-237.921	-34.4124	47.961
0.0723559	-238.626	-34.5006	48.0117
-0.0560325	-239.354	-34.6024	48.0645
-0.169892	-240.037	-34.712	48.1146
-0.295721	-240.708	-34.8333	48.1647
-0.416318	-241.391	-34.9693	48.2147
-0.508751	-242.185	-35.1385	48.2701
-0.608788	-242.946	-35.295	48.3215
-0.744197	-243.758	-35.457	48.376
-0.820517	-244.585	-35.6194	48.431
-0.875533	-245.375	-35.7589	48.4825
-0.911981	-246.238	-35.8963	48.5381
-0.921464	-247.046	-36.009	48.59
-0.906101	-247.864	-36.1131	48.6428
-0.866407	-248.719	-36.2049	48.6974
-0.814588	-249.54	-36.2943	48.7503
-0.703206	-250.414	-36.3846	48.8072
-0.606021	-251.197	-36.4688	48.8589
-0.51709	-251.957	-36.556	48.9094
-0.365062	-252.767	-36.6609	48.965
-0.285843	-253.602	-36.7828	49.0218
-0.132124	-254.368	-36.914	49.0761
-0.0192494	-255.088	-37.0602	49.1278
0.147584	-255.885	-37.2258	49.1836
0.241701	-256.662	-37.4057	49.237
0.353397	-257.488	-37.5837	49.2929
0.47972	-258.276	-37.7511	49.3458
0.544056	-259.12	-37.9227	49.4007
0.601485	-259.902	-38.0648	49.4517
0.647423	-260.744	-38.2045	49.5061
0.649186	-261.555	-38.3258	49.5583
0.628566	-262.389	-38.4411	49.6128
0.591809	-263.247	-38.5463	49.6688
0.540134	-264.059	-38.6421	49.7216
0.476456	-264.826	-38.7271	49.7723
0.363236	-265.599	-38.8163	49.8238
0.288765	-266.407	-38.9086	49.8776
0.199826	-267.184	-39.0056	49.9302
0.10828	-267.927	-39.1011	49.9816
-0.0449735	-268.714	-39.2067	50.0377
-0.143644	-269.471	-39.3217	50.0911
-0.276742	-270.209	-39.4439	50.1449
-0.350453	-270.941	-39.583	50.1985
-0.45368	-271.65	-39.7253	50.2494
-0.60318	-272.413	-39.8833	50.3046
-0.70617	-273.175	-40.0441	50.3573
-0.767464	-273.951	-40.2118	50.4096
-0.823068	-274.733	-40.3616	50.4617
-0.880075	-275.55	-40.5021	50.5163
-0.879037	-276.323	-40.6174	50.5677
-0.871311	-277.164	-40.7299	50.6229
-0.831983	-277.939	-40.8229	50.6738
-0.779522	-278.755	-40.9161	50.7274
-0.723251	-279.586	-41.002	50.7817
-0.595437	-280.433	-41.0992	50.8373
-0.496454	-281.212	-41.1862	50.8879
-0.401812	-282.031	-41.2948	50.9407
-0.286854	-282.876	-41.4189	50.9959
-0.21391	-283.742	-41.5599	51.0524
-0.0891514	-284.573	-41.7104	51.1082
0.0134753	-285.36	-41.8639	51.1615
0.184234	-286.112	-42.0202	51.2147
0.26986	-286.906	-42.2024	51.2688
0.399704	-287.662	-42.3719	51.3213
0.499353	-288.402	-42.5372	51.3717
0.624819	-289.171	-42.7044	51.424
0.687962	-289.991	-42.878	51.478
0.739771	-290.763	-43.0218	51.529
0.759381	-291.586	-43.1583	51.5826
0.767693	-292.378	-43.2733	51.6342
0.734264	-293.219	-43.3727	51.6896
0.67502	-294.051	-43.4626	51.7446
0.60879	-294.832	-43.536	51.7963
0.545619	-295.655	-43.6008	51.8513
0.410799	-296.46	-43.674	51.9058
0.339241	-297.253	-43.7416	51.9596
0.263414	-298.003	-43.8186	52.0112
0.181464	-298.726	-43.9007	52.0622
0.0252436	-299.487	-44.0015	52.1173
-0.0209668	-300.22	-44.1192	52.169
-0.141705	-300.922	-44.2554	52.2205
-0.312989	-301.63	-44.4103	52.2741
-0.41494	-302.36	-44.5781	52.3255
-0.498486	-303.162	-44.7682	52.3807
-0.620474	-303.962	-44.9373	52.4353
-0.686266	-304.837	-45.1085	52.4925
-0.745081	-305.616	-45.2424	52.5428
-0.774859	-306.478	-45.3687	52.5981
-0.77589	-307.367	-45.4857	52.6547
-0.741131	-308.196	-45.5824	52.7081
-0.702188	-309.01	-45.661	52.7605
-0.638828	-309.827	-45.7474	52.8137
-0.545731	-310.658	-45.8279	52.869
-0.443603	-311.459	-45.9152	52.9236
-0.312671	-312.209	-46.0012	52.975
-0.257123	-313.034	-46.107	53.0303
-0.0984156	-313.8	-46.2245	53.0847
-0.0291705	-314.617	-46.3763	53.1412
0.0973483	-315.352	-46.5289	53.1925
0.2637	-316.094	-46.6943	53.245
0.377959	-316.848	-46.8677	53.2966
0.489374	-317.643	-47.0583	53.35
0.586192	-318.424	-47.2285	53.4014
0.660171	-319.195	-47.3837	53.4519
0.700377	-320.002	-47.5289	53.5038
0.709947	-320.833	-47.6604	53.5569
0.681655	-321.607	-47.7678	53.6069
0.622817	-322.427	-47.8645	53.6602
0.524065	-323.263	-47.9592	53.7154
0.441516	-324.098	-48.0406	53.7712
0.297838	-324.903	-48.1252	53.8262
0.175928	-325.658	-48.1971	53.8789
0.0738898	-326.442	-48.2896	53.9336
-0.122355	-327.181	-48.3842	53.9878
-0.208757	-327.905	-48.4912	54.0404
-0.368995	-328.633	-48.6127	54.0944
-0.482077	-329.368	-48.75	54.1495
-0.610201	-330.101	-48.8948	54.2027
-0.751574	-330.802	-49.0404	54.2536
-0.904181	-331.57	-49.1958	54.3074
-0.986728	-332.366	-49.3546	54.3615
-1.07213	-333.169	-49.5064	54.4151
-1.10734	-333.945	-49.6431	54.466
-1.1159	-334.721	-49.7653	54.5163
-1.09946	-335.507	-49.8781	54.5671
-1.06266	-336.301	-49.9809	54.6186
-1.01354	-337.162	-50.0752	54.6735
-0.937654	-338.029	-50.1619	54.7289
-0.870003	-338.85	-50.2456	54.7826
-0.780564	-339.627	-50.3234	54.8342
-0.613236	-340.406	-50.4059	54.8884
-0.480806	-341.137	-50.4896	54.9387
-0.39685	-341.879	-50.5849	54.9909
-0.212458	-342.662	-50.7075	55.0471
-0.100927	-343.477	-50.8579	55.1041
0.0102984	-344.197	-51.0084	55.1545
0.135024	-344.916	-51.1687	55.2049
0.30477	-345.688	-51.3425	55.2578
0.42474	-346.443	-51.513	55.3085
0.517408	-347.203	-51.6859	55.359
0.602873	-347.979	-51.8382	55.41
0.670481	-348.804	-51.9853	55.4642
0.708053	-349.577	-52.111	55.5146
0.706688	-350.382	-52.2296	55.5669
0.681186	-351.198	-52.3353	55.6205
0.636079	-351.974	-52.4291	55.6714
0.570944	-352.765	-52.521	55.7235
0.466883	-353.546	-52.6098	55.7755
0.365616	-354.285	-52.6932	55.8256
0.269856	-355.023	-52.7794	55.876
0.155901	-355.799	-52.8715	55.9309
0.0162843	-356.573	-52.9743	55.9854
-0.151299	-357.295	-53.0776	56.0379
-0.257955	-358.054	-53.2002	56.0922
-0.437232	-358.787	-53.3312	56.1457
-0.554648	-359.5	-53.4696	56.1968
-0.690048	-360.199	-53.6143	56.247
-0.76621	-361.007	-53.7854	56.3012
-0.893883	-361.817	-53.9449	56.356
-0.968446	-362.628	-54.104	56.4097
-1.03276	-363.466	-54.2527	56.4644
-1.08712	-364.332	-54.3902	56.5202
-1.10339	-365.195	-54.5174	56.5759
-1.08126	-365.985	-54.6239	56.6271
-1.03242	-366.783	-54.7243	56.6788
-0.975284	-367.622	-54.8185	56.7334
-0.890818	-368.39	-54.9114	56.7836
-0.748041	-369.219	-55.0138	56.8391
-0.652121	-370.025	-55.1086	56.8926
-0.539569	-370.791	-55.2051	56.9446
-0.38639	-371.585	-55.3112	56.9994
-0.305604	-372.379	-55.4246	57.0536
-0.113435	-373.135	-55.5468	57.1078
0.0118988	-373.939	-55.6961	57.1642
0.162274	-374.684	-55.8454	57.2158
0.265395	-375.507	-56.0275	57.272
0.372083	-376.265	-56.1967	57.3226
0.505519	-377.073	-56.3725	57.3766
0.570695	-377.88	-56.545	57.4297
0.619329	-378.652	-56.6897	57.4801
0.642498	-379.466	-56.8244	57.5333
0.641727	-380.25	-56.9416	57.5843
0.60585	-381.062	-57.0566	57.637
0.548713	-381.87	-57.1675	57.6897
0.485168	-382.647	-57.267	57.7407
0.403632	-383.441	-57.371	57.7928
0.305017	-384.245	-57.4774	57.846
0.217803	-384.988	-57.5759	57.8962
0.142528	-385.79	-57.6829	57.9512
-0.0204832	-386.561	-57.7907	58.0068
-0.118499	-387.301	-57.8966	58.0596
-0.20019	-388.037	-58.0096	58.1136
-0.328066	-388.754	-58.1296	58.1663
-0.442307	-389.465	-58.2558	58.2183
-0.539186	-390.177	-58.3894	58.2693
-0.6211	-390.961	-58.547	58.3244
-0.748707	-391.726	-58.7006	58.3772
-0.813991	-392.529	-58.8664	58.4315
-0.88077	-393.322	-59.0161	58.4845
-0.937214	-394.162	-59.1581	58.54
-0.950452	-394.989	-59.2765	58.5941
-0.941095	-395.796	-59.3764	58.6468
-0.908744	-396.597	-59.464	58.6987
-0.87365	-397.394	-59.5364	58.7502
-0.8064	-398.237	-59.6228	58.8057
-0.719462	-399.043	-59.6958	58.8602
-0.640178	-399.786	-59.7731	58.9108
-0.546101	-400.548	-59.86	58.9639
-0.394481	-401.255	-59.946	59.0158
-0.287864	-402.025	-60.0499	59.0716
-0.193135	-402.747	-60.166	59.122
-0.0876844	-403.479	-60.2992	59.1743
0.0326918	-404.277	-60.4582	59.2299
0.11726	-405.02	-60.6273	59.281
0.217669	-405.836	-60.806	59.3361
0.326355	-406.677	-60.9947	59.3922
0.40883	-407.465	-61.1562	59.4441
0.480598	-408.264	-61.3061	59.4962
0.517268	-409.057	-61.4408	59.5478
0.528349	-409.861	-61.5639	59.6005
0.51848	-410.635	-61.6711	59.6515
0.48499	-411.417	-61.7756	59.7027
0.432677	-412.226	-61.8786	59.756
0.345164	-413.056	-61.981	59.8104
0.271026	-413.818	-62.0647	59.8613
0.187096	-414.626	-62.1603	59.9157
0.0566489	-415.36	-62.2466	59.9669
-0.0186115	-416.148	-62.3425	60.0218
-0.175812	-416.881	-62.4461	60.0764
-0.23926	-417.645	-62.5696	60.1319
-0.379382	-418.283	-62.6905	60.1819
-0.57731	-418.989	-62.8321	60.2373
-0.680705	-419.698	-62.9851	60.2883
-0.781075	-420.442	-63.1613	60.341
-0.883212	-421.223	-63.3338	60.3952
-0.985152	-421.973	-63.4948	60.4461
-1.08971	-422.802	-63.6598	60.5009
-1.12511	-423.625	-63.8024	60.5545
-1.13248	-424.444	-63.9297	60.6079
-1.10608	-425.285	-64.0408	60.6623
-1.05739	-426.14	-64.1417	60.7172
-1.00656	-426.992	-64.2241	60.7727
-0.928745	-427.756	-64.2938	60.8231
-0.838706	-428.503	-64.3582	60.8734
-0.697147	-429.285	-64.4295	60.9281
-0.589355	-430.011	-64.4988	60.9792
-0.500261	-430.756	-64.5748	61.0334
-0.36583	-431.441	-64.6619	61.0858
-0.170337	-432.105	-64.767	61.1391
-0.0797011	-432.803	-64.9024	61.1921
0.0834523	-433.518	-65.0533	61.2453
0.234307	-434.24	-65.214	61.2967
0.349957	-435.052	-65.3979	61.3519
0.473854	-435.844	-65.5608	61.4043
0.575659	-436.614	-65.7081	61.4546
0.673802	-437.465	-65.855	61.5102
0.73036	-438.247	-65.981	61.5604
0.768646	-439.065	-66.1025	61.6128
0.786271	-439.865	-66.2199	61.6638
0.773667	-440.701	-66.3394	61.7172
0.755823	-441.55	-66.4511	61.7714
0.721039	-442.378	-66.5563	61.825
0.664402	-443.239	-66.6573	61.8812
0.589854	-444.004	-66.7478	61.932
0.51328	-444.82	-66.846	61.987
0.399704	-445.572	-66.937	62.0382
0.307443	-446.337	-67.0349	62.0912
0.242741	-447.074	-67.1324	62.1432
0.146867	-447.794	-67.2425	62.1942
0.0159899	-448.559	-67.3681	62.2483
-0.0685698	-449.372	-67.5169	62.304
-0.186199	-450.153	-67.663	62.3574
