x	y	z	t
0.494877	449.888	73.4385	0.0541563
0.493578	449.167	73.3227	0.105183
0.492202	448.445	73.2058	0.156056
0.49068	447.653	73.0776	0.211798
0.488246	446.849	72.9469	0.268176
0.484736	446.063	72.8177	0.323554
0.478959	445.303	72.6924	0.377271
0.472109	444.565	72.5693	0.429618
0.454906	443.796	72.4405	0.484179
0.437263	443.059	72.3189	0.536542
0.417394	442.281	72.1939	0.592049
0.378202	441.537	72.0813	0.645884
0.350328	440.831	71.9798	0.696511
0.328309	440.097	71.8732	0.749399
0.302169	439.293	71.751	0.807189
0.261928	438.524	71.6329	0.862558
0.244198	437.786	71.5271	0.915503
0.206758	437.062	71.4247	0.96752
0.136254	436.291	71.313	1.02285
0.112503	435.548	71.2027	1.07648
0.0731147	434.853	71.088	1.12752
-0.014558	434.122	70.9542	1.1818
-0.0387615	433.33	70.7917	1.239
-0.102599	432.586	70.6399	1.29281
-0.128912	431.832	70.4826	1.34655
-0.155329	431.033	70.3357	1.40294
-0.153982	430.278	70.2104	1.45585
-0.138809	429.555	70.1051	1.50652
-0.108731	428.843	70.0124	1.55655
-0.0693246	428.112	69.9233	1.60766
-0.00451985	427.314	69.8317	1.66458
0.0572318	426.571	69.7431	1.71837
0.123178	425.888	69.6594	1.76915
0.249147	425.203	69.5681	1.82097
0.334149	424.533	69.4669	1.87205
0.403253	423.818	69.3429	1.92611
0.490331	423.106	69.2055	1.97969
0.584933	422.384	69.0452	2.03486
0.667213	421.656	68.8859	2.08937
0.73752	420.897	68.7153	2.14547
0.798645	420.134	68.5617	2.20107
0.814179	419.375	68.4155	2.25601
0.809424	418.566	68.2756	2.31355
0.777887	417.864	68.1631	2.36377
0.728819	417.1	68.0547	2.41802
0.650601	416.307	67.9615	2.47424
0.576919	415.527	67.8751	2.53027
0.439333	414.826	67.8069	2.58343
0.376127	414.121	67.7481	2.63664
0.237623	413.429	67.6783	2.69076
0.16578	412.734	67.6041	2.74581
0.0505688	412.093	67.5145	2.79823
-0.0781529	411.412	67.3964	2.8542
-0.203981	410.75	67.2652	2.90811
-0.347699	410.049	67.1046	2.96401
-0.468824	409.356	66.945	3.01753
-0.61342	408.622	66.7803	3.07297
-0.692679	407.885	66.6141	3.1273
-0.762585	407.181	66.4723	3.17853
-0.816767	406.464	66.3442	3.22993
-0.844197	405.732	66.2286	3.28281
-0.83382	405.003	66.1322	3.33486
-0.815426	404.301	66.0526	3.38596
-0.73988	403.544	65.9773	3.44058
-0.672572	402.803	65.921	3.49496
-0.596498	402.086	65.8561	3.54775
-0.459135	401.392	65.7919	3.60074
-0.364985	400.672	65.7266	3.6559
-0.250602	400.005	65.6532	3.70813
-0.141565	399.345	65.5712	3.75999
-0.0124852	398.706	65.4788	3.81145
0.149978	398.067	65.3714	3.8632
0.243186	397.395	65.2359	3.91625
0.430318	396.72	65.0933	3.97189
0.567031	396.007	64.9281	4.02769
0.692907	395.329	64.7747	4.07891
0.830541	394.634	64.6224	4.13032
0.908921	393.865	64.4603	4.18602
0.98583	393.151	64.3258	4.23745
1.03095	392.423	64.2019	4.289
1.05339	391.689	64.0906	4.34126
1.0486	390.943	63.9878	4.39426
1.02978	390.168	63.8954	4.44897
0.979881	389.365	63.8077	4.50584
0.929015	388.623	63.7251	4.55884
0.856551	387.924	63.6479	4.60919
0.766052	387.212	63.5646	4.66109
0.670769	386.466	63.4758	4.7171
0.517141	385.716	63.3768	4.77431
0.431407	385.054	63.2883	4.8251
0.328068	384.361	63.1831	4.87898
0.15111	383.709	63.0714	4.93222
0.0587159	383.06	62.9404	4.98477
-0.0796914	382.351	62.7925	5.04115
-0.261028	381.718	62.6468	5.09303
-0.38418	381.061	62.4916	5.1442
-0.495455	380.345	62.3219	5.19868
-0.615999	379.608	62.1652	5.2535
-0.684414	378.893	62.0158	5.30615
-0.727056	378.158	61.8837	5.35881
-0.74397	377.393	61.7618	5.41325
-0.735077	376.674	61.6618	5.46449
-0.705513	375.971	61.5703	5.5146
-0.665839	375.258	61.5023	5.56545
-0.592017	374.52	61.4319	5.61835
-0.522912	373.808	61.3702	5.66992
-0.389599	373.095	61.3086	5.72361
-0.27855	372.43	61.2524	5.77448
-0.198886	371.758	61.1966	5.82506
-0.0984721	371.073	61.1222	5.87786
0.0151215	370.391	61.0347	5.93105
0.150039	369.69	60.9271	5.98622
0.270576	369.056	60.8101	6.03715
0.40113	368.43	60.6801	6.08741
0.571708	367.726	60.5279	6.14318
0.676438	367.053	60.3748	6.1944
0.754565	366.368	60.2129	6.24576
0.854656	365.62	60.0567	6.30096
0.911705	364.857	59.9029	6.35606
0.958334	364.126	59.7715	6.40834
0.987212	363.333	59.6427	6.46464
0.987973	362.564	59.5311	6.51922
0.968987	361.846	59.4367	6.57
0.920184	361.072	59.349	6.62513
0.870239	360.336	59.2668	6.67762
0.809772	359.59	59.1815	6.7311
0.708327	358.839	59.1001	6.78609
0.609628	358.105	59.0136	6.84091
0.517172	357.421	58.9327	6.892
0.416344	356.769	58.8538	6.94208
0.256738	356.089	58.7661	6.9949
0.161301	355.389	58.6654	7.04975
0.0267283	354.757	58.5611	7.10036
-0.143389	354.088	58.4394	7.153
-0.255922	353.397	58.2967	7.20728
-0.360757	352.712	58.1518	7.25975
-0.480359	352.021	58.0023	7.31226
-0.591003	351.274	57.8377	7.36755
-0.67815	350.585	57.6963	7.41823
-0.770465	349.84	57.5539	7.47246
-0.811266	349.111	57.4262	7.52514
-0.83	348.356	57.3065	7.57894
-0.822327	347.641	57.2032	7.63008
-0.800544	346.906	57.1085	7.68277
-0.759221	346.183	57.0241	7.73461
-0.699003	345.476	56.9474	7.78508
-0.639003	344.775	56.8802	7.83532
-0.558232	344.042	56.799	7.8886
-0.471402	343.337	56.7203	7.9408
-0.372379	342.668	56.6444	7.99121
-0.253031	341.95	56.5593	8.04554
-0.142417	341.219	56.4607	8.10086
0.0082461	340.517	56.3555	8.15579
0.111423	339.832	56.2371	8.20829
0.279285	339.101	56.0975	8.26532
0.358861	338.429	55.9524	8.3169
0.478296	337.772	55.8115	8.3673
0.620108	337.033	55.6555	8.42337
0.702635	336.361	55.5123	8.4736
0.775095	335.65	55.3682	8.52549
0.829596	334.891	55.2225	8.58049
0.87822	334.176	55.099	8.63182
0.892177	333.382	54.9765	8.68842
0.886755	332.611	54.8677	8.74358
0.865331	331.856	54.7748	8.79797
0.830222	331.158	54.6939	8.84807
0.778194	330.405	54.607	8.90213
0.694325	329.689	54.5268	8.95414
0.619213	328.939	54.4456	9.00905
0.508273	328.197	54.3579	9.06395
0.434562	327.474	54.2752	9.11768
0.280616	326.72	54.1779	9.17518
0.189118	325.99	54.0823	9.23082
0.0734936	325.336	53.9863	9.28115
-0.0734085	324.64	53.8731	9.33633
-0.191442	323.999	53.7572	9.38636
-0.306588	323.332	53.6265	9.4378
-0.474925	322.624	53.479	9.49328
-0.585071	321.947	53.3304	9.54503
-0.680488	321.278	53.1791	9.59541
-0.749845	320.567	53.0141	9.64778
-0.827169	319.861	52.8646	9.69952
-0.882537	319.135	52.7212	9.75195
-0.917861	318.423	52.5936	9.80317
-0.918292	317.676	52.4748	9.8563
-0.895646	316.965	52.3753	9.90711
-0.871606	316.251	52.2902	9.95836
-0.821032	315.545	52.2126	10.0095
-0.734013	314.79	52.131	10.0645
-0.663783	314.044	52.057	10.1194
-0.564068	313.364	51.9835	10.1711
-0.429285	312.691	51.9075	10.2228
-0.351643	311.966	51.8226	10.2788
-0.242091	311.285	51.7323	10.3317
-0.0529917	310.629	51.6351	10.3856
0.0419261	309.949	51.5163	10.4394
0.139123	309.292	51.3876	10.4911
0.300597	308.619	51.2486	10.5449
0.382531	307.923	51.093	10.5985
0.524271	307.208	50.9435	10.6543
0.592671	306.468	50.7882	10.71
0.672124	305.72	50.6492	10.7654
0.715938	305.029	50.53	10.8157
0.743382	304.262	50.4104	10.871
0.754649	303.523	50.3073	10.9236
0.740623	302.799	50.2141	10.9757
0.719576	302.082	50.1374	11.0269
0.677481	301.308	50.0511	11.0824
0.588928	300.581	49.9729	11.1349
0.531462	299.81	49.893	11.1902
0.419168	299.091	49.8131	11.2431
0.3104	298.393	49.7333	11.2955
0.222866	297.659	49.6475	11.3503
0.0929875	296.92	49.5525	11.4067
-0.0177264	296.184	49.4437	11.4621
-0.13872	295.457	49.3252	11.5175
-0.262345	294.771	49.2017	11.5698
-0.4329	294.056	49.0664	11.6257
-0.547679	293.331	48.9166	11.6813
-0.670323	292.66	48.7757	11.732
-0.823845	291.964	48.6289	11.785
-0.912412	291.258	48.4761	11.8375
-1.00958	290.545	48.3342	11.89
-1.06826	289.846	48.2	11.9411
-1.12982	289.105	48.0695	11.9946
-1.15917	288.357	47.9462	12.0479
-1.16241	287.608	47.834	12.1012
-1.14694	286.873	47.7322	12.1535
-1.11344	286.157	47.6413	12.2046
-1.05966	285.428	47.5634	12.2573
-0.995761	284.711	47.4845	12.309
-0.889016	283.959	47.4009	12.3642
-0.807035	283.211	47.3209	12.4193
-0.710357	282.539	47.2429	12.4694
-0.605708	281.864	47.16	12.5204
-0.497803	281.205	47.0737	12.5709
-0.347461	280.525	46.9776	12.6241
-0.250147	279.848	46.8737	12.6771
-0.136076	279.151	46.7549	12.7314
-0.0086349	278.496	46.6316	12.7835
0.124879	277.789	46.4834	12.8388
0.226818	277.096	46.3371	12.8912
0.328749	276.432	46.192	12.9415
0.429242	275.685	46.0282	12.997
0.510159	274.919	45.8744	13.0528
0.591981	274.186	45.7328	13.1052
0.638046	273.421	45.5921	13.1597
0.665577	272.695	45.4728	13.2117
0.667697	271.959	45.3613	13.2638
0.648525	271.182	45.2566	13.3196
0.605211	270.478	45.1691	13.3704
0.546333	269.77	45.0872	13.4219
0.456438	269.016	45.0079	13.4776
0.384908	268.293	44.9286	13.5307
0.283095	267.61	44.8562	13.5824
0.137885	266.903	44.778	13.6368
0.0630708	266.17	44.6965	13.6925
-0.084258	265.478	44.6102	13.7479
-0.189778	264.786	44.5079	13.8017
-0.315802	264.128	44.3966	13.8535
-0.473975	263.401	44.2569	13.9109
-0.600711	262.755	44.1222	13.9609
-0.727263	262.005	43.9559	14.0179
-0.819642	261.294	43.8023	14.071
-0.903676	260.595	43.6516	14.1229
-0.995825	259.877	43.5024	14.1757
-1.04087	259.176	43.3619	14.2268
-1.07405	258.442	43.2251	14.2797
-1.07531	257.711	43.1048	14.3319
-1.05698	256.965	42.9927	14.3852
-1.02607	256.243	42.9007	14.4377
-0.965032	255.531	42.8168	14.4893
-0.901532	254.797	42.7334	14.5423
-0.775775	254.094	42.6553	14.5944
-0.671259	253.43	42.5805	14.6448
-0.56559	252.71	42.4972	14.7004
-0.428739	252.078	42.4177	14.7509
-0.287952	251.422	42.3296	14.8036
-0.10385	250.805	42.2402	14.8551
0.0286695	250.183	42.1409	14.906
0.145113	249.539	42.0249	14.9588
0.275739	248.86	41.8968	15.0127
0.439266	248.209	41.766	15.064
0.566224	247.555	41.6302	15.1147
0.65946	246.813	41.4756	15.1694
0.785793	246.049	41.3278	15.2258
0.85574	245.284	41.1814	15.2811
0.92126	244.507	41.0456	15.3372
0.947091	243.729	40.9157	15.3927
0.957248	243.012	40.8051	15.4437
0.943401	242.298	40.701	15.4948
0.909332	241.576	40.6007	15.5472
0.867971	240.866	40.5109	15.5987
0.806218	240.174	40.4242	15.6491
0.730128	239.492	40.3414	15.6992
0.635203	238.79	40.2556	15.751
0.500432	238.053	40.1636	15.8068
0.418823	237.351	40.0798	15.8607
0.279098	236.668	39.9934	15.9145
0.2069	235.917	39.8998	15.9714
0.10989	235.239	39.8077	16.0246
-0.0283478	234.552	39.7038	16.0802
-0.188672	233.842	39.5824	16.137
-0.27408	233.158	39.446	16.1898
-0.369887	232.449	39.3005	16.2436
-0.49201	231.714	39.1382	16.2993
-0.59433	231.015	38.9914	16.3506
-0.679061	230.304	38.8497	16.4028
-0.745211	229.589	38.7165	16.4541
-0.780123	228.817	38.5838	16.5087
-0.797731	228.049	38.4642	16.5625
-0.797733	227.335	38.3607	16.6129
-0.765086	226.572	38.2585	16.6669
-0.735698	225.78	38.1632	16.7224
-0.650754	225.036	38.0753	16.7753
-0.558216	224.306	37.9922	16.8282
-0.471824	223.56	37.9165	16.8829
-0.327376	222.889	37.8494	16.9343
-0.220543	222.238	37.7864	16.985
-0.117999	221.599	37.7185	17.0354
-0.00401657	220.937	37.6342	17.0879
0.063327	220.215	37.5231	17.1436
0.192387	219.524	37.3942	17.1997
0.310969	218.872	37.2591	17.2509
0.440908	218.183	37.1074	17.3046
0.560321	217.508	36.955	17.3558
0.643586	216.825	36.8036	17.4064
0.712723	216.073	36.6398	17.4608
0.760544	215.368	36.4999	17.5112
0.792926	214.606	36.3613	17.5657
0.797767	213.842	36.2345	17.6201
0.782368	213.128	36.1281	17.6708
0.743252	212.411	36.0318	17.722
0.655787	211.646	35.9358	17.7779
0.581903	210.949	35.8575	17.8285
0.496875	210.215	35.788	17.8821
0.387449	209.536	35.722	17.9334
0.272293	208.883	35.6583	17.9839
0.122332	208.2	35.587	18.0372
0.00986356	207.564	35.5174	18.0879
-0.100173	206.912	35.4353	18.1406
-0.273565	206.253	35.334	18.1953
-0.363105	205.592	35.2147	18.2493
-0.478464	204.965	35.0885	18.2993
-0.584204	204.321	34.949	18.3497
-0.701958	203.585	34.7891	18.4057
-0.822709	202.838	34.6171	18.4617
-0.917902	202.158	34.4693	18.5118
-1.01046	201.416	34.3193	18.5654
-1.06833	200.61	34.1624	18.6223
-1.09627	199.858	34.0281	18.6753
-1.10409	199.141	33.9106	18.7261
-1.09177	198.403	33.802	18.7783
-1.05147	197.65	33.7071	18.8313
-0.99848	196.905	33.6184	18.8841
-0.933507	196.182	33.5377	18.9359
-0.859364	195.408	33.4582	18.9917
-0.738308	194.654	33.3721	19.0472
-0.654438	193.911	33.2895	19.1022
-0.489741	193.191	33.2001	19.1575
-0.37797	192.525	33.1169	19.2101
-0.268648	191.879	33.0266	19.2612
-0.155649	191.234	32.9257	19.3127
-0.0271455	190.629	32.8191	19.3628
0.159508	189.967	32.6909	19.4175
0.243485	189.259	32.5409	19.4736
0.350858	188.618	32.4026	19.5238
0.456602	187.947	32.2595	19.5751
0.579851	187.227	32.1047	19.6293
0.65797	186.54	31.9686	19.6797
0.722368	185.845	31.8392	19.7299
0.7776	185.101	31.711	19.7828
0.812902	184.33	31.5878	19.8381
0.82131	183.557	31.475	19.893
0.802506	182.773	31.3668	19.949
0.775063	182.064	31.282	19.9996
0.707091	181.284	31.1854	20.0558
0.638339	180.562	31.1003	20.1082
0.556711	179.863	31.0268	20.1596
0.479973	179.15	30.9459	20.2122
0.346215	178.427	30.8623	20.2682
0.261419	177.713	30.7831	20.3227
0.169458	177.064	30.7061	20.3736
0.00960883	176.391	30.6194	20.4292
-0.0753893	175.764	30.5279	20.4806
-0.184708	175.135	30.4174	20.5334
-0.332835	174.535	30.2986	20.584
-0.509226	173.863	30.1551	20.6395
-0.607753	173.171	29.9922	20.6941
-0.728274	172.437	29.8211	20.7498
-0.826854	171.667	29.658	20.8066
-0.90985	170.932	29.5028	20.8602
-0.966327	170.168	29.3625	20.9146
-0.984741	169.374	29.2297	20.9707
-0.976837	168.672	29.1263	21.0209
-0.950099	167.882	29.0195	21.0776
-0.909784	167.162	28.9328	21.1295
-0.847186	166.415	28.8557	21.1828
-0.763619	165.706	28.7807	21.2343
-0.639676	164.985	28.7056	21.2878
-0.54627	164.228	28.6313	21.344
-0.38578	163.501	28.5516	21.3994
-0.304151	162.828	28.4804	21.4511
-0.120313	162.12	28.3892	21.5072
-0.00437876	161.453	28.2933	21.5594
0.0895734	160.767	28.1796	21.6131
0.255835	160.093	28.0528	21.6686
0.342506	159.428	27.9088	21.7207
0.468756	158.742	27.7608	21.7738
0.603016	158.032	27.6063	21.8284
0.668787	157.334	27.4469	21.8801
0.742776	156.637	27.3008	21.9316
0.816987	155.938	27.1626	21.9823
0.872927	155.247	27.0364	22.0324
0.908915	154.538	26.9199	22.0833
0.919663	153.758	26.8056	22.1393
0.909021	153.008	26.7115	22.1935
0.864844	152.245	26.6192	22.2485
0.816686	151.485	26.5367	22.3038
0.752518	150.794	26.4615	22.3544
0.65101	150.037	26.3831	22.4106
0.533442	149.291	26.2994	22.4666
0.426312	148.583	26.2207	22.5197
0.332438	147.853	26.1387	22.5763
0.221353	147.205	26.0577	22.6272
0.0985328	146.532	25.9672	22.6806
-0.0149311	145.865	25.8613	22.7334
-0.177499	145.203	25.7423	22.7879
-0.274426	144.535	25.6026	22.8422
-0.395683	143.898	25.4631	22.8927
-0.538543	143.204	25.309	22.9472
-0.649505	142.513	25.1467	23.0012
-0.792555	141.769	24.9899	23.0574
-0.863888	141.075	24.8494	23.108
-0.911564	140.331	24.7076	23.1622
-0.954825	139.597	24.5867	23.2149
-0.963639	138.816	24.4688	23.2704
-0.950391	138.068	24.3636	23.3234
-0.950507	137.36	24.2697	23.3735
-0.895364	136.64	24.1797	23.4248
-0.820426	135.889	24.0881	23.4781
-0.762904	135.153	24.0062	23.5305
-0.695175	134.406	23.918	23.5841
-0.564918	133.648	23.8278	23.6398
-0.487226	132.893	23.741	23.6954
-0.336423	132.232	23.6584	23.7469
-0.245468	131.518	23.5619	23.8018
-0.0682936	130.818	23.4525	23.858
0.0113361	130.137	23.3297	23.9116
0.110891	129.511	23.204	23.9618
0.228286	128.883	23.0688	24.0124
0.331589	128.199	22.9188	24.065
0.494805	127.491	22.7635	24.1205
0.580814	126.799	22.6039	24.1725
0.69163	126.034	22.4463	24.2294
0.756551	125.333	22.3077	24.2802
0.797031	124.565	22.1673	24.3352
0.820644	123.857	22.0542	24.3854
0.818121	123.072	21.9488	24.4415
0.786632	122.322	21.86	24.4959
0.7171	121.592	21.7834	24.5492
0.666892	120.832	21.7157	24.6045
0.595077	120.138	21.6497	24.6559
0.457691	119.422	21.5776	24.7106
0.38537	118.745	21.5155	24.7621
0.271391	118.053	21.4371	24.8156
0.143514	117.44	21.3637	24.8656
0.0050198	116.833	21.2788	24.9162
-0.134219	116.162	21.1673	24.9709
-0.279154	115.566	21.0526	25.0212
-0.437105	114.91	20.9167	25.0763
-0.593847	114.25	20.7713	25.13
-0.712363	113.576	20.6085	25.1836
-0.873267	112.862	20.4477	25.2392
-0.95412	112.148	20.2808	25.2936
-1.04546	111.402	20.1289	25.3482
-1.09464	110.705	19.9971	25.3984
-1.11881	110.005	19.8792	25.4485
-1.11742	109.276	19.7709	25.5008
-1.08558	108.524	19.6791	25.5545
-1.0371	107.766	19.5942	25.6083
-0.974954	106.996	19.5255	25.6643
-0.889739	106.306	19.4632	25.7151
-0.790202	105.608	19.3949	25.7674
-0.628254	104.94	19.3256	25.8199
-0.489982	104.307	19.2557	25.8707
-0.39728	103.601	19.1713	25.9258
-0.221362	102.93	19.0791	25.9817
-0.0378312	102.257	18.9688	26.0377
0.0815557	101.608	18.8431	26.0922
0.214418	100.941	18.7074	26.1461
0.355465	100.23	18.5461	26.2021
0.488341	99.5537	18.3941	26.2543
0.635272	98.8292	18.2353	26.3097
0.718953	98.0805	18.0728	26.3651
0.792046	97.3776	17.9376	26.4162
0.843018	96.5982	17.8003	26.4722
0.860395	95.8854	17.6892	26.5232
0.85649	95.1715	17.589	26.5744
0.836037	94.4698	17.4994	26.6248
0.784256	93.6937	17.4041	26.6809
0.72078	92.9965	17.3266	26.7312
0.670726	92.2445	17.2528	26.7859
0.541851	91.5204	17.1778	26.8409
0.458603	90.8184	17.1114	26.8946
0.349814	90.1846	17.0445	26.9448
0.244222	89.5547	16.9729	26.9951
0.0953147	88.8961	16.8915	27.0495
0.0167425	88.2093	16.7948	27.1054
-0.161561	87.5575	16.6886	27.1593
-0.277348	86.9181	16.5717	27.2108
-0.410089	86.2962	16.447	27.2612
-0.528904	85.6513	16.3096	27.3117
-0.601586	84.9768	16.1542	27.363
-0.71621	84.2414	15.9999	27.4179
-0.788823	83.5268	15.8535	27.4711
-0.837077	82.7725	15.7054	27.5255
-0.878401	82.0146	15.573	27.5799
-0.892811	81.249	15.4541	27.6346
-0.892299	80.542	15.354	27.6847
-0.875895	79.8317	15.264	27.7352
-0.823296	79.0439	15.1666	27.7914
-0.769169	78.2818	15.0842	27.846
-0.693453	77.5887	15.0115	27.8962
-0.582787	76.8754	14.9382	27.9485
-0.479047	76.1964	14.8693	27.9994
-0.392641	75.5148	14.7978	28.0503
-0.305364	74.8311	14.7283	28.1022
-0.183701	74.0841	14.6369	28.1588
-0.0234621	73.4567	14.5548	28.2092
0.0635425	72.718	14.4422	28.2656
0.21934	72.0361	14.3233	28.3193
0.312672	71.3804	14.1987	28.3694
0.408767	70.6739	14.0492	28.4235
0.538914	69.9376	13.8936	28.4787
0.601704	69.1992	13.7256	28.5326
0.674188	68.4933	13.5732	28.5842
0.747601	67.804	13.4297	28.6342
0.804245	67.0881	13.2906	28.6855
0.836754	66.3775	13.163	28.7362
0.849455	65.5846	13.0338	28.7928
0.839143	64.8694	12.9308	28.844
0.810607	64.1409	12.8355	28.8964
0.750868	63.3751	12.7477	28.9524
0.683558	62.6956	12.6727	29.0026
0.611365	61.9743	12.5936	29.0554
0.499845	61.2364	12.5131	29.1109
0.413147	60.5279	12.4437	29.1646
0.278645	59.835	12.3676	29.2182
0.169039	59.1684	12.2907	29.2698
0.0902905	58.4616	12.2037	29.3246
-0.0227956	57.818	12.1097	29.3754
-0.110226	57.1763	12.0038	29.4254
-0.257297	56.4966	11.8777	29.479
-0.356225	55.7956	11.7312	29.5346
-0.53025	55.0855	11.5804	29.5912
-0.636484	54.4193	11.4222	29.6426
-0.733284	53.7211	11.2673	29.6955
-0.834544	53.0115	11.1134	29.7485
-0.908553	52.2815	10.9623	29.8022
-0.952518	51.5431	10.8153	29.8558
-0.992029	50.7827	10.6828	29.9107
-0.999864	50.0146	10.562	29.9657
-0.989037	49.3155	10.4619	30.016
-0.945455	48.5478	10.3616	30.0713
-0.906068	47.7958	10.2728	30.1256
-0.810955	47.0623	10.1862	30.1799
-0.752385	46.3027	10.1012	30.2355
-0.658213	45.6188	10.0216	30.2874
-0.549061	44.9632	9.94474	30.3376
-0.442494	44.2917	9.86162	30.3896
-0.28454	43.6485	9.77714	30.4412
-0.166393	43.0033	9.68313	30.4936
-0.0578188	42.3524	9.57426	30.5454
0.119459	41.6761	9.44937	30.6002
0.242616	40.9516	9.30255	30.6574
0.416107	40.2652	9.15965	30.7112
0.518584	39.5521	9.00177	30.7651
0.640815	38.8214	8.85279	30.8193
0.728243	38.1357	8.71733	30.8699
0.791826	37.4421	8.5887	30.9205
0.842206	36.6616	8.4513	30.977
0.881668	35.8754	8.32148	31.0337
0.893342	35.1801	8.21438	31.0837
0.889892	34.4516	8.10897	31.1361
0.867089	33.7509	8.01573	31.1865
0.832424	33.0354	7.92678	31.2377
0.764338	32.2669	7.84147	31.2932
0.704561	31.5546	7.76305	31.3446
0.599889	30.8004	7.67901	31.4004
0.536288	30.0563	7.60337	31.4555
0.433405	29.3563	7.52693	31.5088
0.339594	28.6505	7.45296	31.5631
0.2423	27.9424	7.36762	31.618
0.0578361	27.2754	7.28063	31.6729
-0.0446363	26.6203	7.18199	31.725
-0.158162	25.9803	7.07129	31.7757
-0.259577	25.3343	6.94878	31.8261
-0.406476	24.6386	6.80966	31.8807
-0.514351	23.9553	6.66562	31.9328
-0.589404	23.2241	6.50266	31.9875
-0.703295	22.5067	6.35173	32.0411
-0.772633	21.7975	6.20824	32.0932
-0.829761	21.0488	6.06564	32.1478
-0.874927	20.304	5.94038	32.2017
-0.884416	19.5902	5.83402	32.2537
-0.879815	18.8935	5.73962	32.3039
-0.84639	18.1169	5.64157	32.3596
-0.818253	17.3653	5.5604	32.4135
-0.758799	16.6248	5.47765	32.4671
-0.648406	15.8688	5.39218	32.5228
-0.574711	15.1738	5.32142	32.5749
-0.476042	14.4959	5.24445	32.6269
-0.381347	13.847	5.16759	32.6776
-0.220935	13.2026	5.08433	32.7301
-0.126137	12.5183	4.9852	32.7841
0.0127937	11.864	4.87393	32.8364
0.122296	11.2152	4.75025	32.8866
0.286689	10.5267	4.61192	32.9406
0.415921	9.8751	4.47318	32.9907
0.532403	9.19818	4.32583	33.0424
0.643056	8.43195	4.15575	33.0989
0.752674	7.72607	4.00628	33.1507
0.816517	6.94317	3.84468	33.207
0.887554	6.16444	3.69965	33.2629
0.920309	5.46081	3.57783	33.3129
0.934554	4.74813	3.4689	33.3635
0.927309	3.98077	3.3626	33.4186
0.886177	3.25668	3.27058	33.4708
0.838083	2.5002	3.18588	33.5253
0.754453	1.74528	3.09849	33.5809
0.663086	1.05582	3.0216	33.6316
0.578932	0.349362	2.94171	33.6835
0.508802	-0.399403	2.85914	33.739
0.384263	-1.1182	2.77523	33.7941
0.284981	-1.81892	2.68331	33.8477
0.159536	-2.45634	2.59526	33.8978
0.0179313	-3.10965	2.49442	33.9503
-0.0952555	-3.7547	2.38355	34.0009
-0.177945	-4.45475	2.24559	34.0559
-0.276156	-5.10706	2.11024	34.1065
-0.426259	-5.79826	1.9633	34.1608
-0.513525	-6.51578	1.79898	34.2158
-0.619886	-7.19359	1.64908	34.2668
-0.708701	-7.89202	1.50014	34.3191
-0.792044	-8.59974	1.35715	34.3711
-0.827696	-9.3321	1.2206	34.424
-0.838237	-10.0618	1.0971	34.4765
-0.828479	-10.8048	0.986406	34.5298
-0.794524	-11.5573	0.884126	34.5838
-0.746474	-12.3	0.79614	34.6375
-0.657754	-13.0825	0.710386	34.694
-0.573067	-13.7951	0.634496	34.746
-0.441891	-14.5467	0.553353	34.8015
-0.328403	-15.2345	0.486748	34.8544
-0.200461	-15.9291	0.408548	34.9077
-0.084904	-16.5794	0.331674	34.9585
0.0645504	-17.2817	0.238729	35.0134
0.166577	-17.9882	0.133559	35.0682
0.281039	-18.6213	0.0268333	35.1189
0.458565	-19.263	-0.0890645	35.1708
0.579031	-19.9684	-0.226356	35.2257
0.70068	-20.6972	-0.370409	35.2807
0.792675	-21.3837	-0.513317	35.3326
0.861648	-22.093	-0.668571	35.385
0.941874	-22.8386	-0.820555	35.4392
1.02088	-23.5957	-0.969031	35.4942
1.06752	-24.3364	-1.10959	35.5476
1.09998	-25.035	-1.22921	35.5978
1.1079	-25.8178	-1.3519	35.654
1.09107	-26.5834	-1.45944	35.7089
1.05536	-27.2846	-1.54947	35.7596
0.973806	-28.0123	-1.63449	35.8123
0.897508	-28.7219	-1.71269	35.8643
0.816613	-29.4628	-1.78868	35.9196
0.686929	-30.1355	-1.86306	35.9707
0.601466	-30.8391	-1.9415	36.0256
0.484603	-31.5201	-2.02795	36.0794
0.324407	-32.1797	-2.11505	36.1332
0.237978	-32.8845	-2.21576	36.1894
0.0745606	-33.5261	-2.32233	36.2431
-0.0759631	-34.1237	-2.43421	36.2932
-0.203392	-34.7424	-2.55907	36.344
-0.323908	-35.3883	-2.70427	36.397
-0.46444	-36.0434	-2.84823	36.4483
-0.620567	-36.7374	-2.99852	36.5022
-0.718077	-37.4802	-3.15865	36.5577
-0.811109	-38.2176	-3.30362	36.6124
-0.867416	-38.9065	-3.42936	36.6629
-0.893499	-39.6188	-3.54519	36.7146
-0.887116	-40.34	-3.64841	36.7665
-0.856274	-41.0723	-3.74545	36.8192
-0.80929	-41.771	-3.8273	36.8706
-0.751431	-42.5365	-3.90846	36.9257
-0.671993	-43.2769	-3.9895	36.9799
-0.563557	-44.0151	-4.05957	37.0349
-0.464332	-44.6999	-4.12647	37.087
-0.326907	-45.3431	-4.18904	37.1375
-0.159965	-46.0011	-4.25926	37.1908
-0.0424829	-46.6406	-4.33463	37.2423
0.0610888	-47.3188	-4.43282	37.2969
0.181242	-47.9306	-4.53836	37.3472
0.316394	-48.6029	-4.66815	37.401
0.425036	-49.2471	-4.80236	37.4524
0.520319	-49.9358	-4.95783	37.5056
0.623465	-50.6947	-5.11903	37.5623
0.720705	-51.4383	-5.28392	37.6165
0.786772	-52.1343	-5.42853	37.667
0.842812	-52.8425	-5.57053	37.7183
0.882178	-53.6038	-5.71227	37.7725
0.885251	-54.3732	-5.8419	37.8274
0.878324	-55.109	-5.95079	37.88
0.846667	-55.8849	-6.05011	37.9356
0.798606	-56.5848	-6.13205	37.9859
0.709533	-57.3513	-6.21819	38.0414
0.627303	-58.0613	-6.29116	38.0933
0.568707	-58.7737	-6.35548	38.1455
0.492989	-59.4786	-6.4273	38.1978
0.360229	-60.1989	-6.50451	38.2536
0.273713	-60.9046	-6.57843	38.3082
0.112622	-61.6064	-6.6663	38.3649
0.0224503	-62.2654	-6.76143	38.4184
-0.142792	-62.9498	-6.87966	38.4745
-0.237956	-63.6217	-7.01561	38.5291
-0.406497	-64.3111	-7.16136	38.5848
-0.498694	-64.9625	-7.32069	38.6363
-0.659085	-65.6739	-7.48401	38.6917
-0.735858	-66.3899	-7.65338	38.7454
-0.819052	-67.1115	-7.80443	38.7989
-0.898955	-67.8247	-7.9447	38.8514
-0.939893	-68.5784	-8.08007	38.9056
-0.947914	-69.2921	-8.19313	38.9573
-0.934356	-69.9958	-8.29319	39.008
-0.925537	-70.7016	-8.38093	39.0586
-0.850141	-71.4228	-8.46171	39.111
-0.783465	-72.1638	-8.5374	39.1652
-0.709276	-72.8466	-8.59225	39.216
-0.615359	-73.5742	-8.6626	39.2703
-0.503745	-74.2312	-8.72489	39.3209
-0.352549	-74.888	-8.79182	39.3733
-0.267997	-75.5439	-8.86081	39.4258
-0.145896	-76.1938	-8.9454	39.4778
0.0118237	-76.8548	-9.04648	39.5319
0.107427	-77.536	-9.17002	39.5864
0.237106	-78.1483	-9.29509	39.6376
0.363972	-78.7667	-9.43017	39.6878
0.499457	-79.4343	-9.57809	39.7407
0.646795	-80.0973	-9.72539	39.7922
0.734	-80.7979	-9.87521	39.8445
0.81848	-81.5493	-10.0333	39.8994
0.893312	-82.2952	-10.1762	39.9526
0.928546	-83.0022	-10.3042	40.0029
0.945204	-83.7291	-10.4243	40.0544
0.942319	-84.4659	-10.5322	40.1065
0.920629	-85.223	-10.6347	40.1609
0.871679	-85.9462	-10.7243	40.213
0.811229	-86.6424	-10.8026	40.2632
0.739828	-87.4191	-10.8843	40.3199
0.638869	-88.1535	-10.9658	40.3742
0.544012	-88.8571	-11.0381	40.4272
0.448208	-89.5631	-11.1197	40.4799
0.300304	-90.2386	-11.1999	40.532
0.219112	-90.9622	-11.2888	40.5876
0.10692	-91.666	-11.3868	40.6418
-0.0365139	-92.3728	-11.5007	40.6974
-0.128374	-93.0259	-11.6207	40.7481
-0.236301	-93.6948	-11.7569	40.8013
-0.39259	-94.3714	-11.9119	40.8561
-0.501177	-95.0829	-12.0696	40.9111
-0.648015	-95.7385	-12.2189	40.9626
-0.741124	-96.452	-12.383	41.017
-0.817486	-97.1993	-12.537	41.0723
-0.891747	-97.9352	-12.6845	41.1263
-0.938736	-98.6693	-12.8144	41.1793
-0.961445	-99.4114	-12.9308	41.2323
-0.953012	-100.138	-13.0335	41.2841
-0.925124	-100.846	-13.1221	41.335
-0.876486	-101.564	-13.2032	41.3862
-0.824855	-102.311	-13.2742	41.4393
-0.702064	-103.038	-13.3469	41.4929
-0.615366	-103.743	-13.4157	41.5452
-0.521495	-104.447	-13.4785	41.5987
-0.381439	-105.124	-13.5483	41.651
-0.206153	-105.766	-13.6201	41.7035
-0.105655	-106.427	-13.7023	41.7566
0.0334067	-107.061	-13.7988	41.8079
0.157193	-107.728	-13.9164	41.862
0.314062	-108.341	-14.0414	41.9138
0.411972	-109.02	-14.1989	41.9691
0.516159	-109.68	-14.3527	42.0205
0.665125	-110.367	-14.5117	42.0734
0.743488	-111.047	-14.6662	42.124
0.81256	-111.769	-14.8171	42.1765
0.858088	-112.504	-14.9635	42.2292
0.889455	-113.214	-15.0865	42.2796
0.896671	-113.924	-15.1966	42.3299
0.874634	-114.682	-15.3024	42.3836
0.837485	-115.463	-15.3973	42.4397
0.75914	-116.191	-15.4804	42.4933
0.699251	-116.924	-15.5517	42.5473
0.588098	-117.672	-15.6307	42.6032
0.521438	-118.418	-15.7028	42.6594
0.366098	-119.113	-15.7765	42.7149
0.258297	-119.755	-15.8466	42.7659
0.164977	-120.428	-15.9243	42.8198
0.058079	-121.059	-16.014	42.8706
-0.0722341	-121.703	-16.1186	42.9234
-0.262705	-122.318	-16.2316	42.9759
-0.38784	-122.956	-16.3668	43.0278
-0.545827	-123.659	-16.5161	43.0833
-0.667672	-124.326	-16.662	43.1352
-0.769323	-125.058	-16.8247	43.1901
-0.890171	-125.78	-16.9724	43.2439
-0.967333	-126.506	-17.1118	43.2967
-1.02755	-127.258	-17.2455	43.3505
-1.0524	-128.03	-17.3649	43.4055
-1.05171	-128.771	-17.4619	43.4585
-1.02647	-129.508	-17.5503	43.5114
-0.971701	-130.24	-17.6317	43.5646
-0.904548	-130.925	-17.7015	43.6151
-0.813099	-131.589	-17.7681	43.6652
-0.718658	-132.253	-17.8333	43.7161
-0.634513	-132.932	-17.896	43.7684
-0.516179	-133.621	-17.9772	43.8225
-0.3249	-134.219	-18.051	43.8738
-0.227069	-134.893	-18.1464	43.9284
-0.0871547	-135.547	-18.2566	43.9825
0.0849989	-136.133	-18.3695	44.0327
0.299826	-136.737	-18.4966	44.0848
0.407771	-137.443	-18.6579	44.1395
0.571831	-138.149	-18.8148	44.1938
0.680024	-138.842	-18.9671	44.2454
0.772797	-139.531	-19.1123	44.2959
0.845383	-140.242	-19.2557	44.3471
0.900291	-140.959	-19.384	44.3986
0.928796	-141.675	-19.4996	44.4497
0.941241	-142.401	-19.6052	44.5017
0.923244	-143.13	-19.7023	44.5545
0.888443	-143.855	-19.784	44.6075
0.838014	-144.553	-19.8614	44.6585
0.777231	-145.262	-19.9361	44.7106
0.703497	-145.983	-20.0127	44.7639
0.584652	-146.684	-20.0808	44.818
0.49919	-147.391	-20.159	44.8714
0.361897	-148.105	-20.2423	44.9269
0.262332	-148.754	-20.3163	44.9777
0.106438	-149.443	-20.4123	45.0329
-0.00668635	-150.149	-20.5273	45.0892
-0.103909	-150.816	-20.6538	45.1412
-0.256061	-151.528	-20.8006	45.1965
-0.344232	-152.251	-20.9672	45.2524
-0.449012	-152.925	-21.1213	45.3037
-0.58978	-153.633	-21.2787	45.3571
-0.679741	-154.362	-21.4422	45.4112
-0.772699	-155.078	-21.588	45.4642
-0.8255	-155.817	-21.732	45.5181
-0.864467	-156.584	-21.8637	45.5732
-0.880232	-157.307	-21.9762	45.6251
-0.872675	-158.069	-22.0831	45.68
-0.832801	-158.842	-22.1786	45.7353
-0.78215	-159.57	-22.2536	45.788
-0.701419	-160.307	-22.3327	45.8419
-0.583507	-161.044	-22.4126	45.8968
-0.490655	-161.72	-22.4802	45.9485
-0.393092	-162.38	-22.557	45.9994
-0.279551	-163.013	-22.6352	46.05
-0.135688	-163.658	-22.7184	46.1032
0.0530003	-164.311	-22.808	46.159
0.16135	-164.975	-22.9123	46.2126
0.348355	-165.619	-23.0266	46.2676
0.437234	-166.283	-23.1597	46.3206
0.603514	-166.957	-23.2983	46.3743
0.706718	-167.636	-23.4417	46.4265
0.809236	-168.354	-23.5984	46.4807
0.91222	-169.065	-23.7417	46.5336
0.971021	-169.75	-23.8729	46.5837
1.01204	-170.442	-23.9958	46.634
1.03415	-171.158	-24.1124	46.6857
1.03575	-171.879	-24.2209	46.7376
1.02301	-172.581	-24.3167	46.7884
0.981432	-173.328	-24.4145	46.8424
0.907512	-174.041	-24.4994	46.8947
0.8314	-174.749	-24.579	46.9472
0.758907	-175.428	-24.6446	46.9983
0.663301	-176.126	-24.7201	47.0515
0.558811	-176.795	-24.7943	47.1033
0.412812	-177.477	-24.8713	47.159
0.24757	-178.11	-24.953	47.2132
0.113159	-178.713	-25.0411	47.2643
-0.0390772	-179.325	-25.1445	47.3155
-0.15679	-179.963	-25.2666	47.3676
-0.264924	-180.661	-25.4134	47.4245
-0.441094	-181.28	-25.5498	47.4752
-0.57485	-181.93	-25.694	47.5264
-0.672909	-182.609	-25.8535	47.5784
-0.768839	-183.285	-26.0008	47.629
-0.876688	-183.982	-26.1442	47.6802
-0.934969	-184.737	-26.2857	47.7345
-0.971214	-185.482	-26.4144	47.788
-0.984059	-186.227	-26.5286	47.8414
-0.968828	-186.963	-26.6266	47.8945
-0.922997	-187.72	-26.7078	47.9486
-0.900129	-188.479	-26.786	48.0028
-0.781341	-189.23	-26.8556	48.0582
-0.711724	-189.962	-26.9138	48.1125
-0.580799	-190.657	-26.9785	48.1658
-0.478676	-191.387	-27.0471	48.2223
-0.317245	-192.064	-27.1225	48.2774
-0.200565	-192.715	-27.1971	48.3308
-0.0870865	-193.368	-27.2893	48.3835
0.0979633	-194.022	-27.3999	48.4392
0.243761	-194.669	-27.5257	48.4929
0.420665	-195.291	-27.6581	48.5446
0.555888	-195.943	-27.802	48.5964
0.665035	-196.643	-27.9653	48.6499
0.810024	-197.387	-28.1238	48.7058
0.901489	-198.08	-28.2696	48.7578
0.980992	-198.807	-28.4179	48.8108
1.04222	-199.55	-28.5534	48.8641
1.09038	-200.243	-28.6715	48.9142
1.10567	-201.016	-28.7907	48.9694
1.10396	-201.756	-28.896	49.0223
1.07973	-202.463	-28.9875	49.0734
1.02743	-203.184	-29.0753	49.1255
0.972558	-203.896	-29.1557	49.1779
0.911292	-204.609	-29.2249	49.2299
0.842682	-205.342	-29.3024	49.2838
0.714126	-206.007	-29.3696	49.3347
0.61834	-206.683	-29.4409	49.3865
0.551987	-207.376	-29.5144	49.4395
0.445437	-208.005	-29.5907	49.4899
0.329925	-208.615	-29.6723	49.5401
0.183058	-209.275	-29.7746	49.5946
0.0876566	-209.907	-29.8826	49.6454
-0.0203119	-210.558	-30.003	49.698
-0.119804	-211.203	-30.1303	49.7482
-0.215636	-211.899	-30.2807	49.8017
-0.320436	-212.574	-30.4272	49.8532
-0.451669	-213.302	-30.582	49.908
-0.541433	-214.047	-30.7477	49.9636
-0.650096	-214.775	-30.8968	50.0168
-0.698232	-215.552	-31.0492	50.0727
-0.752939	-216.288	-31.1764	50.1256
-0.771972	-217.049	-31.2956	50.1798
-0.766856	-217.809	-31.4052	50.2344
-0.744843	-218.563	-31.5064	50.2883
-0.707554	-219.315	-31.5944	50.3431
-0.652383	-220.032	-31.6769	50.3945
-0.553179	-220.724	-31.7541	50.4449
-0.463698	-221.458	-31.8405	50.499
-0.385283	-222.204	-31.9284	50.5543
-0.255205	-222.937	-32.0198	50.6107
-0.143274	-223.628	-32.1126	50.6642
0.0365916	-224.272	-32.2026	50.7173
0.111942	-224.955	-32.3069	50.7712
0.280343	-225.615	-32.4177	50.8259
0.395905	-226.223	-32.5301	50.8766
0.51039	-226.858	-32.6541	50.9288
0.592417	-227.504	-32.7921	50.9802
0.722053	-228.208	-32.9384	51.0349
0.814788	-228.891	-33.0828	51.0869
0.878103	-229.611	-33.235	51.1403
0.953442	-230.337	-33.3734	51.194
1.00476	-231.026	-33.4943	51.2445
1.03866	-231.778	-33.6111	51.2998
1.04499	-232.481	-33.7088	51.3511
1.03345	-233.17	-33.7973	51.4022
0.998856	-233.87	-33.8811	51.4543
0.931377	-234.562	-33.9586	51.506
0.864999	-235.251	-34.0327	51.5575
0.817082	-235.972	-34.1056	51.6113
0.732728	-236.643	-34.1804	51.6623
0.61988	-237.32	-34.2607	51.7146
0.514145	-237.978	-34.3462	51.7667
0.426362	-238.668	-34.4426	51.8227
0.296679	-239.263	-34.5354	51.8731
0.120709	-239.895	-34.6425	51.9278
0.0028372	-240.509	-34.7569	51.9795
-0.132632	-241.125	-34.8854	52.0324
-0.331446	-241.768	-35.0219	52.0873
-0.449531	-242.43	-35.1662	52.1379
-0.54923	-243.138	-35.3306	52.1907
-0.658413	-243.864	-35.4868	52.2441
-0.751983	-244.622	-35.647	52.2997
-0.818406	-245.331	-35.7798	52.3502
-0.843197	-246.124	-35.9135	52.4066
-0.844436	-246.844	-36.0243	52.4583
-0.81721	-247.561	-36.1216	52.51
-0.773535	-248.327	-36.2206	52.5648
-0.714628	-249.083	-36.3087	52.6193
-0.637095	-249.791	-36.3818	52.6711
-0.530112	-250.49	-36.4567	52.7223
-0.437417	-251.183	-36.529	52.7735
-0.318601	-251.837	-36.5961	52.8236
-0.130108	-252.517	-36.6692	52.8779
-0.0197795	-253.221	-36.7441	52.9322
0.138255	-253.828	-36.8182	52.9823
0.281941	-254.47	-36.9107	53.0353
0.467696	-255.094	-37.0121	53.088
0.578395	-255.74	-37.1347	53.1412
0.709963	-256.394	-37.262	53.1942
0.825982	-257.027	-37.3916	53.2446
0.974483	-257.691	-37.5295	53.2963
1.06201	-258.383	-37.6731	53.3481
1.12894	-259.109	-37.8273	53.4015
1.19838	-259.807	-37.9636	53.452
1.25684	-260.527	-38.0965	53.5038
1.307	-261.265	-38.2233	53.5563
1.32101	-262.028	-38.3449	53.6109
1.30723	-262.781	-38.4574	53.6652
1.27236	-263.493	-38.5575	53.7166
1.22263	-264.181	-38.6489	53.7666
1.15712	-264.885	-38.7395	53.818
1.07395	-265.604	-38.8259	53.8711
0.987793	-266.306	-38.9144	53.9234
0.899143	-266.984	-39.0005	53.9749
0.803151	-267.645	-39.0864	54.0256
0.661179	-268.293	-39.1736	54.0772
0.539789	-268.91	-39.2583	54.1275
0.41667	-269.513	-39.3461	54.1778
0.309671	-270.171	-39.4534	54.2329
0.116046	-270.75	-39.5579	54.2857
-0.00981295	-271.402	-39.6881	54.3416
-0.160034	-272.025	-39.8171	54.3934
-0.355743	-272.654	-39.9526	54.4466
-0.449385	-273.32	-40.0962	54.4977
-0.585009	-274.015	-40.2511	54.5506
-0.668358	-274.716	-40.3907	54.6024
-0.742125	-275.466	-40.5271	54.6572
-0.757399	-276.169	-40.6438	54.708
-0.739418	-276.921	-40.7579	54.7625
-0.702637	-277.64	-40.8613	54.8142
-0.64652	-278.345	-40.9569	54.8648
-0.56908	-279.087	-41.051	54.9193
-0.470311	-279.765	-41.1332	54.9696
-0.411764	-280.474	-41.2143	55.0226
-0.249555	-281.188	-41.3032	55.0785
-0.0978854	-281.833	-41.3861	55.1301
-0.0343102	-282.487	-41.4736	55.1813
0.0699418	-283.106	-41.5658	55.2316
0.189727	-283.745	-41.6685	55.2838
0.396826	-284.391	-41.7775	55.3396
0.496123	-285.037	-41.8958	55.3925
0.605244	-285.672	-42.0136	55.4431
0.723989	-286.344	-42.1406	55.4951
0.846849	-287.033	-42.2676	55.5472
0.921054	-287.748	-42.3948	55.5996
0.984116	-288.466	-42.5175	55.6513
1.03314	-289.195	-42.6325	55.7034
1.05933	-289.959	-42.7467	55.7577
1.0562	-290.671	-42.8479	55.8086
1.03189	-291.385	-42.9453	55.8601
0.990395	-292.104	-43.0353	55.9119
0.914504	-292.856	-43.1306	55.9666
0.841751	-293.62	-43.219	56.0223
0.76248	-294.319	-43.3017	56.0736
0.657386	-295.017	-43.3848	56.1258
0.525891	-295.715	-43.4715	56.1794
0.415335	-296.392	-43.5541	56.232
0.298618	-297.05	-43.6417	56.2838
0.12042	-297.73	-43.7406	56.339
0.0126385	-298.355	-43.838	56.3899
-0.0850604	-299.043	-43.9574	56.4449
-0.236954	-299.682	-44.0745	56.4974
-0.3283	-300.376	-44.2136	56.5521
-0.474484	-301.076	-44.3541	56.6072
-0.562339	-301.794	-44.5042	56.6619
-0.67617	-302.525	-44.6474	56.7167
-0.750731	-303.265	-44.7856	56.771
-0.823542	-303.971	-44.9115	56.8215
-0.865294	-304.727	-45.0344	56.8753
-0.891385	-305.461	-45.1464	56.9272
-0.903942	-306.23	-45.255	56.9821
-0.900519	-306.974	-45.3555	57.0344
-0.882968	-307.752	-45.4593	57.0894
-0.864066	-308.468	-45.5458	57.1412
-0.819874	-309.189	-45.6373	57.1934
-0.773953	-309.904	-45.7266	57.246
-0.641118	-310.634	-45.8216	57.3013
-0.578526	-311.327	-45.91	57.3536
-0.459488	-312.019	-46.0033	57.4067
-0.310917	-312.706	-46.0979	57.4597
-0.19286	-313.426	-46.1986	57.516
-0.00369594	-314.09	-46.3002	57.5703
0.137334	-314.746	-46.4148	57.6231
0.259305	-315.424	-46.5453	57.6755
0.434646	-316.068	-46.6788	57.7273
0.55955	-316.72	-46.8199	57.7778
0.670377	-317.432	-46.9713	57.8312
0.767679	-318.141	-47.1256	57.8834
0.85997	-318.892	-47.2719	57.9382
0.904222	-319.637	-47.4099	57.9919
0.924377	-320.379	-47.5318	58.0451
0.920022	-321.081	-47.6355	58.0957
0.89588	-321.787	-47.7312	58.1466
0.830078	-322.503	-47.8205	58.1985
0.777294	-323.249	-47.9008	58.2526
0.69487	-323.993	-47.9851	58.3072
0.597646	-324.724	-48.0674	58.3615
0.50245	-325.401	-48.1496	58.413
0.395521	-326.047	-48.2276	58.4639
0.290715	-326.671	-48.306	58.5144
0.1277	-327.304	-48.3933	58.5676
0.0149671	-327.94	-48.4905	58.6202
-0.10908	-328.542	-48.5924	58.6705
-0.225527	-329.141	-48.7015	58.7214
-0.302688	-329.783	-48.8321	58.7738
-0.427315	-330.441	-48.9694	58.8264
-0.566742	-331.13	-49.1164	58.8809
-0.682229	-331.816	-49.2703	58.9339
-0.765387	-332.561	-49.4203	58.9881
-0.842243	-333.332	-49.5698	59.044
-0.884308	-334.08	-49.6955	59.0978
-0.9011	-334.798	-49.7983	59.1484
-0.898566	-335.517	-49.8842	59.1991
-0.885436	-336.242	-49.9648	59.2505
-0.857653	-336.993	-50.0418	59.3039
-0.819505	-337.734	-50.125	59.356
-0.772006	-338.477	-50.2092	59.4094
-0.714881	-339.196	-50.2828	59.4619
-0.649559	-339.876	-50.3411	59.5132
-0.581007	-340.597	-50.4179	59.5671
-0.438947	-341.315	-50.4966	59.6234
-0.345285	-341.966	-50.5789	59.6747
-0.229562	-342.612	-50.6698	59.7253
-0.0873559	-343.245	-50.7715	59.7762
0.0681518	-343.963	-50.9051	59.8323
0.1827	-344.67	-51.0483	59.8871
0.311716	-345.352	-51.1985	59.9395
0.455708	-346.01	-51.3523	59.9895
0.570121	-346.719	-51.527	60.043
0.685958	-347.399	-51.6824	60.0931
0.792888	-348.123	-51.8348	60.1457
0.870861	-348.849	-51.9787	60.1979
0.932423	-349.552	-52.1082	60.2482
0.958311	-350.283	-52.229	60.3004
0.953555	-351.007	-52.3335	60.3523
0.929776	-351.723	-52.4171	60.4043
0.878388	-352.424	-52.4933	60.456
0.777211	-353.122	-52.5647	60.5081
0.687441	-353.789	-52.6304	60.5585
0.604485	-354.49	-52.6959	60.613
0.504902	-355.182	-52.7729	60.6675
0.399768	-355.812	-52.8479	60.7181
0.254097	-356.447	-52.9348	60.7701
0.179448	-357.137	-53.0399	60.8256
0.0635042	-357.77	-53.1461	60.8774
-0.0867046	-358.427	-53.2659	60.9305
-0.167989	-359.112	-53.4043	60.984
-0.261315	-359.769	-53.5389	61.0347
-0.355765	-360.46	-53.6814	61.0874
-0.451601	-361.198	-53.8299	61.1421
-0.508255	-361.939	-53.9808	61.1972
-0.562856	-362.673	-54.1178	61.251
-0.579521	-363.446	-54.2506	61.3067
-0.583996	-364.139	-54.3575	61.3567
-0.561958	-364.882	-54.4595	61.4104
-0.526605	-365.582	-54.5432	61.4609
-0.468839	-366.291	-54.6211	61.5124
-0.405144	-366.989	-54.682	61.5635
-0.3017	-367.722	-54.7575	61.6182
-0.217769	-368.418	-54.8297	61.6702
-0.132309	-369.089	-54.9028	61.7216
-0.0461891	-369.774	-54.9808	61.7753
0.0630423	-370.422	-55.0657	61.8256
0.174907	-371.073	-55.1596	61.8773
0.315885	-371.699	-55.2608	61.9277
0.479861	-372.369	-55.3795	61.9818
0.592567	-373.038	-55.5146	62.0352
0.780818	-373.74	-55.6569	62.0909
0.885072	-374.439	-55.8101	62.1436
0.992232	-375.167	-55.961	62.1981
1.08468	-375.896	-56.1102	62.2523
1.14702	-376.631	-56.2618	62.3062
1.20052	-377.335	-56.3951	62.3574
1.24197	-378.048	-56.521	62.4091
1.24932	-378.764	-56.6364	62.4611
1.23712	-379.449	-56.7384	62.5112
1.20509	-380.162	-56.8352	62.5639
1.1502	-380.879	-56.927	62.6163
1.08011	-381.595	-57.0138	62.6688
0.974235	-382.291	-57.0954	62.7205
0.880434	-382.963	-57.1736	62.771
0.810828	-383.654	-57.2528	62.8237
0.71797	-384.323	-57.3363	62.8754
0.603875	-384.959	-57.4176	62.9266
0.438112	-385.595	-57.5011	62.981
0.345647	-386.231	-57.5925	63.035
0.226172	-386.826	-57.6908	63.0859
0.0126793	-387.436	-57.8032	63.142
-0.120077	-388.048	-57.9343	63.1946
-0.262422	-388.689	-58.0741	63.2469
-0.378301	-389.329	-58.2196	63.2975
-0.53582	-390.009	-58.3723	63.3499
-0.620416	-390.76	-58.5402	63.4056
-0.711033	-391.482	-58.6824	63.4575
-0.755927	-392.26	-58.8198	63.513
-0.778113	-393	-58.9354	63.5659
-0.770784	-393.731	-59.0333	63.6184
-0.743244	-394.418	-59.1099	63.6686
-0.693836	-395.105	-59.1742	63.7187
-0.622476	-395.8	-59.2338	63.7709
-0.54184	-396.487	-59.2906	63.8233
-0.476619	-397.143	-59.3326	63.8745
-0.362061	-397.772	-59.3885	63.9257
-0.212083	-398.419	-59.4523	63.9801
-0.0929329	-399.032	-59.522	64.0315
0.0379119	-399.675	-59.6133	64.086
0.171618	-400.282	-59.7199	64.1369
0.361504	-400.912	-59.8473	64.1906
0.485017	-401.559	-59.9893	64.2427
0.585984	-402.258	-60.1545	64.2959
0.726794	-403.003	-60.3152	64.3513
0.819309	-403.77	-60.4817	64.4066
0.917595	-404.552	-60.6384	64.4631
0.972987	-405.332	-60.7928	64.5184
1.02236	-406.091	-60.929	64.5724
1.03823	-406.844	-61.0569	64.6258
1.02561	-407.608	-61.1747	64.6803
0.995321	-408.308	-61.2718	64.7308
0.94527	-409.016	-61.3606	64.7821
0.872959	-409.72	-61.4344	64.834
0.783287	-410.415	-61.5083	64.8861
0.69559	-411.07	-61.5751	64.9361
0.533654	-411.774	-61.6515	64.9912
0.471802	-412.488	-61.7271	65.0459
0.31153	-413.151	-61.807	65.0999
0.186973	-413.799	-61.894	65.1525
0.0870066	-414.499	-62	65.2084
-0.0729354	-415.174	-62.1129	65.2634
-0.18375	-415.832	-62.2373	65.3163
-0.297874	-416.475	-62.3644	65.3671
-0.487396	-417.123	-62.4976	65.4204
-0.596108	-417.776	-62.634	65.4705
-0.700323	-418.437	-62.7714	65.5208
-0.805741	-419.199	-62.9284	65.5771
-0.882079	-419.898	-63.064	65.6277
-0.943857	-420.617	-63.1972	65.6793
-0.99848	-421.381	-63.3314	65.7342
-1.02518	-422.085	-63.4396	65.7843
-1.03838	-422.871	-63.5455	65.8401
-1.03698	-423.606	-63.638	65.8928
-1.01985	-424.341	-63.7247	65.9456
-0.98993	-425.108	-63.8219	66.0006
-0.970602	-425.831	-63.9061	66.0546
-0.908319	-426.551	-63.9909	66.1087
-0.826023	-427.215	-64.0614	66.1596
-0.759557	-427.875	-64.1345	66.2099
-0.657561	-428.527	-64.2069	66.2608
-0.583849	-429.212	-64.2829	66.3152
-0.472879	-429.845	-64.3601	66.3661
-0.354137	-430.469	-64.4417	66.4166
-0.178601	-431.122	-64.5348	66.4707
-0.0531876	-431.789	-64.6354	66.524
0.0795719	-432.424	-64.7394	66.5743
0.210479	-433.113	-64.8649	66.6285
0.365325	-433.805	-64.9981	66.6819
0.49716	-434.555	-65.1527	66.7372
0.649282	-435.336	-65.3082	66.7943
0.75598	-436.061	-65.4576	66.846
0.842905	-436.822	-65.6006	66.9006
0.899339	-437.613	-65.7423	66.9571
0.927102	-438.376	-65.8661	67.0117
0.932895	-439.085	-65.9731	67.0629
0.91823	-439.795	-66.0717	67.1143
0.892318	-440.515	-66.1586	67.1664
0.813682	-441.267	-66.25	67.2212
0.752054	-441.994	-66.3389	67.2742
0.688349	-442.744	-66.4309	67.3296
0.6096	-443.419	-66.5158	67.3797
0.479785	-444.081	-66.5982	67.4305
0.411572	-444.808	-66.6952	67.4858
0.317878	-445.477	-66.7961	67.5369
0.190694	-446.179	-66.9132	67.5913
0.112339	-446.865	-67.0357	67.6435
0.0491519	-447.552	-67.1688	67.6955
-0.0193799	-448.254	-67.3037	67.748
-0.0986276	-448.965	-67.4388	67.8005
-0.147114	-449.67	-67.5686	67.8518
-0.183485	-450.421	-67.7008	67.9061
