x	y	z	t
0.539136	421.005	69.1752	3.00683
0.598655	420.628	69.1074	3.06171
0.593755	420.153	69.0325	3.11273
0.58687	419.687	68.9588	3.16286
0.577966	419.185	68.8787	3.21652
0.566697	418.72	68.8037	3.26673
0.55449	418.198	68.7193	3.32234
0.542089	417.709	68.6405	3.37507
0.530186	417.182	68.5555	3.43153
0.521433	416.698	68.4781	3.4832
0.513173	416.194	68.3987	3.53722
0.500836	415.711	68.3235	3.58865
0.492399	415.195	68.2444	3.64375
0.478048	414.705	68.1703	3.69519
0.458663	414.204	68.0947	3.74896
0.447956	413.676	68.016	3.80577
0.42981	413.202	67.9444	3.85663
0.410493	412.73	67.8729	3.90736
0.378601	412.231	67.7974	3.96125
0.355896	411.713	67.719	4.01666
0.322864	411.184	67.638	4.07332
0.293237	410.704	67.5635	4.12439
0.253626	410.173	67.4803	4.18102
0.222959	409.651	67.3982	4.23639
0.181049	409.12	67.3143	4.29308
0.143391	408.643	67.2387	4.34374
0.106194	408.166	67.1632	4.39463
0.0625117	407.647	67.0812	4.45035
0.0269541	407.135	67.0002	4.50487
-0.0167191	406.624	66.9201	4.55951
-0.0525029	406.097	66.8376	4.61582
-0.0940208	405.593	66.7592	4.66992
-0.122355	405.12	66.6861	4.72019
-0.158009	404.578	66.6021	4.77811
-0.191821	404.088	66.5256	4.83089
-0.228514	403.53	66.4381	4.89001
-0.255354	402.99	66.3535	4.94765
-0.280079	402.521	66.2786	4.99798
-0.297491	402	66.1957	5.05367
-0.313285	401.488	66.1139	5.10822
-0.327385	401.016	66.0372	5.15836
-0.338057	400.527	65.9565	5.21007
-0.344325	400.021	65.872	5.26395
-0.34844	399.522	65.788	5.31746
-0.35211	399.042	65.7061	5.36936
-0.340394	398.544	65.6193	5.42302
-0.329898	398.043	65.5328	5.47701
-0.31857	397.544	65.4454	5.53129
-0.297918	397.057	65.3572	5.58388
-0.276482	396.58	65.2738	5.63546
-0.246853	396.08	65.1891	5.68948
-0.213235	395.584	65.1081	5.74326
-0.181376	395.082	65.0307	5.79766
-0.12318	394.608	64.9599	5.84919
-0.0802797	394.074	64.8832	5.90749
-0.0287528	393.613	64.8177	5.95874
0.0435868	393.127	64.7507	6.01289
0.101572	392.647	64.6833	6.06607
0.169708	392.193	64.6179	6.11735
0.251641	391.688	64.5454	6.17486
0.33372	391.203	64.4709	6.2303
0.39432	390.709	64.3915	6.28653
0.473563	390.203	64.3074	6.34369
0.539857	389.742	64.2263	6.39508
0.6173	389.238	64.136	6.45121
0.662811	388.723	64.0424	6.50759
0.730178	388.249	63.9556	6.55929
0.785192	387.761	63.8659	6.6121
0.826251	387.285	63.7759	6.66318
0.859055	386.816	63.6925	6.71345
0.890525	386.293	63.6047	6.7689
0.916136	385.808	63.5265	6.82021
0.927753	385.327	63.4526	6.87074
0.935883	384.793	63.3731	6.92702
0.924871	384.283	63.302	6.98181
0.921159	383.781	63.2398	7.03519
0.888519	383.268	63.1737	7.09005
0.870123	382.736	63.1091	7.14659
0.821343	382.232	63.0462	7.20071
0.799608	381.701	62.9802	7.25689
0.73808	381.194	62.9096	7.31179
0.70439	380.673	62.8303	7.36702
0.640441	380.169	62.7468	7.4215
0.600384	379.694	62.6682	7.47292
0.55754	379.201	62.5857	7.52666
0.495462	378.687	62.4961	7.58282
0.454747	378.186	62.4067	7.63696
0.40769	377.713	62.3195	7.68833
0.353932	377.213	62.2287	7.74273
0.326885	376.724	62.1381	7.79594
0.289546	376.234	62.0513	7.84973
0.272644	375.757	61.9685	7.90168
0.265393	375.275	61.8869	7.95412
0.260167	374.772	61.8055	8.00841
0.263532	374.274	61.7282	8.06243
0.269103	373.792	61.6595	8.1149
0.287211	373.314	61.5955	8.16696
0.314103	372.8	61.5322	8.2232
0.340271	372.299	61.4705	8.27813
0.377574	371.802	61.4136	8.3333
0.421626	371.325	61.3555	8.3868
0.492404	370.85	61.2946	8.44093
0.526873	370.375	61.2318	8.49456
0.595186	369.885	61.1606	8.54992
0.645006	369.424	61.0895	8.6021
0.685528	368.961	61.0123	8.65468
0.731011	368.484	60.9305	8.70775
0.769852	368.026	60.8501	8.7588
0.825108	367.546	60.7638	8.81185
0.859113	367.085	60.6828	8.86232
0.881748	366.588	60.594	8.916
0.907226	366.124	60.5127	8.96609
0.930357	365.625	60.4266	9.01923
0.946618	365.11	60.3385	9.07344
0.951662	364.613	60.2562	9.12561
0.950874	364.093	60.1718	9.17996
0.941396	363.593	60.0912	9.23272
0.927453	363.096	60.0119	9.2852
0.896654	362.547	59.9287	9.34273
0.867684	362.064	59.8576	9.39354
0.834865	361.589	59.7904	9.44365
0.80059	361.07	59.7157	9.49856
0.744811	360.546	59.643	9.55359
0.696276	360.014	59.5681	9.60841
0.632694	359.474	59.4927	9.66413
0.576019	358.975	59.4209	9.71536
0.497032	358.449	59.3421	9.76997
0.442662	357.909	59.2597	9.82588
0.37856	357.426	59.1842	9.8764
0.307445	356.943	59.1066	9.92672
0.204952	356.417	59.0202	9.98165
0.158287	355.881	58.9298	10.0374
0.0733828	355.343	58.8344	10.0941
0.0084995	354.832	58.7413	10.1469
-0.0524547	354.336	58.6475	10.1978
-0.113901	353.848	58.5534	10.2483
-0.18894	353.32	58.4519	10.3031
-0.225249	352.783	58.3458	10.3578
-0.279227	352.255	58.2461	10.4117
-0.30598	351.711	58.1442	10.4667
-0.334294	351.172	58.0496	10.5213
-0.346852	350.641	57.9583	10.5752
-0.350235	350.096	57.8702	10.6302
-0.346604	349.561	57.7878	10.6842
-0.334184	348.99	57.7034	10.7417
-0.307377	348.464	57.6325	10.7955
-0.273766	347.932	57.5633	10.8497
-0.213571	347.415	57.4987	10.9033
-0.182386	346.907	57.4408	10.9556
-0.133788	346.389	57.3787	11.0094
-0.0516342	345.9	57.3208	11.0617
-0.0100055	345.381	57.261	11.1161
0.0519211	344.886	57.1992	11.1678
0.132243	344.385	57.1325	11.2202
0.183696	343.834	57.0543	11.2768
0.238968	343.333	56.9772	11.3286
0.346582	342.834	56.8953	11.3815
0.397248	342.299	56.8031	11.4365
0.492325	341.781	56.7104	11.4905
0.52445	341.276	56.6161	11.541
0.611939	340.763	56.5151	11.5941
0.657541	340.225	56.4017	11.648
0.714492	339.704	56.2993	11.7001
0.77553	339.141	56.1931	11.7552
0.818083	338.598	56.0954	11.8085
0.848429	338.079	56.0066	11.8593
0.874959	337.544	55.9174	11.9113
0.897776	336.967	55.8238	11.9676
0.908329	336.415	55.7377	12.0211
0.911126	335.863	55.6539	12.0747
0.905728	335.335	55.5784	12.1259
0.88916	334.793	55.5029	12.1789
0.857541	334.254	55.4313	12.2314
0.835224	333.696	55.3613	12.2859
0.797225	333.17	55.2953	12.3376
0.734299	332.633	55.227	12.3907
0.679705	332.098	55.1584	12.4442
0.633088	331.577	55.0936	12.4965
0.577326	331.054	55.0239	12.549
0.484285	330.515	54.9494	12.604
0.434645	329.966	54.8705	12.6591
0.336472	329.435	54.7901	12.7134
0.283475	328.902	54.7061	12.7674
0.214465	328.383	54.6213	12.8195
0.120108	327.827	54.5274	12.8768
0.0575999	327.313	54.4391	12.9296
-0.034674	326.76	54.3391	12.9864
-0.138477	326.197	54.2351	13.0441
-0.198081	325.668	54.1293	13.0971
-0.269162	325.162	54.0285	13.1482
-0.349748	324.62	53.9215	13.2027
-0.39715	324.1	53.8178	13.2541
-0.433632	323.586	53.7142	13.3048
-0.470823	323.069	53.6184	13.3555
-0.493912	322.498	53.519	13.4115
-0.509056	321.965	53.4302	13.4638
-0.510929	321.414	53.3429	13.5178
-0.498847	320.856	53.2591	13.5726
-0.486183	320.312	53.1848	13.6265
-0.459162	319.773	53.1142	13.6801
-0.401865	319.226	53.0458	13.7348
-0.369802	318.7	52.9881	13.7879
-0.31041	318.176	52.9287	13.8409
-0.223751	317.662	52.8712	13.8946
-0.176451	317.141	52.8162	13.9486
-0.0753148	316.637	52.7569	14.0021
-0.00831534	316.133	52.6939	14.0542
0.055362	315.584	52.6215	14.1114
0.152406	315.079	52.5494	14.1647
0.216227	314.579	52.472	14.2171
0.300076	314.095	52.3923	14.2677
0.380006	313.583	52.3052	14.3207
0.47462	313.053	52.2095	14.3757
0.531443	312.538	52.1177	14.4278
0.59585	312.024	52.0268	14.48
0.680898	311.482	51.9295	14.5346
0.721398	310.941	51.828	14.5883
0.79026	310.375	51.7234	14.6445
0.829063	309.844	51.624	14.6965
0.864864	309.299	51.5272	14.7496
0.903278	308.758	51.4349	14.8021
0.92077	308.191	51.3389	14.8569
0.933423	307.658	51.251	14.9085
0.938032	307.141	51.167	14.9587
0.934747	306.611	51.083	15.0106
0.916855	306.075	51.0018	15.0626
0.900196	305.537	50.9254	15.1151
0.874337	305.017	50.8533	15.1662
0.835714	304.492	50.7825	15.2181
0.78721	303.972	50.7122	15.2702
0.717531	303.446	50.644	15.3232
0.661127	302.896	50.574	15.3786
0.606352	302.38	50.507	15.4312
0.510289	301.876	50.4398	15.4835
0.443616	301.375	50.3714	15.5353
0.384836	300.831	50.2942	15.591
0.286873	300.322	50.2185	15.6441
0.211099	299.843	50.1432	15.6944
0.14827	299.345	50.0592	15.7465
0.0798115	298.856	49.9735	15.7975
0.00446314	298.319	49.8775	15.8522
-0.0825627	297.822	49.7844	15.9025
-0.138677	297.313	49.6876	15.9536
-0.19964	296.774	49.5811	16.0081
-0.268072	296.224	49.4765	16.0631
-0.320848	295.701	49.3756	16.1151
-0.361918	295.191	49.2777	16.1653
-0.388264	294.642	49.1722	16.2188
-0.422079	294.059	49.0665	16.2759
-0.438165	293.486	48.9687	16.3319
-0.449879	292.958	48.8816	16.3831
-0.450695	292.378	48.7896	16.4394
-0.437931	291.827	48.7083	16.4931
-0.42399	291.26	48.6325	16.5485
-0.393768	290.736	48.5661	16.6002
-0.348147	290.187	48.4983	16.6543
-0.316696	289.616	48.4338	16.7107
-0.247908	289.092	48.3738	16.7635
-0.202638	288.553	48.3164	16.8177
-0.138833	288.012	48.2522	16.8727
-0.0493885	287.501	48.191	16.925
0.00823472	286.95	48.123	16.9811
0.107689	286.436	48.0534	17.0345
0.166243	285.904	47.9785	17.089
0.239882	285.376	47.8978	17.1421
0.34635	284.853	47.8141	17.1952
0.413703	284.296	47.7208	17.2498
0.495615	283.77	47.6322	17.3014
0.594822	283.241	47.54	17.3536
0.658544	282.698	47.4445	17.406
0.687239	282.156	47.3573	17.4588
0.686156	281.617	47.2716	17.511
0.687076	281.088	47.1881	17.5618
0.685612	280.511	47.0966	17.6167
0.68532	279.971	47.0115	17.6679
1.05676	279.377	46.8637	17.7231
1.1037	278.801	46.7619	17.7765
1.13726	278.252	46.6695	17.8278
1.15987	277.697	46.5784	17.8791
1.1734	277.145	46.4882	17.9303
1.18418	276.591	46.399	17.9818
1.18316	275.995	46.3027	18.0375
1.17349	275.44	46.2153	18.089
1.15548	274.882	46.1303	18.141
1.13068	274.341	46.0517	18.1915
1.08473	273.776	45.971	18.2445
1.04258	273.226	45.8948	18.2961
1.00737	272.668	45.8204	18.3485
0.950684	272.112	45.746	18.4011
0.874002	271.557	45.6727	18.4542
0.81602	271.005	45.6019	18.5066
0.747141	270.468	45.529	18.5581
0.677811	269.914	45.4514	18.6112
0.616937	269.397	45.377	18.6612
0.539047	268.879	45.2975	18.712
0.453811	268.317	45.2079	18.7676
0.34843	267.756	45.1149	18.8234
0.270713	267.236	45.0242	18.8746
0.183761	266.711	44.9289	18.9259
0.105629	266.178	44.8241	18.9785
0.0458556	265.617	44.7158	19.0324
-0.0264756	265.085	44.6108	19.083
-0.0972753	264.508	44.495	19.138
-0.154804	263.927	44.3851	19.1925
-0.204625	263.328	44.2744	19.2484
-0.242814	262.724	44.1716	19.3044
-0.256575	262.141	44.0758	19.358
-0.263776	261.546	43.9831	19.4135
-0.258208	260.971	43.8972	19.4669
-0.248503	260.394	43.8166	19.5206
-0.229217	259.833	43.7406	19.5737
-0.197411	259.245	43.667	19.629
-0.160863	258.679	43.5959	19.6827
-0.0933365	258.15	43.5311	19.7337
-0.0524302	257.578	43.4621	19.7886
-0.0016689	257.024	43.3908	19.842
0.066963	256.451	43.3155	19.8978
0.137095	255.893	43.2362	19.9525
0.217804	255.34	43.1532	20.0072
0.276937	254.764	43.0606	20.0629
0.351405	254.182	42.9625	20.1193
0.420522	253.643	42.8697	20.172
0.499861	253.099	42.7729	20.2248
0.55629	252.55	42.671	20.2773
0.606634	252.017	42.5738	20.3283
0.64516	251.454	42.473	20.381
0.682761	250.909	42.3777	20.432
0.723458	250.357	42.2843	20.4835
0.74411	249.782	42.1901	20.5368
0.756112	249.222	42.1	20.5888
0.762389	248.642	42.0094	20.6427
0.755718	248.1	41.9269	20.6934
0.741377	247.542	41.8445	20.7457
0.730038	246.984	41.7664	20.7979
0.703041	246.421	41.6884	20.8508
0.668868	245.892	41.6171	20.9011
0.633188	245.346	41.544	20.9531
0.57106	244.754	41.466	21.0102
0.528764	244.236	41.3967	21.0606
0.448458	243.68	41.3202	21.1145
0.396261	243.156	41.2476	21.1653
0.32538	242.633	41.1736	21.2165
0.274549	242.092	41.0949	21.2691
0.193046	241.552	41.0118	21.3217
0.111696	240.97	40.919	21.3778
0.0448344	240.429	40.8312	21.4299
-0.0436146	239.87	40.7389	21.484
-0.0937378	239.302	40.6419	21.538
-0.161967	238.733	40.5437	21.5925
-0.218444	238.196	40.4487	21.6438
-0.288914	237.62	40.3443	21.6991
-0.334141	237.097	40.2499	21.7494
-0.392536	236.517	40.1468	21.8045
-0.428056	235.972	40.0493	21.8559
-0.46349	235.399	39.9467	21.9096
-0.487657	234.819	39.8471	21.9639
-0.511174	234.264	39.7539	22.0153
-0.518549	233.654	39.6544	22.0722
-0.52121	233.078	39.563	22.1257
-0.516146	232.483	39.4723	22.1817
-0.501897	231.951	39.3943	22.2318
-0.478971	231.396	39.3145	22.2841
-0.443129	230.808	39.234	22.34
-0.395318	230.245	39.1569	22.3941
-0.352741	229.687	39.082	22.4476
-0.30796	229.154	39.0147	22.4995
-0.229392	228.577	38.9375	22.5554
-0.15595	228.055	38.8688	22.6061
-0.0963766	227.507	38.7978	22.66
-0.0285802	226.956	38.7224	22.7141
0.0586884	226.383	38.6436	22.7704
0.133227	225.859	38.5675	22.8213
0.204273	225.341	38.4875	22.8718
0.30908	224.774	38.3947	22.9278
0.37777	224.19	38.295	22.9844
0.47009	223.596	38.1923	23.0421
0.549588	223.057	38.0983	23.0944
0.616085	222.505	38.0007	23.1476
0.658226	221.973	37.9032	23.1985
0.703518	221.42	37.8018	23.2509
0.750666	220.861	37.7005	23.3034
0.806839	220.298	37.6002	23.3567
0.838258	219.746	37.5028	23.4081
0.861739	219.179	37.4077	23.4607
0.875102	218.608	37.3145	23.5136
0.88304	218.023	37.2212	23.5677
0.881641	217.469	37.1349	23.6193
0.872138	216.931	37.0552	23.6695
0.851547	216.352	36.9729	23.7235
0.81144	215.791	36.8966	23.7761
0.779155	215.196	36.8193	23.8321
0.717662	214.657	36.7491	23.8835
0.674873	214.07	36.675	23.94
0.629097	213.523	36.604	23.9922
0.568617	212.962	36.5298	24.0464
0.492717	212.449	36.4615	24.0966
0.435533	211.92	36.3873	24.1479
0.38323	211.357	36.3065	24.2023
0.31649	210.824	36.2262	24.2543
0.231082	210.235	36.1332	24.3114
0.176969	209.708	36.0469	24.3619
0.101079	209.17	35.9565	24.4136
0.0123044	208.61	35.8603	24.4672
-0.0416282	208.041	35.7602	24.521
-0.0899967	207.503	35.6654	24.5718
-0.141071	206.966	35.5697	24.6227
-0.197527	206.377	35.4639	24.6782
-0.235723	205.787	35.361	24.7335
-0.276299	205.234	35.2661	24.7853
-0.303603	204.693	35.1746	24.8354
-0.32027	204.134	35.082	24.8862
-0.332992	203.518	34.9813	24.9413
-0.340074	202.944	34.8886	24.992
-0.341683	202.337	34.7918	25.0455
-0.335625	201.723	34.6963	25.0998
-0.320521	201.15	34.6088	25.1505
-0.302109	200.55	34.519	25.2035
-0.275392	199.97	34.434	25.2549
-0.233925	199.334	34.3432	25.3116
-0.200561	198.74	34.2586	25.365
-0.136556	198.15	34.1752	25.4186
-0.0942081	197.572	34.0962	25.4705
-0.014496	196.956	34.0091	25.5266
0.0358562	196.336	33.9226	25.5831
0.117816	195.757	33.839	25.6363
0.185786	195.203	33.7577	25.6868
0.244253	194.629	33.6704	25.7391
0.33259	194.018	33.5739	25.795
0.384906	193.388	33.4721	25.8522
0.447982	192.833	33.38	25.9026
0.529994	192.25	33.2789	25.9561
0.583961	191.661	33.1722	26.0096
0.642845	191.102	33.0719	26.0604
0.697063	190.504	32.9634	26.1142
0.765691	189.924	32.8586	26.1664
0.801026	189.31	32.7467	26.2208
0.836208	188.716	32.6416	26.2733
0.869499	188.109	32.5382	26.3267
0.883415	187.489	32.4329	26.3812
0.891879	186.887	32.3334	26.4341
0.891888	186.289	32.2362	26.4868
0.880251	185.677	32.1398	26.5405
0.860772	185.086	32.0504	26.5926
0.831515	184.504	31.9669	26.6441
0.799919	183.944	31.8904	26.6942
0.753311	183.369	31.8107	26.7455
0.683748	182.8	31.7337	26.7964
0.636344	182.21	31.6583	26.8492
0.577822	181.644	31.5853	26.9004
0.51393	181.092	31.5135	26.9507
0.412614	180.473	31.4301	27.007
0.348731	179.886	31.3499	27.0604
0.250148	179.284	31.2625	27.1155
0.177981	178.734	31.1796	27.166
0.108432	178.163	31.0888	27.2183
0.0519145	177.537	30.9841	27.2745
-0.0501114	176.956	30.8841	27.3279
-0.109098	176.389	30.7801	27.3795
-0.19755	175.786	30.6699	27.4345
-0.252384	175.164	30.5515	27.4904
-0.308712	174.561	30.4392	27.5439
-0.354426	173.995	30.3334	27.5942
-0.402115	173.431	30.2295	27.6442
-0.450095	172.836	30.1233	27.6965
-0.478869	172.238	30.0188	27.7489
-0.494809	171.59	29.9081	27.8053
-0.503361	170.953	29.8034	27.8607
-0.500486	170.379	29.7117	27.9107
-0.488006	169.799	29.6226	27.9612
-0.459241	169.15	29.5264	28.0181
-0.430013	168.553	29.4446	28.0706
-0.382938	167.945	29.3622	28.1244
-0.311017	167.337	29.281	28.1788
-0.257218	166.716	29.2021	28.2341
-0.182011	166.122	29.1258	28.2877
-0.110537	165.51	29.0505	28.3432
-0.0455175	164.945	28.9791	28.3943
0.0449972	164.396	28.9092	28.4449
0.121457	163.796	28.8306	28.5002
0.236246	163.207	28.7461	28.5555
0.305149	162.599	28.6521	28.612
0.38109	162.052	28.5625	28.6624
0.475123	161.451	28.4597	28.7181
0.52616	160.893	28.3553	28.7699
0.60693	160.334	28.2485	28.8217
0.673215	159.759	28.1363	28.8742
0.754075	159.184	28.0237	28.9267
0.789814	158.576	27.9044	28.9806
0.844821	157.95	27.79	29.037
0.870184	157.34	27.6809	29.0913
0.891358	156.732	27.578	29.1449
0.903693	156.142	27.4812	29.1972
0.902474	155.549	27.388	29.2498
0.894657	154.97	27.3001	29.3016
0.870092	154.376	27.2168	29.3541
0.836012	153.737	27.132	29.4113
0.787679	153.127	27.051	29.4666
0.748054	152.564	26.9795	29.5173
0.695075	152.007	26.9098	29.5679
0.660619	151.434	26.8422	29.62
0.602638	150.879	26.7731	29.671
0.523891	150.345	26.7047	29.7213
0.456116	149.733	26.6199	29.7773
0.356522	149.191	26.5409	29.8283
0.31139	148.605	26.4503	29.8823
0.23555	148.067	26.3621	29.9326
0.166772	147.503	26.2656	29.9847
0.0768248	146.9	26.1547	30.0404
0.00656268	146.35	26.0498	30.0912
-0.0522962	145.77	25.9371	30.1437
-0.122589	145.166	25.8186	30.1986
-0.16754	144.547	25.6932	30.2542
-0.220331	143.984	25.5835	30.3045
-0.270815	143.395	25.4732	30.3566
-0.291893	142.766	25.3585	30.4122
-0.306723	142.195	25.2606	30.4623
-0.31342	141.598	25.1634	30.5147
-0.309203	140.997	25.0691	30.5675
-0.295013	140.376	24.9779	30.622
-0.275125	139.765	24.8926	30.6757
-0.248172	139.187	24.8169	30.7265
-0.201788	138.549	24.7391	30.7831
-0.136616	137.949	24.6665	30.8369
-0.10346	137.353	24.601	30.8908
-0.0380686	136.758	24.5316	30.9451
0.0529885	136.177	24.4645	30.9991
0.0934626	135.571	24.3952	31.055
0.186519	135.017	24.3245	31.1076
0.235634	134.418	24.2418	31.1631
0.324969	133.806	24.146	31.22
0.374317	133.242	24.0507	31.2717
0.474153	132.645	23.944	31.3278
0.523118	132.036	23.826	31.3834
0.584856	131.486	23.7164	31.4336
0.657934	130.869	23.5933	31.4893
0.703744	130.264	23.4696	31.5434
0.738407	129.694	23.3603	31.5945
0.78322	129.098	23.2499	31.6472
0.804963	128.501	23.1408	31.6999
0.813958	127.889	23.0334	31.7534
0.821513	127.312	22.9368	31.8043
0.81719	126.678	22.836	31.86
0.802673	126.078	22.7477	31.913
0.779835	125.479	22.6658	31.966
0.732491	124.894	22.5896	32.0183
0.691055	124.31	22.5155	32.0707
0.654546	123.701	22.4453	32.1256
0.607759	123.139	22.379	32.1768
0.524471	122.591	22.3164	32.2272
0.489176	122.032	22.2499	32.278
0.411004	121.44	22.1788	32.3334
0.312439	120.852	22.0977	32.3875
0.238407	120.285	22.015	32.4401
0.19277	119.683	21.9222	32.4956
0.10662	119.072	21.8201	32.5518
0.0474958	118.448	21.7119	32.6091
-0.0208274	117.877	21.6044	32.6612
-0.0705433	117.282	21.493	32.7139
-0.128623	116.71	21.3827	32.7643
-0.184565	116.043	21.2533	32.8211
-0.231881	115.427	21.1364	32.8731
-0.272719	114.817	21.0231	32.9236
-0.316852	114.141	20.9026	32.9789
-0.335985	113.441	20.7808	33.0354
-0.348589	112.774	20.6702	33.0883
-0.346144	112.079	20.558	33.1439
-0.338993	111.445	20.4606	33.1944
-0.320052	110.788	20.3634	33.2466
-0.283073	110.12	20.2685	33.2999
-0.254225	109.474	20.1829	33.3515
-0.213294	108.849	20.1005	33.4016
-0.162362	108.184	20.0132	33.4551
-0.0753614	107.505	19.9252	33.5102
-0.0222723	106.837	19.8431	33.5646
0.0716229	106.162	19.755	33.62
0.130375	105.489	19.6682	33.6757
0.202983	104.812	19.5761	33.7318
0.265245	104.176	19.4821	33.7848
0.348792	103.489	19.3729	33.8421
0.399423	102.812	19.261	33.8976
0.504442	102.175	19.1487	33.9504
0.545665	101.511	19.0225	34.005
0.605876	100.893	18.9034	34.0553
0.686726	100.195	18.7617	34.1119
0.739862	99.5463	18.6372	34.164
0.805125	98.8761	18.5119	34.2177
0.812417	98.2316	18.4054	34.269
0.858393	97.5523	18.2748	34.3226
0.878133	96.8783	18.1619	34.3756
0.883144	96.2132	18.0541	34.4281
0.879626	95.5296	17.948	34.482
0.866335	94.8412	17.8476	34.5363
0.831883	94.1936	17.7591	34.5881
0.79497	93.5398	17.6734	34.6402
0.762652	92.8749	17.5918	34.6932
0.705561	92.2348	17.5107	34.7449
0.63937	91.566	17.4275	34.7994
0.596749	90.8761	17.3461	34.8555
0.534432	90.2346	17.2682	34.9077
0.431682	89.6229	17.1911	34.9588
0.351775	88.9955	17.1059	35.0109
0.2932	88.3545	17.012	35.064
0.233672	87.7316	16.9146	35.1154
0.13065	87.0787	16.8067	35.1695
0.0690669	86.4423	16.6939	35.2221
-0.0222722	85.8095	16.5793	35.2745
-0.124366	85.1617	16.4587	35.3278
-0.201542	84.5282	16.3365	35.3796
-0.262405	83.8898	16.2122	35.4312
-0.316465	83.2695	16.0906	35.4812
-0.369435	82.6422	15.9696	35.5315
-0.40664	81.9725	15.842	35.5846
-0.462702	81.2794	15.7186	35.6403
-0.485433	80.6101	15.6016	35.6932
-0.499601	79.9438	15.4923	35.7458
-0.504864	79.2729	15.3873	35.7991
-0.49755	78.6266	15.2904	35.8503
-0.483481	77.9981	15.2013	35.9004
-0.464133	77.3253	15.113	35.954
-0.411395	76.6217	15.0205	36.0105
-0.384994	75.9744	14.9436	36.0624
-0.341986	75.3151	14.8615	36.1155
-0.264583	74.6563	14.7795	36.1691
-0.228653	73.9678	14.6956	36.2249
-0.135473	73.3004	14.6087	36.2801
-0.0917501	72.6182	14.5178	36.3359
-0.0178104	72.0125	14.4304	36.3862
0.0455946	71.3814	14.334	36.4384
0.136713	70.7119	14.2236	36.4945
0.214697	70.085	14.1164	36.5464
0.296289	69.413	13.9922	36.6024
0.366977	68.7641	13.869	36.6563
0.429383	68.1304	13.7462	36.7084
0.527141	67.5094	13.6203	36.7603
0.571994	66.8389	13.4795	36.8144
0.629542	66.192	13.352	36.8663
0.693206	65.5332	13.2276	36.9191
0.723364	64.8626	13.1041	36.9724
0.743608	64.2256	12.9972	37.0224
0.748858	63.5622	12.8878	37.0748
0.744438	62.9146	12.7875	37.1261
0.719213	62.2331	12.6887	37.1799
0.690212	61.5869	12.6024	37.2313
0.65313	60.9479	12.522	37.2821
0.61987	60.2758	12.4441	37.3361
0.566753	59.6354	12.3687	37.388
0.481833	58.9825	12.2912	37.4414
0.442021	58.3127	12.2137	37.4962
0.340993	57.6668	12.1317	37.55
0.306132	56.9782	12.0378	37.6068
0.19793	56.3484	11.9415	37.66
0.114502	55.7452	11.8401	37.7113
0.058356	55.0814	11.7153	37.7672
-0.0520037	54.4196	11.579	37.8229
-0.135755	53.8223	11.4499	37.8731
-0.216451	53.2158	11.315	37.9233
-0.290029	52.5471	11.1701	37.9781
-0.344985	51.8577	11.0205	38.0334
-0.384027	51.2035	10.8936	38.0854
-0.420233	50.516	10.7723	38.1403
-0.423703	49.8588	10.6662	38.1923
-0.411137	49.1962	10.5698	38.2443
-0.392235	48.5385	10.4806	38.2961
-0.35522	47.8969	10.4004	38.347
-0.314532	47.2603	10.3262	38.3976
-0.227191	46.5995	10.2506	38.451
-0.177502	45.9135	10.1776	38.5068
-0.0806835	45.2701	10.1048	38.5603
-0.0238935	44.6137	10.0324	38.6153
0.0528627	43.9918	9.95424	38.6678
0.182451	43.3491	9.86576	38.7228
0.26006	42.7496	9.77393	38.7746
0.327926	42.1116	9.66241	38.8288
0.416136	41.513	9.54623	38.8799
0.516032	40.9021	9.41961	38.9311
0.561473	40.2466	9.27232	38.9856
0.667406	39.5659	9.12555	39.0419
0.71769	38.8932	8.97519	39.0961
0.777969	38.2319	8.84189	39.1491
0.801432	37.5078	8.70477	39.2066
0.815087	36.8453	8.59261	39.2591
0.815225	36.1881	8.48924	39.3109
0.798609	35.5364	8.39491	39.3624
0.780431	34.887	8.3139	39.4139
0.740658	34.2307	8.23711	39.4659
0.665402	33.5301	8.15892	39.5222
0.621535	32.9002	8.10157	39.5736
0.554468	32.2972	8.04229	39.6241
0.479968	31.6538	7.97483	39.6781
0.359373	31.0597	7.9112	39.7301
0.270719	30.4721	7.8406	39.7818
0.181442	29.9076	7.76125	39.832
0.113979	29.2928	7.65993	39.8868
0.000638574	28.7347	7.55629	39.938
-0.0786508	28.1415	7.43707	39.9892
-0.186722	27.5028	7.29512	40.0451
-0.278818	26.9044	7.16241	40.0963
-0.387502	26.2228	7.01579	40.1534
-0.456869	25.5785	6.87153	40.2061
-0.530295	24.8896	6.73393	40.2621
-0.566894	24.2453	6.61101	40.3136
-0.591937	23.5898	6.50201	40.3656
-0.599366	22.8951	6.39628	40.421
-0.594735	22.1945	6.30096	40.4769
-0.565457	21.5157	6.21439	40.531
-0.528887	20.8691	6.13887	40.5828
-0.490374	20.2443	6.07104	40.6328
-0.442848	19.5761	6.004	40.6871
-0.392701	18.9524	5.93677	40.738
-0.282062	18.3201	5.8651	40.7907
-0.204105	17.6878	5.78843	40.8433
-0.151295	17.0327	5.70328	40.8987
-0.0178552	16.436	5.61697	40.9506
0.027757	15.8008	5.51551	41.004
0.118153	15.1992	5.40994	41.0558
0.199395	14.5625	5.29215	41.1107
0.294705	13.9625	5.16671	41.1641
0.367	13.3243	5.03691	41.2186
0.48742	12.6953	4.90688	41.2717
0.544467	12.0585	4.77606	41.3237
0.595021	11.3843	4.63709	41.3782
0.660922	10.7087	4.51017	41.4327
0.688492	10.0482	4.3935	41.4849
0.707392	9.37447	4.28712	41.5382
0.712222	8.66513	4.18442	41.5942
0.701525	7.96202	4.0882	41.6501
0.66719	7.32253	4.00843	41.7014
0.634507	6.6731	3.933	41.7535
0.600738	5.96355	3.85853	41.8108
0.536582	5.30536	3.7949	41.8641
0.490152	4.67052	3.72837	41.9158
0.4104	4.06309	3.66474	41.9662
0.343847	3.40348	3.59049	42.0201
0.254409	2.72139	3.51347	42.0765
0.156486	2.0579	3.42567	42.1316
0.105937	1.40479	3.33227	42.1856
0.0113962	0.765192	3.22862	42.2395
-0.108386	0.134046	3.11827	42.2935
-0.190583	-0.468545	3.00133	42.345
-0.263408	-1.07046	2.88239	42.3958
-0.378062	-1.71944	2.75128	42.4508
-0.456096	-2.33774	2.62188	42.502
-0.51066	-3.01807	2.47508	42.5576
-0.580097	-3.63651	2.34868	42.6079
-0.627458	-4.27494	2.22534	42.659
-0.668188	-4.9372	2.10611	42.7116
-0.704372	-5.62179	1.98939	42.7663
-0.717746	-6.25414	1.89122	42.8166
-0.721244	-6.89045	1.79745	42.8671
-0.7112	-7.5278	1.70733	42.918
-0.677018	-8.18921	1.61869	42.9711
-0.651942	-8.86316	1.53769	43.0251
-0.585135	-9.55354	1.45378	43.0808
-0.54464	-10.2354	1.37918	43.1361
-0.448338	-10.9097	1.30138	43.1918
-0.378592	-11.5414	1.23046	43.2437
-0.326935	-12.2203	1.15562	43.2996
-0.227379	-12.8584	1.07838	43.3532
-0.171654	-13.5284	0.994631	43.4092
-0.0664792	-14.164	0.90691	43.4636
-0.0111628	-14.8268	0.809142	43.5187
0.0756257	-15.4144	0.713818	43.5691
0.197098	-16.0548	0.60327	43.6244
0.262388	-16.6657	0.486329	43.6771
0.367595	-17.2944	0.360841	43.7309
0.43669	-17.9523	0.221522	43.786
0.512388	-18.6211	0.0867376	43.8414
0.592556	-19.2297	-0.0380125	43.8915
0.631553	-19.9058	-0.174468	43.9458
0.669035	-20.6083	-0.306309	44.0015
0.699615	-21.2825	-0.430448	44.0549
0.717552	-21.9672	-0.548	44.1088
0.723363	-22.6583	-0.661653	44.1632
0.713218	-23.3485	-0.769978	44.2174
0.683145	-24.0751	-0.875373	44.2748
0.654627	-24.7716	-0.969518	44.3299
0.589167	-25.4618	-1.05704	44.3845
0.547261	-26.1236	-1.13171	44.4372
0.484288	-26.7773	-1.20821	44.4898
0.417262	-27.4637	-1.28357	44.5454
0.324717	-28.1414	-1.36338	44.6009
0.266101	-28.8149	-1.43916	44.6568
0.191738	-29.4391	-1.51897	44.7093
0.112791	-30.0351	-1.60088	44.7596
0.0463762	-30.6375	-1.6927	44.8112
-0.0658877	-31.2492	-1.79561	44.8641
-0.117563	-31.8484	-1.90777	44.9153
-0.190193	-32.4807	-2.03057	44.9692
-0.313851	-33.1148	-2.15845	45.023
-0.376456	-33.765	-2.29744	45.0775
-0.459862	-34.4252	-2.43147	45.132
-0.526856	-35.0423	-2.55677	45.1824
-0.571586	-35.675	-2.67998	45.2334
-0.595196	-36.3736	-2.81169	45.2891
-0.61739	-37.0638	-2.93096	45.3439
-0.617264	-37.7186	-3.03907	45.3955
-0.602743	-38.4239	-3.14797	45.4512
-0.575039	-39.0871	-3.24364	45.5047
-0.542224	-39.7654	-3.3304	45.559
-0.470344	-40.457	-3.41712	45.6144
-0.418534	-41.1468	-3.49522	45.6697
-0.313412	-41.8213	-3.57322	45.725
-0.232773	-42.4677	-3.63989	45.7779
-0.118025	-43.121	-3.71355	45.8327
-0.0455765	-43.7552	-3.78725	45.8853
0.0220077	-44.3579	-3.85679	45.9362
0.144276	-44.9389	-3.93425	45.9871
0.249013	-45.5701	-4.02693	46.0415
0.349228	-46.1873	-4.12776	46.0955
0.442001	-46.8107	-4.23566	46.1495
0.582673	-47.4072	-4.34652	46.2023
0.662857	-48.0399	-4.47136	46.2564
0.753887	-48.6933	-4.59799	46.3114
0.840171	-49.3126	-4.72111	46.3631
0.892216	-49.9793	-4.8549	46.4178
0.971186	-50.6603	-4.98298	46.4732
1.01682	-51.3358	-5.108	46.5271
1.05227	-52.0234	-5.22581	46.5815
1.06744	-52.6687	-5.33076	46.6326
1.06985	-53.3564	-5.43707	46.6869
1.06118	-54.001	-5.53227	46.7382
1.04235	-54.6509	-5.62319	46.7899
1.00263	-55.349	-5.71302	46.8461
0.955957	-55.9928	-5.79424	46.8977
0.903228	-56.6352	-5.87386	46.9495
0.848173	-57.2714	-5.95237	47.0012
0.765418	-57.955	-6.03506	47.0571
0.69606	-58.6299	-6.12224	47.1121
0.580585	-59.2586	-6.20516	47.1649
0.496375	-59.8584	-6.28781	47.2156
0.43655	-60.5008	-6.38338	47.2691
0.352434	-61.098	-6.47961	47.3192
0.267634	-61.7139	-6.58552	47.3713
0.141082	-62.2951	-6.69193	47.422
0.0668552	-62.951	-6.82128	47.4779
-0.0479547	-63.6064	-6.95247	47.5334
-0.126074	-64.2179	-7.08059	47.5849
-0.198496	-64.856	-7.22073	47.6379
-0.294843	-65.4716	-7.34885	47.6888
-0.386867	-66.1426	-7.48119	47.7434
-0.436092	-66.7927	-7.60316	47.7953
-0.474741	-67.4848	-7.72431	47.8507
-0.504088	-68.2034	-7.83857	47.9077
-0.510419	-68.8427	-7.93369	47.9588
-0.49724	-69.5308	-8.03059	48.0139
-0.47525	-70.1846	-8.11259	48.0666
-0.441248	-70.8592	-8.19547	48.1208
-0.388483	-71.481	-8.26626	48.1709
-0.324116	-72.173	-8.34012	48.2273
-0.260523	-72.8502	-8.41678	48.2826
-0.172008	-73.5104	-8.48553	48.3376
-0.0897029	-74.1467	-8.55841	48.3904
-0.00315273	-74.8141	-8.63524	48.4469
0.109807	-75.4662	-8.71982	48.5024
0.190896	-76.0896	-8.80653	48.555
0.264515	-76.7512	-8.90758	48.6118
0.344666	-77.3876	-9.01647	48.6661
0.406726	-78.0278	-9.13336	48.7203
0.533505	-78.6098	-9.24734	48.7716
0.561972	-79.2235	-9.37162	48.822
0.65216	-79.8902	-9.51404	48.8773
0.705527	-80.5167	-9.64328	48.9289
0.754458	-81.1357	-9.7643	48.9789
0.807183	-81.8105	-9.88865	49.0331
0.832354	-82.4952	-10.0096	49.0875
0.852278	-83.1927	-10.1233	49.1423
0.855817	-83.8854	-10.2312	49.1969
0.84868	-84.5481	-10.3286	49.2495
0.813123	-85.2383	-10.424	49.3046
0.784305	-85.8848	-10.5028	49.3564
0.730317	-86.5189	-10.5793	49.4075
0.68447	-87.1627	-10.6561	49.4594
0.62877	-87.8011	-10.7316	49.5117
0.535991	-88.4249	-10.8048	49.5635
0.480278	-89.0829	-10.8816	49.6175
0.397072	-89.6945	-10.959	49.668
0.288561	-90.3627	-11.0518	49.7237
0.19943	-90.9562	-11.1388	49.7748
0.128472	-91.619	-11.2456	49.8304
-0.00582144	-92.2375	-11.3515	49.8837
-0.0575601	-92.8735	-11.4695	49.9369
-0.163979	-93.4631	-11.5825	49.9874
-0.242656	-94.1112	-11.7082	50.0417
-0.350782	-94.7551	-11.8349	50.095
-0.416473	-95.4392	-11.9727	50.1509
-0.505677	-96.1459	-12.1115	50.2083
-0.574708	-96.8279	-12.2376	50.2633
-0.612706	-97.5029	-12.3559	50.3165
-0.630249	-98.2009	-12.4728	50.3718
-0.639241	-98.8304	-12.5717	50.4218
-0.637166	-99.4777	-12.6675	50.473
-0.618886	-100.161	-12.7605	50.5273
-0.58689	-100.831	-12.8484	50.5812
-0.535593	-101.5	-12.9326	50.6351
-0.486076	-102.127	-13.0077	50.6858
-0.444283	-102.824	-13.0881	50.7421
-0.357852	-103.461	-13.1633	50.7948
-0.304067	-104.106	-13.2369	50.8474
-0.186754	-104.771	-13.321	50.9033
-0.113663	-105.412	-13.4065	50.9566
-0.0415876	-106.052	-13.4975	51.0114
0.0457551	-106.649	-13.5909	51.0627
0.173696	-107.245	-13.6932	51.1145
0.2458	-107.868	-13.8097	51.1684
0.366046	-108.497	-13.9332	51.2234
0.421691	-109.13	-14.0705	51.2772
0.49703	-109.753	-14.2043	51.3296
0.567768	-110.356	-14.3388	51.3799
0.631738	-110.982	-14.4715	51.4316
0.703149	-111.667	-14.6104	51.4872
0.73214	-112.352	-14.7343	51.542
0.759335	-113.043	-14.8506	51.5973
0.76339	-113.717	-14.957	51.6512
0.758827	-114.365	-15.0515	51.7025
0.735492	-115.069	-15.1432	51.7581
0.697595	-115.705	-15.2196	51.809
0.639376	-116.384	-15.298	51.8638
0.587603	-117.019	-15.3684	51.9152
0.54685	-117.66	-15.4345	51.9677
0.478914	-118.302	-15.5085	52.0208
0.347708	-118.952	-15.5871	52.0772
0.296519	-119.579	-15.6668	52.1303
0.189311	-120.22	-15.7611	52.185
0.13654	-120.907	-15.874	52.2431
0.00356987	-121.482	-15.9779	52.2944
-0.0651651	-122.085	-16.0929	52.3456
-0.168565	-122.728	-16.227	52.4003
-0.267559	-123.352	-16.3579	52.4529
-0.365884	-123.959	-16.4872	52.5034
-0.420268	-124.573	-16.6157	52.5534
-0.452523	-125.197	-16.7397	52.6036
-0.513204	-125.826	-16.857	52.6544
-0.54287	-126.51	-16.9753	52.7094
-0.552927	-127.149	-17.0762	52.7601
-0.554099	-127.795	-17.1729	52.8114
-0.538907	-128.494	-17.2739	52.8672
-0.519178	-129.126	-17.3544	52.9178
-0.484519	-129.764	-17.4327	52.9685
-0.427326	-130.407	-17.5093	53.0199
-0.338868	-131.094	-17.5903	53.0756
-0.288842	-131.75	-17.6599	53.1291
-0.210892	-132.393	-17.7333	53.1825
-0.106187	-133.059	-17.8076	53.2384
-0.00128421	-133.707	-17.8889	53.2936
0.0994849	-134.347	-17.9714	53.3487
0.227629	-134.966	-18.0599	53.4035
0.308076	-135.585	-18.1575	53.4562
0.417337	-136.165	-18.2557	53.5074
0.48913	-136.796	-18.3752	53.5622
0.594643	-137.371	-18.4905	53.6124
0.698309	-138.027	-18.6279	53.6679
0.787845	-138.67	-18.7602	53.7217
0.900203	-139.322	-18.8918	53.7756
0.957063	-139.959	-19.0166	53.8275
1.00897	-140.636	-19.1456	53.882
1.05268	-141.302	-19.2628	53.9352
1.06725	-141.983	-19.3763	53.989
1.07431	-142.644	-19.4795	54.041
1.05896	-143.333	-19.5824	54.0957
1.04075	-144.006	-19.6741	54.1495
1.00647	-144.643	-19.7561	54.2008
0.945091	-145.323	-19.8403	54.2556
0.905032	-145.999	-19.9169	54.3104
0.848232	-146.611	-19.9884	54.361
0.769876	-147.216	-20.059	54.4111
0.667437	-147.874	-20.1403	54.4664
0.60403	-148.508	-20.2166	54.5195
0.522172	-149.112	-20.2975	54.5708
0.420368	-149.708	-20.3847	54.6224
0.302316	-150.354	-20.4875	54.6781
0.218237	-150.964	-20.5941	54.7304
0.133458	-151.582	-20.7093	54.7822
0.0355336	-152.187	-20.8301	54.8341
-0.087256	-152.847	-20.9726	54.8896
-0.210572	-153.524	-21.1124	54.9458
-0.28509	-154.154	-21.2426	54.9977
-0.338832	-154.78	-21.3709	55.0487
-0.382358	-155.445	-21.4933	55.1024
-0.416103	-156.097	-21.6054	55.1544
-0.439027	-156.799	-21.7168	55.2104
-0.441067	-157.475	-21.817	55.2644
-0.426136	-158.13	-21.907	55.3161
-0.403019	-158.793	-21.9884	55.3688
-0.364938	-159.483	-22.0712	55.424
-0.300815	-160.168	-22.1441	55.4792
-0.244927	-160.817	-22.2155	55.5314
-0.18357	-161.429	-22.2801	55.5817
-0.0820087	-162.072	-22.3509	55.6357
-0.0252197	-162.717	-22.4203	55.69
0.0577376	-163.335	-22.4968	55.7421
0.156457	-163.989	-22.5867	55.7979
0.236504	-164.606	-22.6807	55.8518
0.397317	-165.221	-22.786	55.9074
0.464634	-165.853	-22.9067	55.9618
0.552423	-166.46	-23.0288	56.0132
0.659538	-167.103	-23.1618	56.0675
0.720858	-167.759	-23.307	56.1214
0.817726	-168.459	-23.4517	56.1783
0.864626	-169.12	-23.5894	56.2312
0.905625	-169.779	-23.7117	56.2838
0.941126	-170.43	-23.8243	56.3355
0.946764	-171.119	-23.9362	56.3899
0.942995	-171.792	-24.0394	56.4431
0.917558	-172.441	-24.1323	56.4947
0.893709	-173.125	-24.2185	56.549
0.852643	-173.793	-24.2985	56.6024
0.78006	-174.473	-24.376	56.658
0.705067	-175.106	-24.4369	56.7107
0.6336	-175.735	-24.502	56.7634
0.520996	-176.384	-24.5655	56.819
0.452576	-176.987	-24.634	56.8702
0.365563	-177.598	-24.7116	56.9232
0.274191	-178.195	-24.7954	56.9749
0.174991	-178.835	-24.8972	57.0308
0.10289	-179.467	-25.0068	57.0843
-0.0312289	-180.066	-25.1189	57.1358
-0.102733	-180.72	-25.2517	57.1901
-0.203538	-181.359	-25.3819	57.244
-0.325931	-182.007	-25.5158	57.298
-0.381917	-182.66	-25.6575	57.3511
-0.453806	-183.289	-25.7874	57.4024
-0.523805	-183.976	-25.922	57.4576
-0.558898	-184.623	-26.048	57.5097
-0.584803	-185.295	-26.1647	57.5636
-0.599236	-185.964	-26.2747	57.6173
-0.589469	-186.68	-26.3859	57.6744
-0.56153	-187.366	-26.4835	57.7292
-0.54027	-188.028	-26.5707	57.7827
-0.488553	-188.647	-26.6464	57.8327
-0.426288	-189.265	-26.7174	57.8831
-0.363449	-189.888	-26.787	57.934
-0.28545	-190.495	-26.8524	57.9842
-0.169418	-191.139	-26.9196	58.0392
-0.103721	-191.771	-26.9944	58.0917
-0.0033139	-192.372	-27.0686	58.1436
0.094277	-192.972	-27.1479	58.195
0.184581	-193.594	-27.2361	58.2491
0.273384	-194.159	-27.3242	58.3007
0.393513	-194.798	-27.4337	58.3566
0.4693	-195.399	-27.5494	58.4094
0.553421	-196.009	-27.6686	58.4617
0.642058	-196.603	-27.7864	58.5125
0.737176	-197.26	-27.9132	58.5671
0.790181	-197.922	-28.0452	58.6214
0.845146	-198.581	-28.17	58.675
0.892738	-199.261	-28.2978	58.7295
0.927598	-199.93	-28.4145	58.7829
0.946858	-200.555	-28.5187	58.8329
0.953594	-201.216	-28.6236	58.8861
0.943819	-201.866	-28.7206	58.9384
0.927759	-202.538	-28.8124	58.9923
0.897968	-203.187	-28.8971	59.045
0.840733	-203.828	-28.9773	59.0972
0.798858	-204.489	-29.0523	59.1509
0.71742	-205.159	-29.1342	59.2063
0.643483	-205.789	-29.2099	59.2588
0.565041	-206.424	-29.2823	59.3124
0.466079	-207.05	-29.3592	59.3654
0.364683	-207.664	-29.4381	59.4182
0.299181	-208.268	-29.52	59.4699
0.196688	-208.847	-29.6063	59.5207
0.0636934	-209.49	-29.7101	59.5773
-0.0260959	-210.098	-29.8176	59.6302
-0.120786	-210.717	-29.9312	59.6832
-0.216341	-211.325	-30.0484	59.7354
-0.324669	-211.947	-30.1713	59.7872
-0.398257	-212.598	-30.3067	59.8404
-0.467232	-213.263	-30.4386	59.8943
-0.536924	-213.895	-30.5627	59.9452
-0.609546	-214.561	-30.6869	59.9986
-0.647855	-215.25	-30.8096	60.0528
-0.687643	-215.939	-30.9259	60.1085
-0.69699	-216.613	-31.0327	60.1618
-0.696982	-217.318	-31.1379	60.2175
-0.686634	-218.04	-31.2384	60.2747
-0.654438	-218.712	-31.3287	60.328
-0.612435	-219.349	-31.4118	60.3787
-0.569881	-219.983	-31.4913	60.4293
-0.529763	-220.673	-31.5727	60.484
-0.465473	-221.299	-31.6486	60.5346
-0.366401	-221.927	-31.7243	60.5859
-0.288528	-222.587	-31.8061	60.6398
-0.189269	-223.187	-31.8807	60.69
-0.111071	-223.832	-31.9639	60.7443
0.000978224	-224.437	-32.0483	60.7964
0.0936815	-225.046	-32.1381	60.8478
0.178868	-225.636	-32.2317	60.8979
0.242845	-226.253	-32.3389	60.9507
0.323506	-226.886	-32.4539	61.0044
0.449492	-227.509	-32.5729	61.0582
0.531592	-228.134	-32.7026	61.1106
0.597789	-228.758	-32.8305	61.1627
0.669867	-229.403	-32.9625	61.2158
0.74604	-230.072	-33.1012	61.2706
0.796994	-230.731	-33.2267	61.3239
0.827688	-231.366	-33.3425	61.3749
0.846053	-231.993	-33.4508	61.4254
0.849796	-232.662	-33.5604	61.4791
0.836392	-233.304	-33.6604	61.531
0.816839	-233.967	-33.7552	61.5845
0.771213	-234.605	-33.8381	61.6369
0.739738	-235.282	-33.9162	61.6918
0.681484	-235.903	-33.9868	61.7425
0.595913	-236.546	-34.0598	61.7959
0.525468	-237.184	-34.1316	61.8493
0.484047	-237.845	-34.2032	61.9042
0.374796	-238.456	-34.2752	61.9568
0.294999	-239.071	-34.3521	62.0096
0.221196	-239.645	-34.4303	62.0597
0.123683	-240.226	-34.5163	62.1106
0.0543861	-240.843	-34.6185	62.1639
-0.0751389	-241.482	-34.7322	62.2194
-0.131143	-242.164	-34.8638	62.2772
-0.225894	-242.764	-34.9853	62.3282
-0.28272	-243.432	-35.1284	62.3827
-0.354242	-244.078	-35.2612	62.4352
-0.423628	-244.705	-35.39	62.486
-0.496142	-245.361	-35.5209	62.5385
-0.535674	-246.056	-35.658	62.5933
-0.575508	-246.742	-35.7836	62.6479
-0.586209	-247.407	-35.8986	62.7007
-0.583422	-248.043	-35.9994	62.7509
-0.564657	-248.755	-36.1051	62.8073
-0.53049	-249.444	-36.1973	62.8621
-0.48675	-250.092	-36.2783	62.9138
-0.431545	-250.722	-36.3527	62.9643
-0.317976	-251.402	-36.4332	63.0195
-0.234041	-252.025	-36.5053	63.0709
-0.156553	-252.622	-36.5704	63.1211
-0.0732841	-253.28	-36.653	63.1758
0.0392578	-253.866	-36.729	63.2264
0.0736365	-254.476	-36.816	63.2777
0.183322	-255.073	-36.911	63.3306
0.257378	-255.664	-37.0168	63.3834
0.398031	-256.279	-37.1361	63.4382
0.458875	-256.885	-37.269	63.4911
0.566438	-257.487	-37.4006	63.5435
0.657889	-258.131	-37.5397	63.5975
0.733543	-258.743	-37.6711	63.6477
0.788045	-259.393	-37.8041	63.7007
0.827671	-260.053	-37.9342	63.7538
0.873239	-260.749	-38.0559	63.8092
0.882786	-261.405	-38.1622	63.8615
0.878876	-262.052	-38.2583	63.9133
0.860254	-262.682	-38.3434	63.9639
0.809577	-263.348	-38.426	64.0173
0.757642	-263.982	-38.4966	64.0688
0.712048	-264.634	-38.5604	64.1219
0.65129	-265.287	-38.6286	64.1757
0.554981	-265.903	-38.6907	64.2277
0.4507	-266.513	-38.7522	64.2794
0.371701	-267.111	-38.8095	64.3318
0.299896	-267.734	-38.8848	64.385
0.158749	-268.368	-38.9713	64.4417
0.0744552	-268.99	-39.0701	64.4955
-0.0519935	-269.621	-39.1805	64.5508
-0.115365	-270.209	-39.2993	64.6019
-0.216647	-270.795	-39.4212	64.6528
-0.3063	-271.399	-39.5508	64.7041
-0.42122	-272.039	-39.687	64.7575
-0.498964	-272.651	-39.8162	64.808
-0.562012	-273.3	-39.9462	64.8609
-0.619865	-273.924	-40.067	64.9115
-0.667856	-274.597	-40.1852	64.9653
-0.712632	-275.246	-40.2911	65.0171
-0.729059	-275.967	-40.4015	65.0743
-0.726538	-276.63	-40.4984	65.1269
-0.705687	-277.333	-40.594	65.1824
-0.691878	-278.002	-40.6803	65.236
-0.6357	-278.694	-40.7647	65.2912
-0.570313	-279.324	-40.8324	65.3416
-0.516139	-280.002	-40.9114	65.3959
-0.427676	-280.621	-40.9832	65.4467
-0.334378	-281.266	-41.0601	65.499
-0.259262	-281.948	-41.1396	65.5547
-0.174623	-282.573	-41.2172	65.6067
-0.0773352	-283.23	-41.299	65.6627
0.00233578	-283.857	-41.3871	65.7156
0.142734	-284.461	-41.4818	65.7682
0.212291	-285.115	-41.5964	65.824
0.354983	-285.739	-41.716	65.8789
0.442661	-286.349	-41.8476	65.9317
0.512085	-286.961	-41.9786	65.9825
0.581816	-287.598	-42.116	66.0359
0.671666	-288.241	-42.2521	66.089
0.714609	-288.921	-42.3934	66.1438
0.767666	-289.614	-42.5227	66.1991
0.787713	-290.303	-42.6456	66.2535
0.795428	-290.962	-42.7521	66.3058
0.786603	-291.649	-42.8554	66.3602
0.771471	-292.306	-42.9425	66.4129
0.738359	-292.933	-43.0199	66.4634
0.688314	-293.576	-43.0938	66.5154
0.611181	-294.225	-43.1655	66.5685
0.550084	-294.877	-43.2292	66.6225
0.485579	-295.483	-43.292	66.6738
0.381925	-296.127	-43.3617	66.7285
0.343644	-296.776	-43.4316	66.7831
0.260072	-297.362	-43.5056	66.8336
0.189368	-297.979	-43.5936	66.8869
0.0488056	-298.531	-43.6824	66.9377
-0.00526187	-299.181	-43.8004	66.9933
-0.140928	-299.822	-43.9256	67.049
-0.223172	-300.408	-44.0506	67.0997
-0.297324	-301.013	-44.1832	67.1506
-0.369224	-301.665	-44.3315	67.2053
-0.466458	-302.327	-44.4717	67.2596
-0.51875	-302.98	-44.6052	67.3123
-0.555957	-303.675	-44.7427	67.3682
-0.591336	-304.351	-44.8617	67.422
-0.597604	-305.044	-44.9759	67.4769
-0.589666	-305.673	-45.0699	67.5269
-0.570611	-306.319	-45.1593	67.5779
-0.52207	-306.978	-45.2452	67.6302
-0.485976	-307.642	-45.3204	67.6828
-0.436149	-308.315	-45.3972	67.737
-0.351133	-308.976	-45.4692	67.7915
-0.253182	-309.577	-45.5316	67.842
-0.19489	-310.184	-45.5897	67.893
-0.124009	-310.833	-45.6641	67.9476
-0.0105298	-311.457	-45.7407	68.0023
0.054123	-312.09	-45.8265	68.0562
0.151558	-312.689	-45.9218	68.1083
0.267739	-313.314	-46.0309	68.1617
0.368497	-313.89	-46.1425	68.2123
0.425609	-314.496	-46.272	68.2637
0.518888	-315.135	-46.4062	68.3176
0.614031	-315.783	-46.5445	68.3722
0.669085	-316.433	-46.6908	68.4262
0.754229	-317.078	-46.8266	68.4796
0.798119	-317.732	-46.9596	68.5325
0.820148	-318.406	-47.0932	68.5867
0.846582	-319.058	-47.2089	68.6389
0.845093	-319.741	-47.3205	68.6933
0.832774	-320.375	-47.4139	68.7435
0.811654	-321.028	-47.5021	68.796
0.761062	-321.693	-47.5835	68.8495
0.717184	-322.348	-47.6504	68.9027
0.652775	-322.986	-47.7165	68.9554
0.593939	-323.601	-47.7778	69.0068
0.523484	-324.188	-47.8348	69.057
0.447765	-324.795	-47.8972	69.1094
0.359037	-325.41	-47.9594	69.1633
0.263915	-325.998	-48.0296	69.2161
0.167814	-326.546	-48.1007	69.2667
0.0329492	-327.142	-48.1878	69.3217
-0.0489373	-327.762	-48.2897	69.3779
-0.177856	-328.371	-48.3992	69.4326
-0.257892	-328.969	-48.5226	69.4856
-0.354228	-329.572	-48.6508	69.5381
-0.469487	-330.177	-48.7832	69.5895
-0.546072	-330.818	-48.9279	69.6431
-0.600052	-331.482	-49.0628	69.6979
-0.676309	-332.105	-49.1844	69.7488
-0.712906	-332.798	-49.3108	69.8045
-0.730966	-333.446	-49.4196	69.856
-0.73473	-334.083	-49.5206	69.9072
-0.725258	-334.736	-49.6183	69.9592
-0.702747	-335.401	-49.7122	70.0122
-0.669921	-336.044	-49.7914	70.0647
-0.624995	-336.693	-49.8685	70.1169
-0.549642	-337.331	-49.9411	70.169
-0.485625	-338.007	-50.011	70.2242
-0.388972	-338.682	-50.0849	70.2798
-0.328007	-339.323	-50.1484	70.3333
-0.258006	-339.971	-50.2215	70.3874
-0.0988476	-340.602	-50.2959	70.4432
0.00186998	-341.179	-50.3641	70.4945
0.0883502	-341.782	-50.4493	70.5469
0.203399	-342.414	-50.5508	70.6026
0.258488	-343.061	-50.6673	70.6591
0.36059	-343.711	-50.7961	70.7151
0.436688	-344.302	-50.9192	70.7657
0.519052	-344.895	-51.0488	70.8163
0.608998	-345.523	-51.185	70.8688
0.69843	-346.185	-51.3332	70.9241
0.764628	-346.855	-51.4696	70.9788
0.814869	-347.489	-51.5927	71.0303
0.839255	-348.156	-51.7152	71.0839
0.853015	-348.834	-51.8269	71.1379
0.851647	-349.485	-51.9268	71.1903
0.838005	-350.173	-52.0217	71.2455
0.809587	-350.831	-52.1059	71.2984
0.743337	-351.507	-52.187	71.3531
0.702845	-352.136	-52.2518	71.4044
0.626438	-352.795	-52.3249	71.4587
0.539913	-353.45	-52.3962	71.513
0.475931	-354.061	-52.4561	71.5646
0.393899	-354.661	-52.5236	71.6162
0.304701	-355.229	-52.5896	71.6663
0.23685	-355.828	-52.6675	71.718
0.0818391	-356.392	-52.7466	71.7699
-0.00413867	-357.003	-52.8418	71.8243
-0.0944096	-357.609	-52.9443	71.8764
-0.20893	-358.212	-53.0543	71.9293
-0.298869	-358.816	-53.1735	71.9806
-0.387499	-359.428	-53.302	72.0332
-0.449171	-360.061	-53.4454	72.0862
-0.563684	-360.733	-53.5876	72.1421
-0.613472	-361.349	-53.7187	72.1925
-0.649912	-361.984	-53.8513	72.2439
-0.679442	-362.661	-53.9779	72.2986
-0.710624	-363.328	-54.0939	72.3516
-0.713018	-363.959	-54.1984	72.4019
-0.701678	-364.601	-54.2988	72.4533
-0.677612	-365.232	-54.391	72.5037
-0.648993	-365.887	-54.4761	72.5566
-0.585614	-366.567	-54.5594	72.6108
-0.526393	-367.198	-54.6312	72.6617
-0.460716	-367.834	-54.701	72.7135
-0.387479	-368.478	-54.7643	72.7664
-0.326057	-369.105	-54.831	72.818
-0.220822	-369.76	-54.8982	72.874
-0.135833	-370.371	-54.9674	72.9268
-0.037531	-370.962	-55.0386	72.9785
0.0558915	-371.557	-55.1176	73.029
0.196	-372.15	-55.2066	73.0806
0.257729	-372.777	-55.315	73.1343
0.341154	-373.392	-55.4317	73.1863
0.462935	-373.969	-55.5505	73.2365
0.567541	-374.603	-55.6842	73.2897
0.636345	-375.207	-55.8172	73.3399
0.731441	-375.813	-55.9488	73.3907
0.792163	-376.459	-56.084	73.4437
0.844392	-377.114	-56.2225	73.4972
0.894639	-377.769	-56.3489	73.55
0.916297	-378.434	-56.4695	73.6035
0.923833	-379.105	-56.5839	73.6571
0.920796	-379.794	-56.6901	73.7118
0.902712	-380.431	-56.7813	73.7633
0.879444	-381.126	-56.8685	73.8189
0.823517	-381.812	-56.9439	73.8746
0.777366	-382.473	-57.0161	73.9287
0.679501	-383.103	-57.0817	73.9818
0.605425	-383.74	-57.1413	74.0359
0.493173	-384.373	-57.2092	74.0902
0.40503	-384.977	-57.2757	74.1432
0.351259	-385.565	-57.3415	74.1948
0.269872	-386.142	-57.4222	74.2462
0.176224	-386.717	-57.5126	74.2982
0.0496123	-387.276	-57.613	74.35
-0.0670734	-387.849	-57.7239	74.4025
-0.154974	-388.439	-57.8454	74.4541
-0.217173	-389.085	-57.9912	74.51
-0.341615	-389.674	-58.1233	74.5604
-0.41265	-390.303	-58.261	74.613
-0.496067	-390.912	-58.3916	74.6642
-0.559975	-391.529	-58.5174	74.7144
-0.604586	-392.152	-58.6394	74.7646
-0.640061	-392.785	-58.7476	74.815
-0.652953	-393.451	-58.8536	74.8683
-0.651819	-394.107	-58.9513	74.9205
-0.637535	-394.734	-59.0383	74.9707
-0.604868	-395.36	-59.1196	75.0218
-0.562681	-395.998	-59.1959	75.0731
-0.527959	-396.634	-59.2619	75.1248
-0.451205	-397.246	-59.3279	75.175
-0.410484	-397.868	-59.3948	75.2261
-0.338863	-398.479	-59.461	75.2775
-0.242841	-399.118	-59.5344	75.3319
-0.183772	-399.734	-59.6055	75.385
-0.045642	-400.359	-59.6899	75.4417
0.0592589	-400.936	-59.7751	75.4938
0.171698	-401.49	-59.867	75.5445
0.241931	-402.098	-59.9808	75.5989
0.364276	-402.731	-60.107	75.6546
0.433697	-403.35	-60.243	75.7082
0.506487	-403.943	-60.3721	75.7585
0.581708	-404.57	-60.5071	75.8107
0.672869	-405.195	-60.6403	75.8624
0.727028	-405.824	-60.7703	75.9134
0.772382	-406.456	-60.8945	75.9641
0.804245	-407.101	-61.0145	76.0152
0.819611	-407.779	-61.1329	76.0687
0.823985	-408.441	-61.2383	76.1212
0.807695	-409.116	-61.3353	76.1751
0.78529	-409.779	-61.4217	76.2285
0.722644	-410.446	-61.5012	76.2824
0.669366	-411.062	-61.5665	76.3329
0.596395	-411.684	-61.6292	76.3843
0.527994	-412.332	-61.6879	76.4387
0.459217	-412.958	-61.7501	76.4908
0.352854	-413.581	-61.8078	76.5454
0.262143	-414.174	-61.8723	76.598
0.17893	-414.75	-61.9442	76.648
0.0833941	-415.328	-62.0244	76.6999
-0.058867	-415.926	-62.1198	76.7553
-0.150076	-416.508	-62.2214	76.8072
-0.264829	-417.121	-62.336	76.8616
-0.359256	-417.747	-62.4656	76.9159
-0.455436	-418.382	-62.5953	76.9705
-0.562183	-418.986	-62.721	77.0219
-0.631037	-419.636	-62.853	77.0754
-0.685398	-420.279	-62.9859	77.1279
-0.753714	-420.933	-63.1083	77.1803
-0.802918	-421.626	-63.2342	77.2354
-0.82948	-422.294	-63.3455	77.2883
-0.841964	-422.999	-63.4553	77.3446
-0.839038	-423.677	-63.5528	77.3987
-0.823197	-424.365	-63.6483	77.4537
-0.787657	-425.076	-63.7389	77.5102
-0.745409	-425.702	-63.8167	77.5607
-0.717028	-426.327	-63.8891	77.6111
-0.636506	-426.945	-63.96	77.6619
-0.563398	-427.593	-64.0351	77.7153
-0.506559	-428.245	-64.1064	77.7692
-0.389365	-428.853	-64.1788	77.8213
-0.306619	-429.505	-64.2583	77.8778
-0.17422	-430.13	-64.3416	77.9323
-0.0669603	-430.695	-64.4206	77.9831
0.00393846	-431.305	-64.5131	78.0377
0.141498	-431.864	-64.6069	78.0897
0.302393	-432.441	-64.7114	78.1447
0.370492	-433.049	-64.8348	78.1989
0.461675	-433.617	-64.9543	78.249
0.568892	-434.204	-65.0782	78.3004
0.660625	-434.828	-65.2092	78.3521
0.750141	-435.523	-65.3555	78.4095
0.805379	-436.15	-65.478	78.4602
0.851657	-436.778	-65.5935	78.5105
0.892556	-437.482	-65.7119	78.5668
0.909729	-438.119	-65.8097	78.6172
0.919299	-438.785	-65.9067	78.6702
0.906555	-439.443	-65.9946	78.7226
0.891578	-440.113	-66.0731	78.7761
0.866466	-440.774	-66.1478	78.8289
0.81155	-441.458	-66.2245	78.8842
0.772509	-442.135	-66.2956	78.9388
0.714733	-442.776	-66.3721	78.9904
0.651235	-443.411	-66.4523	79.0422
0.546885	-444.018	-66.5297	79.0934
0.510453	-444.63	-66.6115	79.1442
0.413281	-445.288	-66.7071	79.2003
0.310735	-445.874	-66.7999	79.2507
0.188077	-446.497	-66.9049	79.3043
0.138916	-447.154	-67.0259	79.3592
0.0520142	-447.774	-67.144	79.412
-0.0536744	-448.411	-67.2691	79.4655
-0.12408	-449.067	-67.4052	79.5196
-0.210275	-449.685	-67.5306	79.5705
-0.302551	-450.372	-67.6637	79.626
-0.365075	-451.015	-67.7882	79.677
-0.416364	-451.701	-67.9066	79.7314
