x	y	z	t	dist
0.5	420.616	67.4274	3.00683	-1
0.593868	420.175	67.3583	3.06171	-1
0.6195	419.697	67.2834	3.11273	-1
0.643976	419.227	67.2097	3.16286	13.6509
0.666689	418.723	67.1307	3.21652	13.1518
0.685983	418.255	67.0573	3.26673	12.689
0.707206	417.73	66.9751	3.32234	12.1707
0.720773	417.238	66.8979	3.37507	11.6843
0.733083	416.709	66.815	3.43153	11.1618
0.736388	416.223	66.7389	3.4832	10.6811
0.732371	415.717	66.6597	3.53722	10.1806
0.717435	415.234	66.5839	3.58865	9.70069
0.696962	414.718	66.5031	3.64375	9.18831
0.667477	414.227	66.426	3.69519	8.69886
0.628514	413.726	66.3475	3.74896	8.19853
0.591989	413.197	66.2646	3.80577	7.67126
0.550964	412.724	66.1905	3.85663	7.19882
0.509393	412.252	66.1165	3.90736	6.72795
0.456357	411.755	66.0386	3.96125	6.23025
0.409727	411.24	65.9578	4.01666	5.71626
0.355941	410.712	65.8752	4.07332	5.18973
0.311494	410.235	65.8003	4.12439	4.71459
0.261103	409.707	65.7177	4.18102	4.19103
0.22212	409.191	65.6367	4.23639	3.6828
0.175138	408.665	65.5543	4.29308	3.166
0.135335	408.191	65.4801	4.34374	2.70526
0.0968573	407.719	65.406	4.39463	2.25202
0.0534537	407.203	65.3251	4.45035	1.76918
0.0186663	406.693	65.2453	4.50487	1.32383
-0.02466	406.184	65.1654	4.55951	0.939693
-0.0605226	405.658	65.0829	4.61582	0.739492
-0.103172	405.154	65.004	4.66992	-1
-0.134023	404.682	64.9301	4.72019	13.88
-0.174699	404.142	64.8454	4.77811	13.3441
-0.214347	403.653	64.7687	4.83089	12.859
-0.260216	403.095	64.6813	4.89001	12.3071
-0.299389	402.557	64.597	4.94765	11.7745
-0.336432	402.086	64.5231	4.99798	11.3093
-0.370008	401.566	64.4416	5.05367	10.7957
-0.399638	401.056	64.3618	5.10822	10.2926
-0.427904	400.587	64.2882	5.15836	9.83032
-0.454866	400.101	64.2121	5.21007	9.35233
-0.484642	399.599	64.1333	5.26395	8.85872
-0.511809	399.1	64.0552	5.31746	8.36995
-0.540302	398.62	63.9799	5.36936	7.90065
-0.559353	398.119	63.9014	5.42302	7.4108
-0.575837	397.614	63.8223	5.47701	6.91858
-0.589224	397.112	63.7436	5.53129	6.43024
-0.590377	396.621	63.6667	5.58388	5.95247
-0.580344	396.14	63.5913	5.63546	5.48329
-0.554529	395.636	63.5123	5.68948	4.98994
-0.515084	395.136	63.4339	5.74326	4.49864
-0.470785	394.63	63.3546	5.79766	4.00317
-0.394574	394.152	63.2797	5.84919	3.52689
-0.323032	393.611	63.1949	5.90749	2.99614
-0.240618	393.144	63.1217	5.95874	2.53393
-0.122042	392.65	63.0442	6.01289	2.03673
-0.0180646	392.164	62.9681	6.06607	1.56167
0.101999	391.704	62.8959	6.11735	1.11532
0.251288	391.194	62.8161	6.17486	0.65671
0.391037	390.704	62.7393	6.2303	-1
0.517621	390.202	62.6606	6.28653	14.2486
0.659236	389.692	62.5806	6.34369	13.7549
0.776067	389.229	62.508	6.39508	13.3078
0.904463	388.727	62.4293	6.45121	12.8257
1.0103	388.216	62.3493	6.50759	12.3346
1.12287	387.744	62.2754	6.55929	11.8864
1.21489	387.261	62.1996	6.6121	11.4253
1.28971	386.789	62.1256	6.66318	10.9749
1.3407	386.323	62.0526	6.71345	10.5284
1.37959	385.806	61.9716	6.7689	10.0308
1.40693	385.324	61.8961	6.82021	9.56755
1.41279	384.85	61.8217	6.87074	9.10815
1.40135	384.322	61.739	6.92702	8.59386
1.36368	383.818	61.66	6.98181	8.09793
1.31833	383.327	61.5831	7.03519	7.61306
1.24289	382.822	61.5039	7.09005	7.10748
1.16711	382.303	61.4225	7.14659	6.58853
1.06572	381.81	61.3453	7.20071	6.08806
0.975028	381.296	61.2647	7.25689	5.57159
0.853017	380.805	61.1878	7.31179	5.06793
0.744794	380.306	61.1096	7.36702	4.56136
0.620925	379.817	61.033	7.4215	4.05953
0.510731	379.352	60.96	7.47292	3.58531
0.412587	378.865	60.8837	7.52666	3.09775
0.289052	378.359	60.8044	7.58282	2.58472
0.198869	377.865	60.727	7.63696	2.10284
0.103798	377.397	60.6537	7.68833	1.65197
0.00605646	376.901	60.5759	7.74273	1.19799
-0.0661594	376.412	60.4993	7.79594	0.834753
-0.134578	375.92	60.4222	7.84973	-1
-0.175419	375.439	60.3467	7.90168	14.2766
-0.201305	374.951	60.2703	7.95412	13.7918
-0.214756	374.443	60.1907	8.00841	13.2867
-0.208487	373.94	60.1119	8.06243	12.7849
-0.185255	373.452	60.0354	8.1149	12.2962
-0.141421	372.969	59.9597	8.16696	11.8115
-0.0718722	372.449	59.8781	8.2232	11.2868
-0.000518687	371.942	59.7986	8.27813	10.7762
0.100602	371.439	59.7198	8.3333	10.267
0.205004	370.956	59.6441	8.3868	9.77856
0.338785	370.475	59.5687	8.44093	9.29063
0.448983	369.993	59.4932	8.49456	8.80476
0.579659	369.498	59.4156	8.54992	8.30529
0.690114	369.032	59.3426	8.6021	7.83753
0.800076	368.564	59.2693	8.65468	7.3689
0.900116	368.086	59.1943	8.70775	6.89108
0.989347	367.626	59.1222	8.7588	6.43305
1.08745	367.144	59.0467	8.81185	5.95598
1.15858	366.684	58.9746	8.86232	5.50071
1.2182	366.189	58.897	8.916	5.0108
1.26743	365.728	58.8247	8.96609	4.55663
1.30852	365.233	58.7472	9.01923	4.0695
1.34144	364.723	58.6673	9.07344	3.56935
1.35911	364.232	58.5903	9.12561	3.08772
1.36728	363.718	58.5098	9.17996	2.586
1.36031	363.221	58.4318	9.23272	2.10167
1.34361	362.729	58.3548	9.2852	1.62756
1.30537	362.186	58.2696	9.34273	1.11185
1.26312	361.707	58.1945	9.39354	0.689897
1.20602	361.236	58.1207	9.44365	0.408051
1.14466	360.719	58.0397	9.49856	0.58769
1.04986	360.2	57.9583	9.55359	13.9466
0.963476	359.672	57.8755	9.60841	13.4118
0.849582	359.134	57.7913	9.66413	12.8641
0.746314	358.639	57.7137	9.71536	12.3597
0.618972	358.118	57.6319	9.76997	11.8265
0.502778	357.582	57.5481	9.82588	11.2814
0.384332	357.105	57.4732	9.8764	10.7935
0.255134	356.628	57.3985	9.92672	10.3055
0.0909621	356.107	57.3169	9.98165	9.77163
-0.0314729	355.579	57.2341	10.0374	9.23464
-0.189682	355.049	57.1509	10.0941	8.69357
-0.310523	354.543	57.0717	10.1469	8.18146
-0.424918	354.054	56.995	10.1978	7.68662
-0.536527	353.571	56.9194	10.2483	7.19956
-0.657194	353.047	56.8372	10.3031	6.67221
-0.740613	352.515	56.7538	10.3578	6.13838
-0.825954	351.99	56.6715	10.4117	5.61322
-0.881985	351.447	56.5865	10.4667	5.07171
-0.928364	350.908	56.502	10.5213	4.53349
-0.955478	350.375	56.4185	10.5752	4.00186
-0.968292	349.827	56.3325	10.6302	3.45439
-0.962584	349.286	56.2478	10.6842	2.91405
-0.939093	348.709	56.1573	10.7417	2.33648
-0.890825	348.174	56.0735	10.7955	1.79972
-0.83235	347.635	55.9891	10.8497	1.25936
-0.740402	347.111	55.9069	10.9033	0.736881
-0.659805	346.594	55.8259	10.9556	0.258895
-0.560337	346.07	55.7437	11.0094	-1
-0.418842	345.576	55.6662	11.0617	14.0711
-0.29638	345.053	55.5843	11.1161	13.5398
-0.160678	344.556	55.5064	11.1678	13.0341
-0.0013609	344.053	55.4276	11.2202	12.5212
0.147077	343.501	55.3411	11.2768	11.9613
0.282368	342.999	55.2625	11.3286	11.4537
0.466863	342.499	55.184	11.3815	10.9464
0.606766	341.962	55.0999	11.4365	10.4063
0.775538	341.442	55.0184	11.4905	9.88495
0.878685	340.941	54.9399	11.541	9.384
1.03052	340.424	54.8588	11.5941	8.86963
1.14088	339.889	54.7749	11.648	8.33812
1.24259	339.371	54.6938	11.7001	7.82603
1.34467	338.815	54.6066	11.7552	7.27767
1.41141	338.273	54.5217	11.8085	6.74338
1.45844	337.76	54.4413	11.8593	6.23746
1.49541	337.229	54.3581	11.9113	5.71407
1.52349	336.654	54.268	11.9676	5.14811
1.53479	336.106	54.182	12.0211	4.6071
1.52625	335.556	54.0958	12.0747	4.06362
1.50429	335.031	54.0135	12.1259	3.54416
1.4655	334.49	53.9288	12.1789	3.00712
1.40671	333.954	53.8448	12.2314	2.4723
1.34368	333.399	53.7578	12.2859	1.92022
1.26579	332.878	53.6761	12.3376	1.39995
1.15837	332.345	53.5926	12.3907	0.865073
1.05517	331.811	53.5089	12.4442	0.35993
0.945806	331.293	53.4277	12.4965	0.302076
0.835478	330.772	53.3461	12.549	14.1289
0.686505	330.233	53.2616	12.604	13.5769
0.569697	329.686	53.1759	12.6591	13.0206
0.414806	329.157	53.0929	12.7134	12.478
0.292079	328.626	53.0097	12.7674	11.9378
0.162323	328.109	52.9287	12.8195	11.4119
-0.00942698	327.556	52.842	12.8768	10.8468
-0.138726	327.044	52.7618	12.9296	10.3275
-0.312041	326.494	52.6756	12.9864	9.76848
-0.481718	325.934	52.5877	13.0441	9.20112
-0.612784	325.407	52.5052	13.0971	8.67091
-0.737909	324.902	52.426	13.1482	8.16384
-0.865444	324.36	52.3411	13.2027	7.62223
-0.952553	323.84	52.2596	13.2541	7.10332
-1.02524	323.325	52.1789	13.3048	6.5907
-1.08357	322.806	52.0976	13.3555	6.07474
-1.12157	322.233	52.0077	13.4115	5.50449
-1.14594	321.697	51.9238	13.4638	4.97128
-1.14883	321.142	51.8367	13.5178	4.4176
-1.12633	320.579	51.7485	13.5726	3.85451
-1.08816	320.028	51.6622	13.6265	3.3027
-1.03183	319.484	51.5769	13.6801	2.75571
-0.938632	318.931	51.4902	13.7348	2.19761
-0.85309	318.396	51.4064	13.7879	1.65911
-0.741221	317.863	51.3229	13.8409	1.12672
-0.596201	317.339	51.2407	13.8946	0.634627
-0.472532	316.807	51.1572	13.9486	0.334546
-0.304088	316.293	51.0767	14.0021	-1
-0.167882	315.779	50.9961	14.0542	13.893
-0.0214451	315.219	50.9084	14.1114	13.3251
0.142553	314.706	50.828	14.1647	12.8035
0.280656	314.198	50.7484	14.2171	12.2898
0.419615	313.71	50.6718	14.2677	11.7961
0.549947	313.195	50.5911	14.3207	11.2778
0.702899	312.66	50.5074	14.3757	10.7413
0.80883	312.145	50.4266	14.4278	10.2252
0.922901	311.631	50.3461	14.48	9.71266
1.056	311.09	50.2612	14.5346	9.17392
1.14975	310.551	50.1768	14.5883	8.63858
1.25652	309.986	50.0882	14.6445	8.07928
1.33279	309.46	50.0057	14.6965	7.55905
1.3926	308.92	49.9211	14.7496	7.02528
1.44812	308.384	49.8371	14.8021	6.49646
1.47965	307.821	49.749	14.8569	5.94095
1.49935	307.292	49.666	14.9085	5.41779
1.50572	306.779	49.5856	14.9587	4.91041
1.49693	306.25	49.5027	15.0106	4.38626
1.46581	305.717	49.4191	15.0626	3.85544
1.42634	305.181	49.335	15.1151	3.32059
1.37503	304.66	49.2536	15.1662	2.80064
1.30538	304.136	49.1714	15.2181	2.27362
1.21984	303.614	49.0895	15.2702	1.74534
1.10721	303.088	49.007	15.3232	1.20793
0.991288	302.536	48.9206	15.3786	0.645685
0.88061	302.019	48.8396	15.4312	0.128354
0.7228	301.513	48.7603	15.4835	-1
0.591226	301.011	48.6816	15.5353	13.9806
0.452483	300.465	48.5959	15.591	13.4231
0.286821	299.954	48.5159	15.6441	12.8999
0.142203	299.473	48.4405	15.6944	12.4089
-0.00182166	298.974	48.3623	15.7465	11.9008
-0.134314	298.485	48.2856	15.7975	11.404
-0.268966	297.949	48.2016	15.8522	10.8617
-0.412905	297.453	48.124	15.9025	10.3606
-0.525024	296.946	48.0445	15.9536	9.84997
-0.650849	296.409	47.9603	16.0081	9.31009
-0.769953	295.861	47.8743	16.0631	8.7607
-0.866754	295.338	47.7924	16.1151	8.23806
-0.945319	294.828	47.7125	16.1653	7.72949
-1.00689	294.278	47.6263	16.2188	7.18096
-1.06624	293.694	47.5348	16.2759	6.59955
-1.09521	293.12	47.4448	16.3319	6.02756
-1.11476	292.591	47.3619	16.3831	5.50038
-1.11202	292.01	47.2708	16.4394	4.91957
-1.08622	291.459	47.1844	16.4931	4.36803
-1.04583	290.891	47.0954	16.5485	3.79876
-0.985898	290.366	47.0132	16.6002	3.27143
-0.903518	289.815	46.9268	16.6543	2.71724
-0.817994	289.24	46.8366	16.7107	2.13969
-0.697327	288.711	46.7538	16.7635	1.61432
-0.582371	288.167	46.6685	16.8177	1.08898
-0.455682	287.621	46.5829	16.8727	0.624086
-0.300649	287.105	46.5021	16.925	0.499376
-0.163251	286.547	46.4147	16.9811	-1
0.00106979	286.027	46.3331	17.0345	13.7691
0.133474	285.488	46.2487	17.089	13.2241
0.26497	284.956	46.1652	17.1421	12.6858
0.423343	284.428	46.0825	17.1952	12.1529
0.547761	283.866	45.9943	17.2498	11.5871
0.674809	283.338	45.9117	17.3014	11.0578
0.819657	282.805	45.8281	17.3536	10.5239
0.934776	282.262	45.743	17.406	9.98156
1.06056	281.72	45.658	17.4588	9.44229
1.16713	281.18	45.5734	17.511	8.9065
1.26966	280.652	45.4906	17.5618	8.38368
1.37931	280.074	45.4001	17.6167	7.81453
1.46084	279.535	45.3156	17.6679	7.28361
1.54879	278.95	45.2238	17.7231	6.71031
1.61076	278.38	45.1345	17.7765	6.15217
1.65963	277.836	45.0493	17.8278	5.62069
1.69569	277.287	44.9632	17.8791	5.08497
1.71844	276.739	44.8774	17.9303	4.5516
1.73659	276.189	44.7912	17.9818	4.01877
1.7408	275.597	44.6984	18.0375	3.44647
1.72811	275.045	44.6118	18.089	2.91529
1.70251	274.49	44.525	18.141	2.38649
1.66459	273.954	44.4409	18.1915	1.88331
1.59984	273.392	44.3528	18.2445	1.36869
1.53124	272.846	44.2672	18.2961	0.923717
1.45562	272.292	44.1803	18.3485	0.655703
1.35732	271.742	44.0942	18.4011	0.775198
1.2328	271.195	44.0084	18.4542	13.8826
1.10979	270.654	43.9237	18.5066	13.3301
0.981006	270.126	43.8409	18.5581	12.7889
0.847629	269.581	43.7556	18.6112	12.2311
0.71862	269.073	43.6759	18.6612	11.7103
0.571175	268.563	43.596	18.712	11.1857
0.400022	268.01	43.5092	18.7676	10.616
0.222453	267.456	43.4224	18.8234	10.046
0.0717131	266.943	43.342	18.8746	9.5207
-0.0871362	266.424	43.2608	18.9259	8.99089
-0.243303	265.898	43.1783	18.9785	8.45475
-0.363563	265.343	43.0912	19.0324	7.8929
-0.489162	264.816	43.0086	19.083	7.36048
-0.612246	264.242	42.9187	19.138	6.78296
-0.702637	263.664	42.8281	19.1925	6.20273
-0.77938	263.068	42.7348	19.2484	5.60654
-0.830431	262.468	42.6406	19.3044	5.00598
-0.852112	261.887	42.5496	19.358	4.42572
-0.858476	261.293	42.4565	19.4135	3.83175
-0.843341	260.719	42.3666	19.4669	3.25758
-0.810699	260.143	42.2762	19.5206	2.68084
-0.763673	259.582	42.1884	19.5737	2.12061
-0.688518	258.994	42.0962	19.629	1.53625
-0.606108	258.427	42.0073	19.6827	0.984432
-0.484199	257.898	41.9244	19.7337	0.538606
-0.368402	257.327	41.8349	19.7886	-1
-0.249405	256.774	41.7483	19.842	14.1704
-0.0935381	256.201	41.6584	19.8978	13.5874
0.050646	255.643	41.5709	19.9525	13.0215
0.219898	255.088	41.4841	20.0072	12.4591
0.349387	254.512	41.3938	20.0629	11.8781
0.502535	253.93	41.3025	20.1193	11.2912
0.631701	253.392	41.2181	20.172	10.7501
0.766752	252.849	41.133	20.2248	10.206
0.881461	252.303	41.0474	20.2773	9.66018
0.970918	251.773	40.9643	20.3283	9.13125
1.03939	251.213	40.8766	20.381	8.57338
1.09832	250.672	40.7918	20.432	8.0342
1.15235	250.124	40.706	20.4835	7.48931
1.18156	249.553	40.6165	20.5368	6.92109
1.19777	248.996	40.5292	20.5888	6.36592
1.20132	248.417	40.4384	20.6427	5.78813
1.18367	247.875	40.3534	20.6934	5.24569
1.15101	247.316	40.2659	20.7457	4.68621
1.11075	246.757	40.1782	20.7979	4.12566
1.05409	246.193	40.0899	20.8508	3.55965
0.985555	245.662	40.0066	20.9011	3.02477
0.911035	245.112	39.9205	20.9531	2.47207
0.79747	244.516	39.8271	21.0102	1.87357
0.708784	243.994	39.7452	21.0606	1.35413
0.580911	243.434	39.6574	21.1145	0.820913
0.480613	242.907	39.5748	21.1653	0.414357
0.361616	242.381	39.4924	21.2165	-1
0.252937	241.837	39.4071	21.2691	14.0521
0.122617	241.296	39.3223	21.3217	13.503
-0.0175043	240.713	39.2309	21.3778	12.9122
-0.132429	240.173	39.1463	21.4299	12.3665
-0.267777	239.615	39.0589	21.484	11.8028
-0.370515	239.049	38.9702	21.538	11.2336
-0.479447	238.483	38.8815	21.5925	10.6642
-0.57568	237.949	38.7978	21.6438	10.1278
-0.692416	237.376	38.708	21.6991	9.55284
-0.773423	236.855	38.6263	21.7494	9.03088
-0.863679	236.277	38.5358	21.8045	8.4535
-0.926828	235.733	38.4505	21.8559	7.91
-0.988508	235.161	38.3608	21.9096	7.33921
-1.02835	234.58	38.2697	21.9639	6.7597
-1.06295	234.025	38.1827	22.0153	6.20627
-1.07972	233.412	38.0867	22.0722	5.59521
-1.08482	232.832	37.9957	22.1257	5.01568
-1.07391	232.229	37.9013	22.1817	4.41386
-1.04863	231.691	37.8169	22.2318	3.87491
-1.01073	231.128	37.7287	22.2841	3.31097
-0.951699	230.53	37.6349	22.34	2.7098
-0.878995	229.957	37.5451	22.3941	2.13411
-0.806603	229.389	37.4562	22.4476	1.56535
-0.720099	228.845	37.3708	22.4995	1.02363
-0.600827	228.258	37.2789	22.5554	0.477609
-0.481279	227.728	37.1959	22.6061	-1
-0.35995	227.173	37.1088	22.66	14.2154
-0.236627	226.617	37.0216	22.7141	13.6516
-0.0781953	226.039	36.931	22.7704	13.0636
0.0573814	225.512	36.8485	22.8213	12.5293
0.189874	224.99	36.7667	22.8718	12.0013
0.354784	224.422	36.6776	22.9278	11.4259
0.493595	223.837	36.5859	22.9844	10.8365
0.655928	223.243	36.4929	23.0421	10.2396
0.79362	222.705	36.4086	23.0944	9.70096
0.917931	222.156	36.3225	23.1476	9.15239
1.02382	221.628	36.2398	23.1985	8.62681
1.11466	221.079	36.1538	23.2509	8.08103
1.19957	220.526	36.067	23.3034	7.53189
1.28552	219.968	35.9795	23.3567	6.98012
1.34269	219.422	35.894	23.4081	6.44042
1.38043	218.861	35.8061	23.4607	5.88509
1.40283	218.294	35.7172	23.5136	5.32394
1.41691	217.714	35.6263	23.5677	4.74934
1.40938	217.163	35.5399	23.6193	4.20245
1.38554	216.628	35.4561	23.6695	3.6703
1.34407	216.052	35.3658	23.7235	3.09524
1.27673	215.493	35.2782	23.7761	2.53358
1.20289	214.901	35.1854	23.8321	1.93851
1.09961	214.363	35.1011	23.8835	1.39112
0.998882	213.777	35.0093	23.94	0.798052
0.899601	213.231	34.9237	23.9922	0.247489
0.782222	212.669	34.8356	24.0464	-1
0.647449	212.155	34.7551	24.0966	14.0445
0.532327	211.626	34.6721	24.1479	13.5058
0.412528	211.061	34.5836	24.2023	12.9322
0.290864	210.527	34.4998	24.2543	12.389
0.141362	209.935	34.4071	24.3114	11.7872
0.0360952	209.408	34.3245	24.3619	11.2534
-0.0866356	208.87	34.2402	24.4136	10.7086
-0.21941	208.31	34.1525	24.4672	10.1413
-0.323505	207.744	34.0636	24.521	9.56969
-0.410102	207.206	33.9794	24.5718	9.02896
-0.495436	206.669	33.8951	24.6227	8.48825
-0.586052	206.08	33.8028	24.6782	7.89682
-0.647614	205.489	33.7103	24.7335	7.3049
-0.707315	204.935	33.6235	24.7853	6.75007
-0.749679	204.393	33.5385	24.8354	6.20775
-0.776644	203.832	33.4506	24.8862	5.64633
-0.799373	203.212	33.3533	24.9413	5.02579
-0.812246	202.633	33.2626	24.992	4.44696
-0.814055	202.019	33.1665	25.0455	3.83364
-0.801284	201.399	33.0692	25.0998	3.21329
-0.775968	200.819	32.9784	25.1505	2.63379
-0.74277	200.214	32.8835	25.2035	2.02884
-0.696602	199.628	32.7916	25.2549	1.44586
-0.625503	198.983	32.6906	25.3116	0.816278
-0.562506	198.381	32.5962	25.365	0.307452
-0.463839	197.782	32.5023	25.4186	-1
-0.374119	197.195	32.4103	25.4705	13.8778
-0.249398	196.571	32.3125	25.5266	13.2458
-0.138485	195.943	32.2141	25.5831	12.6112
-0.00138771	195.358	32.1223	25.6363	12.0176
0.124463	194.799	32.0347	25.6868	11.4519
0.254155	194.218	31.9437	25.7391	10.865
0.400334	193.602	31.8472	25.795	10.2432
0.522592	192.966	31.7476	25.8522	9.60362
0.641346	192.41	31.6603	25.9026	9.04441
0.78068	191.822	31.5682	25.9561	8.45522
0.899881	191.233	31.4759	26.0096	7.86695
1.00929	190.674	31.3883	26.0604	7.31017
1.10885	190.077	31.2947	26.1142	6.71703
1.21658	189.498	31.204	26.1664	6.1457
1.29077	188.885	31.1078	26.2208	5.53979
1.35052	188.293	31.0151	26.2733	4.95671
1.40289	187.689	30.9204	26.3267	4.36413
1.43313	187.069	30.8233	26.3812	3.75608
1.45237	186.468	30.7291	26.4341	3.16955
1.45665	185.872	30.6356	26.4868	2.58961
1.44072	185.26	30.5398	26.5405	1.99893
1.41154	184.667	30.4469	26.5926	1.43727
1.36637	184.086	30.3557	26.6441	0.915466
1.31204	183.529	30.2684	26.6942	0.537053
1.23528	182.955	30.1785	26.7455	0.598981
1.12817	182.389	30.0897	26.7964	13.9749
1.02736	181.802	29.9978	26.8492	13.3804
0.918078	181.24	29.9097	26.9004	12.8084
0.797686	180.69	29.8234	26.9507	12.2471
0.634817	180.074	29.7269	27.007	11.6154
0.494364	179.491	29.6355	27.0604	11.0196
0.329871	178.893	29.5419	27.1155	10.4075
0.190597	178.349	29.4565	27.166	9.85135
0.0523232	177.783	29.3679	27.2183	9.27546
-0.0874152	177.165	29.2711	27.2745	8.64745
-0.255183	176.592	29.1811	27.3279	8.06273
-0.386276	176.034	29.0938	27.3795	7.49838
-0.531452	175.438	29.0004	27.4345	6.89633
-0.648588	174.825	28.9043	27.4904	6.27993
-0.750088	174.23	28.811	27.5439	5.68282
-0.834682	173.67	28.7232	27.5942	5.12266
-0.914429	173.111	28.6356	27.6442	4.56509
-0.988095	172.521	28.5432	27.6965	3.97845
-1.03661	171.928	28.4502	27.7489	3.38881
-1.06933	171.284	28.3493	27.8053	2.75008
-1.09088	170.651	28.25	27.8607	2.12358
-1.09061	170.078	28.1602	27.9107	1.55786
-1.07319	169.5	28.0697	27.9612	0.991138
-1.03351	168.853	27.9682	28.0181	0.384557
-0.984794	168.259	27.8751	28.0706	0.342723
-0.914923	167.653	27.7802	28.1244	14.0298
-0.813289	167.046	27.6851	28.1788	13.4151
-0.713504	166.427	27.588	28.2341	12.7884
-0.5907	165.835	27.4952	28.2877	12.1859
-0.451094	165.225	27.3997	28.3432	11.5647
-0.321465	164.661	27.3113	28.3943	10.9903
-0.16043	164.113	27.2254	28.4449	10.4291
0.0071106	163.512	27.1312	28.5002	9.81566
0.201409	162.921	27.0386	28.5555	9.21248
0.365342	162.311	26.9428	28.612	8.59314
0.519449	161.763	26.857	28.6624	8.03927
0.691948	161.161	26.7627	28.7181	7.43331
0.83827	160.603	26.6753	28.7699	6.87495
0.992047	160.045	26.5878	28.8217	6.31972
1.12288	159.471	26.4978	28.8742	5.75136
1.25863	158.895	26.4074	28.9267	5.18646
1.347	158.289	26.3126	28.9806	4.59345
1.43486	157.661	26.2142	29.037	3.98401
1.48745	157.052	26.1186	29.0913	3.39375
1.52409	156.442	26.0231	29.1449	2.80867
1.54562	155.85	25.9302	29.1972	2.24865
1.5461	155.251	25.8363	29.2498	1.69525
1.52923	154.665	25.7445	29.3016	1.18693
1.48833	154.068	25.6509	29.3541	0.767369
1.42373	153.422	25.5498	29.4113	0.694807
1.33997	152.807	25.4534	29.4666	14.062
1.25593	152.241	25.3647	29.5173	13.4898
1.15083	151.683	25.2771	29.5679	12.9216
1.04433	151.106	25.1867	29.62	12.3355
0.91863	150.55	25.0995	29.671	11.7666
0.766909	150.014	25.0156	29.7213	11.2151
0.622182	149.401	24.9196	29.7773	10.5882
0.444725	148.859	24.8346	29.8283	10.0277
0.305452	148.272	24.7426	29.8823	9.42807
0.149996	147.735	24.6584	29.9326	8.87691
0.00107786	147.173	24.5703	29.9847	8.30264
-0.183553	146.573	24.4763	30.0404	7.68881
-0.326957	146.028	24.3908	30.0912	7.13444
-0.453497	145.452	24.3006	30.1437	6.55202
-0.585267	144.852	24.2066	30.1986	5.94695
-0.693131	144.238	24.1104	30.2542	5.33022
-0.789556	143.68	24.0229	30.3045	4.77128
-0.874061	143.096	23.9312	30.3566	4.18704
-0.924933	142.472	23.8335	30.4122	3.56487
-0.958064	141.903	23.7444	30.4623	2.99819
-0.976957	141.308	23.6511	30.5147	2.40561
-0.975415	140.708	23.557	30.5675	1.80719
-0.950227	140.087	23.4597	30.622	1.18747
-0.910429	139.477	23.3642	30.6757	0.578808
-0.85502	138.901	23.2738	30.7265	0.0556201
-0.763453	138.264	23.1739	30.7831	14.2595
-0.650196	137.663	23.0798	30.8369	13.6499
-0.546789	137.065	22.9861	30.8908	13.0444
-0.412516	136.468	22.8925	30.9451	12.4367
-0.245624	135.883	22.8009	30.9991	11.8396
-0.10627	135.272	22.7051	31.055	11.219
0.0731073	134.713	22.6174	31.1076	10.6477
0.227026	134.11	22.5229	31.1631	10.0359
0.401651	133.495	22.4265	31.22	9.41318
0.551781	132.93	22.3379	31.2717	8.84308
0.73493	132.332	22.2442	31.3278	8.24187
0.88193	131.725	22.1491	31.3834	7.63505
1.017	131.175	22.063	31.4336	7.08864
1.1538	130.561	21.9667	31.4893	6.48036
1.26376	129.96	21.8725	31.5434	5.88843
1.3421	129.392	21.7835	31.5945	5.32954
1.42139	128.798	21.6904	31.6472	4.74913
1.4677	128.202	21.597	31.6999	4.16597
1.49675	127.594	21.5017	31.7534	3.57274
1.5148	127.017	21.4113	31.8043	3.01321
1.5104	126.382	21.3118	31.86	2.39994
1.48279	125.779	21.2173	31.913	1.82202
1.43987	125.179	21.1231	31.966	1.26257
1.36343	124.59	21.0309	32.0183	0.753365
1.28417	124.002	20.9387	32.0707	0.492137
1.1898	123.388	20.8425	32.1256	14.2569
1.08548	122.822	20.7538	32.1768	13.6819
0.936883	122.272	20.6676	32.2272	13.1166
0.829402	121.71	20.5795	32.278	12.5455
0.657845	121.114	20.4861	32.3334	11.9329
0.480124	120.527	20.3941	32.3875	11.329
0.326004	119.96	20.3052	32.4401	10.748
0.184267	119.359	20.2109	32.4956	10.1356
0.00116767	118.75	20.1155	32.5518	9.5125
-0.137283	118.128	20.0181	32.6091	8.88175
-0.293407	117.56	19.929	32.6612	8.30438
-0.411247	116.968	19.8363	32.7139	7.70724
-0.53121	116.399	19.7471	32.7643	7.13297
-0.650803	115.735	19.643	32.8211	6.4656
-0.74285	115.121	19.5467	32.8731	5.84986
-0.820567	114.513	19.4515	32.9236	5.24215
-0.893568	113.838	19.3457	32.9789	4.568
-0.93889	113.138	19.2359	33.0354	3.86927
-0.967636	112.469	19.1312	33.0883	3.20267
-0.976074	111.771	19.0217	33.1439	2.50607
-0.967856	111.134	18.9219	33.1944	1.8705
-0.938727	110.474	18.8185	33.2466	1.21144
-0.88477	109.803	18.7133	33.2999	0.539033
-0.826939	109.154	18.6116	33.3515	0.119567
-0.753636	108.525	18.513	33.4016	14.1589
-0.661956	107.856	18.4081	33.4551	13.4832
-0.525061	107.173	18.301	33.5102	12.7895
-0.399597	106.499	18.1954	33.5646	12.1064
-0.235962	105.819	18.0889	33.62	11.4144
-0.0834542	105.139	17.9823	33.6757	10.7234
0.0917925	104.454	17.875	33.7318	10.0275
0.243557	103.814	17.7745	33.7848	9.3782
0.436549	103.119	17.6656	33.8421	8.67444
0.579754	102.438	17.5589	33.8976	7.98915
0.778293	101.798	17.4587	33.9504	7.34653
0.926952	101.132	17.3542	34.005	6.68125
1.06394	100.511	17.2569	34.0553	6.06477
1.22087	99.8126	17.1475	34.1119	5.37715
1.3253	99.1645	17.0459	34.164	4.74176
1.43213	98.4946	16.9409	34.2177	4.0918
1.49842	97.8493	16.8398	34.269	3.46846
1.54585	97.1705	16.7334	34.3226	2.81908
1.5768	96.4977	16.6279	34.3756	2.18828
1.59085	95.8317	16.5235	34.4281	1.59035
1.58273	95.1469	16.4162	34.482	1.04672
1.55604	94.4562	16.3079	34.5363	0.756047
1.50121	93.8056	16.206	34.5881	0.953625
1.43547	93.1502	16.1033	34.6402	13.7009
1.3544	92.4848	15.999	34.6932	13.0312
1.24639	91.8427	15.8983	34.7449	12.38
1.12071	91.1746	15.7936	34.7994	11.7004
0.996835	90.4862	15.6857	34.8555	11.0011
0.85923	89.8484	15.5858	34.9077	10.3493
0.675919	89.2384	15.4902	34.9588	9.71823
0.511437	88.6135	15.3922	35.0109	9.07584
0.350529	87.9746	15.2921	35.064	8.42065
0.205548	87.354	15.1948	35.1154	7.78625
0.0160034	86.7031	15.0928	35.1695	7.11714
-0.149316	86.0695	14.9935	35.2221	6.46936
-0.323671	85.4401	14.8948	35.2745	5.82669
-0.503177	84.7963	14.7939	35.3278	5.17197
-0.653052	84.1663	14.6952	35.3796	4.53573
-0.778906	83.5322	14.5958	35.4312	3.89939
-0.888839	82.9155	14.4992	35.4812	3.28382
-0.988601	82.292	14.4014	35.5315	2.66577
-1.06979	81.6254	14.2969	35.5846	2.01064
-1.15259	80.9343	14.1886	35.6403	1.34829
-1.19637	80.2649	14.0837	35.6932	0.745994
-1.22091	79.5968	13.979	35.7458	0.422461
-1.22988	78.9232	13.8734	35.7991	14.2548
-1.21503	78.2737	13.7716	35.8503	13.6099
-1.18329	77.6416	13.6726	35.9004	12.9803
-1.13226	76.9652	13.5666	35.954	12.3041
-1.04417	76.2583	13.4558	36.0105	11.5922
-0.964732	75.6071	13.3537	36.0624	10.9367
-0.867744	74.9441	13.2498	36.1155	10.2667
-0.727647	74.2816	13.146	36.1691	9.59033
-0.605246	73.5886	13.0373	36.2249	8.88666
-0.431658	72.9181	12.9322	36.2801	8.19743
-0.282846	72.2322	12.8248	36.3359	7.49712
-0.115623	71.6223	12.7291	36.3862	6.86984
0.0441144	70.9868	12.6296	36.4384	6.21917
0.249899	70.3124	12.5239	36.4945	5.52613
0.42399	69.6823	12.4251	36.5464	4.88312
0.620915	69.0065	12.3192	36.6024	4.19656
0.785863	68.3544	12.217	36.6563	3.54072
0.933577	67.7218	12.1178	36.7084	2.91115
1.10292	67.0976	12.02	36.7603	2.30392
1.21676	66.4253	11.9146	36.8144	1.66464
1.31878	65.7781	11.8132	36.8663	1.0951
1.41493	65.1178	11.7097	36.9191	0.685988
1.4714	64.4459	11.6044	36.9724	0.765551
1.50352	63.8084	11.5045	37.0224	14.0044
1.51675	63.1439	11.4003	37.0748	13.3517
1.50646	62.4946	11.2986	37.1261	12.7109
1.46417	61.8114	11.1915	37.1799	12.0316
1.40872	61.1647	11.0901	37.2313	11.3862
1.33487	60.5266	10.9901	37.2821	10.746
1.24132	59.8577	10.8853	37.3361	10.0719
1.12397	59.2215	10.7856	37.388	9.42516
0.961893	58.5732	10.684	37.4414	8.7575
0.813373	57.9107	10.5801	37.4962	8.07868
0.609816	57.2712	10.4799	37.55	7.4118
0.44244	56.592	10.3734	37.6068	6.71324
0.219251	55.9686	10.2757	37.66	6.06017
0.018699	55.3724	10.1823	37.7113	5.43963
-0.180375	54.7179	10.0797	37.7672	4.76361
-0.426929	54.0663	9.97758	37.8229	4.0886
-0.611106	53.4761	9.88508	37.8731	3.48651
-0.777413	52.8773	9.79122	37.9233	2.88263
-0.920313	52.2123	9.68701	37.9781	2.22085
-1.03804	51.5287	9.57986	38.0334	1.55234
-1.11384	50.877	9.47772	38.0854	0.936441
-1.17385	50.1912	9.37024	38.1403	0.422338
-1.19266	49.5356	9.26748	38.1923	0.604138
-1.18065	48.8763	9.16414	38.2443	13.8431
-1.14436	48.2207	9.06138	38.2961	13.1892
-1.07604	47.5832	8.96147	38.347	12.5486
-0.990567	46.9537	8.86281	38.3976	11.9135
-0.844178	46.3019	8.76066	38.451	11.2472
-0.704582	45.6274	8.65494	38.5068	10.5596
-0.517464	44.9934	8.55558	38.5603	9.90588
-0.33498	44.3486	8.45451	38.6153	9.243
-0.140946	43.7328	8.358	38.6678	8.60884
0.112769	43.0965	8.25827	38.7228	7.9507
0.342039	42.5074	8.16593	38.7746	7.3461
0.5361	41.8705	8.06612	38.8288	6.70016
0.750534	41.2752	7.97281	38.8799	6.09982
0.966911	40.6649	7.87716	38.9311	5.49188
1.13324	40.0099	7.77451	38.9856	4.84586
1.3207	39.3296	7.66788	39.0419	4.18656
1.44633	38.6577	7.56257	39.0961	3.54165
1.55285	37.9974	7.45909	39.1491	2.9206
1.61308	37.2746	7.34579	39.2066	2.25101
1.6441	36.6129	7.24208	39.2591	1.66684
1.65024	35.9564	7.13919	39.3109	1.15441
1.61719	35.3047	7.03706	39.3624	0.827343
1.55942	34.6587	6.9358	39.4139	0.91863
1.47179	34.0074	6.83372	39.4659	13.8386
1.33319	33.3126	6.72482	39.5222	13.1305
1.19154	32.6867	6.62673	39.5736	12.49
1.02638	32.085	6.53242	39.6241	11.8699
0.84011	31.4413	6.43153	39.6781	11.2054
0.595067	30.8467	6.33834	39.7301	10.5825
0.373396	30.2575	6.246	39.7818	9.97031
0.149938	29.6904	6.15711	39.832	9.38209
-0.0773303	29.0699	6.05986	39.8868	8.74333
-0.320746	28.5071	5.97165	39.938	8.16465
-0.516994	27.9093	5.87795	39.9892	7.55804
-0.746644	27.2642	5.77685	40.0451	6.90789
-0.923735	26.6607	5.68226	40.0963	6.3054
-1.1018	25.9734	5.57455	40.1534	5.62503
-1.23585	25.3241	5.47277	40.2061	4.98662
-1.35005	24.6314	5.36421	40.2621	4.31011
-1.41855	23.9837	5.26269	40.3136	3.67951
-1.45728	23.3259	5.1596	40.3656	3.04129
-1.46882	22.6287	5.05032	40.421	2.36853
-1.44888	21.9254	4.94009	40.4769	1.69777
-1.39321	21.2457	4.83356	40.531	1.06888
-1.31955	20.5986	4.73213	40.5828	0.57316
-1.23285	19.9755	4.63448	40.6328	0.57668
-1.10986	19.311	4.53033	40.6871	13.9054
-0.982357	18.6914	4.43323	40.738	13.2743
-0.782248	18.0644	4.33495	40.7907	12.6266
-0.603098	17.4389	4.23692	40.8433	11.984
-0.416312	16.7925	4.1356	40.8987	11.3207
-0.162711	16.2018	4.04302	40.9506	10.7078
0.0331111	15.5726	3.94442	41.004	10.0646
0.247297	14.9741	3.85061	41.0558	9.45299
0.450825	14.3397	3.75117	41.1107	8.80927
0.689068	13.74	3.65718	41.1641	8.20343
0.86496	13.1012	3.55707	41.2186	7.56417
1.0713	12.4711	3.4583	41.2717	6.93906
1.19623	11.8326	3.35824	41.3237	6.30775
1.30621	11.153	3.25172	41.3782	5.63846
1.40414	10.4759	3.14559	41.4327	4.97535
1.45468	9.81378	3.04182	41.4849	4.32628
1.48381	9.13778	2.93587	41.5382	3.66482
1.49029	8.42474	2.82412	41.5942	2.96879
1.46556	7.71592	2.71302	41.6501	2.278
1.40674	7.07059	2.61188	41.7014	1.64895
1.34084	6.41605	2.50929	41.7535	1.03183
1.25434	5.70216	2.3974	41.8108	0.483321
1.12171	5.04231	2.29398	41.8641	0.590369
1.00714	4.40711	2.19443	41.9158	13.8076
0.850058	3.80022	2.09931	41.9662	13.1856
0.6967	3.14283	1.99627	42.0201	12.5144
0.494069	2.46437	1.88994	42.0765	11.8171
0.298862	1.80466	1.78654	42.1316	11.1407
0.128962	1.15517	1.68475	42.1856	10.4781
-0.0676321	0.516814	1.5847	42.2395	9.82585
-0.291927	-0.112832	1.48601	42.2935	9.18294
-0.497135	-0.713518	1.39186	42.345	8.57354
-0.667766	-1.31536	1.29754	42.3958	7.96744
-0.866379	-1.96518	1.19569	42.4508	7.31682
-1.01484	-2.58473	1.09859	42.502	6.70042
-1.13725	-3.26657	0.991721	42.5576	6.02458
-1.25205	-3.88505	0.894787	42.6079	5.41556
-1.33415	-4.5235	0.794721	42.659	4.78809
-1.4002	-5.18657	0.690798	42.7116	4.13889
-1.45394	-5.87427	0.583014	42.7663	3.46962
-1.47706	-6.50824	0.48365	42.8166	2.85491
-1.48181	-7.14816	0.383354	42.8671	2.23984
-1.46282	-7.79198	0.282448	42.918	1.63053
-1.41087	-8.45828	0.178018	42.9711	1.02528
-1.35521	-9.13599	0.0717998	43.0251	0.574014
-1.25457	-9.83019	-0.0370033	43.0808	0.712364
-1.16094	-10.5175	-0.144725	43.1361	13.7241
-1.00906	-11.1961	-0.251078	43.1918	13.0309
-0.874677	-11.8307	-0.350553	43.2437	12.3838
-0.734735	-12.5125	-0.457405	43.2996	11.6895
-0.55334	-13.1523	-0.557688	43.3532	11.0318
-0.391948	-13.8239	-0.662944	43.4092	10.3458
-0.194062	-14.4622	-0.762982	43.4636	9.68976
-0.0232852	-15.13	-0.867648	43.5187	9.00852
0.159242	-15.721	-0.960271	43.5691	8.40433
0.375308	-16.3641	-1.06107	43.6244	7.7484
0.555212	-16.9779	-1.15728	43.6771	7.12707
0.753205	-17.6096	-1.25628	43.7309	6.49136
0.922626	-18.2684	-1.35954	43.786	5.83369
1.0706	-18.9386	-1.46458	43.8414	5.16927
1.21274	-19.5491	-1.56026	43.8915	4.57039
1.31405	-20.226	-1.66635	43.9458	3.90879
1.39166	-20.9291	-1.77655	44.0015	3.22645
1.45658	-21.6016	-1.88195	44.0549	2.58405
1.49603	-22.2859	-1.9892	44.1088	1.94385
1.51696	-22.9754	-2.09727	44.1632	1.33437
1.50795	-23.6634	-2.2051	44.2174	0.832181
1.46424	-24.3877	-2.31863	44.2748	0.723559
1.4148	-25.081	-2.42728	44.3299	14.0152
1.31782	-25.7667	-2.53475	44.3845	13.3228
1.22085	-26.4231	-2.63763	44.4372	12.6593
1.09799	-27.0724	-2.7394	44.4898	11.9987
0.941454	-27.7549	-2.84637	44.5454	11.3001
0.759123	-28.4306	-2.95228	44.6009	10.6046
0.576443	-29.1024	-3.05756	44.6568	9.9137
0.389546	-29.7246	-3.15509	44.7093	9.27205
0.193163	-30.3209	-3.24854	44.7596	8.65632
0.00590607	-30.924	-3.34306	44.8112	8.03657
-0.227279	-31.5374	-3.43921	44.8641	7.40478
-0.414781	-32.138	-3.53333	44.9153	6.793
-0.589884	-32.7724	-3.63277	44.9692	6.15122
-0.804524	-33.408	-3.73239	45.023	5.512
-0.960609	-34.0603	-3.83462	45.0775	4.86241
-1.10918	-34.7223	-3.93837	45.132	4.20915
-1.23027	-35.341	-4.03535	45.1824	3.60483
-1.3193	-35.976	-4.13488	45.2334	2.98946
-1.38189	-36.6755	-4.24451	45.2891	2.31873
-1.4214	-37.3649	-4.35255	45.3439	1.67473
-1.4214	-38.0196	-4.45517	45.3955	1.09401
-1.4214	-38.7248	-4.5657	45.4512	0.651339
-1.38866	-39.3892	-4.66983	45.5047	0.752758
-1.32965	-40.0653	-4.77579	45.559	13.8383
-1.22543	-40.7528	-4.88354	45.6144	13.143
-1.11904	-41.4369	-4.99077	45.6697	12.4506
-0.955161	-42.1056	-5.09557	45.725	11.7648
-0.788664	-42.745	-5.19579	45.7779	11.1079
-0.59128	-43.3927	-5.2973	45.8327	10.4392
-0.42731	-44.0217	-5.39588	45.8853	9.79429
-0.242232	-44.6188	-5.48946	45.9362	9.17935
-0.0174831	-45.1982	-5.58028	45.9871	8.57957
0.191251	-45.8281	-5.67901	46.0415	7.93402
0.41268	-46.4445	-5.77562	46.0955	7.30448
0.605277	-47.0676	-5.87327	46.1495	6.67403
0.845527	-47.6627	-5.96655	46.2023	6.07621
1.03629	-48.2949	-6.06563	46.2564	5.44895
1.20871	-48.9475	-6.16792	46.3114	4.80861
1.36332	-49.5681	-6.26517	46.3631	4.20856
1.4804	-50.2361	-6.36987	46.4178	3.56816
1.60018	-50.9188	-6.47688	46.4732	2.93128
1.67964	-51.5953	-6.58291	46.5271	2.31688
1.73418	-52.2843	-6.69089	46.5815	1.72864
1.76102	-52.9313	-6.7923	46.6326	1.25519
1.76812	-53.6208	-6.90036	46.6869	0.975285
1.7515	-54.269	-7.00196	46.7382	1.08927
1.71492	-54.923	-7.10446	46.7899	13.865
1.64493	-55.6262	-7.21468	46.8461	13.1608
1.56395	-56.2738	-7.31617	46.8977	12.5095
1.46695	-56.9195	-7.41737	46.9495	11.8572
1.35776	-57.5591	-7.51762	47.0012	11.2085
1.19693	-58.2458	-7.62525	47.0571	10.5037
1.0525	-58.9217	-7.73119	47.1121	9.81268
0.852959	-59.55	-7.82965	47.1649	9.15841
0.676332	-60.1492	-7.92357	47.2156	8.53741
0.4972	-60.7893	-8.02389	47.2691	7.87626
0.308371	-61.3849	-8.11724	47.3192	7.25821
0.11529	-61.9978	-8.2133	47.3713	6.62373
-0.12141	-62.5746	-8.30371	47.422	6.02168
-0.320527	-63.225	-8.40564	47.4779	5.3545
-0.527911	-63.8765	-8.50775	47.5334	4.6894
-0.687081	-64.4853	-8.60317	47.5849	4.07423
-0.839582	-65.1199	-8.70263	47.6379	3.43831
-0.987762	-65.7375	-8.79944	47.6888	2.82665
-1.11962	-66.4082	-8.90456	47.7434	2.17335
-1.19733	-67.0595	-9.00663	47.7953	1.55026
-1.25559	-67.7546	-9.11558	47.8507	0.923547
-1.29445	-68.4757	-9.2286	47.9077	0.501239
-1.30073	-69.1187	-9.32937	47.9588	0.751759
-1.27697	-69.8101	-9.43774	48.0139	13.7249
-1.22928	-70.4697	-9.54112	48.0666	13.0658
-1.16587	-71.1478	-9.6474	48.1208	12.3861
-1.07548	-71.7723	-9.74528	48.1709	11.7552
-0.952106	-72.4671	-9.85417	48.2273	11.0496
-0.826818	-73.1454	-9.96047	48.2826	10.3601
-0.650748	-73.806	-10.064	48.3376	9.68024
-0.485166	-74.442	-10.1637	48.3904	9.02689
-0.28825	-75.1089	-10.2682	48.4469	8.3394
-0.0761062	-75.7596	-10.3702	48.5024	7.66759
0.108814	-76.3827	-10.4679	48.555	7.02835
0.308351	-77.0428	-10.5713	48.6118	6.35318
0.513772	-77.6764	-10.6706	48.6661	5.70768
0.680205	-78.3155	-10.7708	48.7203	5.06287
0.906796	-78.8944	-10.8615	48.7716	4.48377
1.02379	-79.5072	-10.9576	48.822	3.87622
1.19899	-80.1724	-11.0618	48.8773	3.22932
1.30842	-80.7989	-11.16	48.9289	2.62775
1.40193	-81.4158	-11.2567	48.9789	2.0514
1.48559	-82.0899	-11.3624	49.0331	1.45825
1.53605	-82.773	-11.4694	49.0875	0.952099
1.56799	-83.468	-11.5784	49.1423	0.773369
1.57674	-84.1618	-11.6871	49.1969	14.234
1.55908	-84.8278	-11.7915	49.2495	13.5748
1.50339	-85.5218	-11.9003	49.3046	12.8818
1.43942	-86.1725	-12.0022	49.3564	12.2303
1.34558	-86.809	-12.102	49.4075	11.5874
1.24915	-87.4555	-12.2033	49.4594	10.9342
1.13221	-88.0958	-12.3037	49.5117	10.2834
0.967871	-88.7206	-12.4016	49.5635	9.63895
0.811311	-89.3784	-12.5047	49.6175	8.9636
0.634244	-89.9891	-12.6004	49.668	8.33127
0.426377	-90.6556	-12.7049	49.7237	7.63949
0.235431	-91.2492	-12.7979	49.7748	7.02356
0.0398507	-91.9138	-12.9021	49.8304	6.33809
-0.197841	-92.5344	-12.9993	49.8837	5.69352
-0.364874	-93.1729	-13.0994	49.9369	5.04187
-0.554818	-93.7654	-13.1923	49.9874	4.43737
-0.706966	-94.4167	-13.2944	50.0417	3.78046
-0.878857	-95.0633	-13.3957	50.095	3.13371
-1.00718	-95.7496	-13.5033	50.1509	2.45512
-1.14467	-96.4575	-13.6142	50.2083	1.77234
-1.24303	-97.1397	-13.7211	50.2633	1.14542
-1.30159	-97.8117	-13.8265	50.3165	0.631875
-1.33288	-98.5098	-13.9359	50.3718	0.618397
-1.35061	-99.139	-14.0345	50.4218	14.0419
-1.34534	-99.7877	-14.1362	50.473	13.4004
-1.31011	-100.472	-14.2434	50.5273	12.7196
-1.25371	-101.142	-14.3484	50.5812	12.0494
-1.17057	-101.814	-14.4537	50.6351	11.3733
-1.07987	-102.442	-14.5522	50.6858	10.739
-0.974506	-103.14	-14.6616	50.7421	10.0332
-0.824146	-103.777	-14.7614	50.7948	9.38003
-0.679773	-104.42	-14.8622	50.8474	8.72134
-0.475813	-105.082	-14.966	50.9033	8.035
-0.306913	-105.719	-15.0659	50.9566	7.37929
-0.108596	-106.356	-15.1657	51.0114	6.72056
0.090766	-106.952	-15.259	51.0627	6.10495
0.33103	-107.546	-15.3522	51.1145	5.48898
0.538801	-108.166	-15.4494	51.1684	4.85587
0.772433	-108.795	-15.5479	51.2234	4.22027
0.952121	-109.428	-15.6471	51.2772	3.59074
1.1142	-110.049	-15.7445	51.3296	2.98266
1.25423	-110.658	-15.8399	51.3799	2.40051
1.37388	-111.285	-15.9382	51.4316	1.82292
1.49308	-111.972	-16.0458	51.4872	1.25263
1.54785	-112.66	-16.1536	51.542	0.828138
1.5891	-113.352	-16.2621	51.5973	0.857845
1.59882	-114.028	-16.3681	51.6512	14.0127
1.57892	-114.678	-16.4699	51.7025	13.3698
1.51966	-115.383	-16.5804	51.7581	12.6658
1.43896	-116.02	-16.6803	51.809	12.0247
1.32259	-116.697	-16.7863	51.8638	11.338
1.19809	-117.329	-16.8854	51.9152	10.6939
1.05203	-117.967	-16.9855	51.9677	10.0392
0.882578	-118.608	-17.0859	52.0208	9.37816
0.639099	-119.257	-17.1877	52.0772	8.69674
0.443544	-119.884	-17.2859	52.1303	8.04657
0.212863	-120.525	-17.3863	52.185	7.37925
0.010584	-121.213	-17.4942	52.2431	6.67059
-0.243518	-121.792	-17.5849	52.2944	6.06827
-0.422937	-122.396	-17.6797	52.3456	5.45085
-0.642134	-123.043	-17.781	52.4003	4.79397
-0.821717	-123.668	-17.879	52.4529	4.16603
-0.986729	-124.276	-17.9743	52.5034	3.563
-1.09424	-124.893	-18.071	52.5534	2.95593
-1.16934	-125.519	-18.169	52.6036	2.34469
-1.26159	-126.151	-18.2681	52.6544	1.74547
-1.31582	-126.84	-18.376	52.7094	1.1205
-1.33973	-127.481	-18.4766	52.7601	0.64497
-1.34868	-128.131	-18.5784	52.8114	0.623717
-1.32696	-128.835	-18.6888	52.8672	13.9812
-1.28662	-129.47	-18.7883	52.9178	13.3478
-1.22633	-130.107	-18.8882	52.9685	12.7086
-1.13386	-130.75	-18.9889	53.0199	12.0599
-0.998234	-131.433	-19.0961	53.0756	11.3631
-0.874397	-132.083	-19.1979	53.1291	10.7019
-0.7201	-132.72	-19.2977	53.1825	10.0488
-0.506432	-133.376	-19.4006	53.2384	9.36861
-0.298703	-134.016	-19.5009	53.2936	8.70664
-0.062983	-134.649	-19.6	53.3487	8.05115
0.183101	-135.263	-19.6962	53.4035	7.41662
0.381873	-135.877	-19.7925	53.4562	6.7895
0.607026	-136.454	-19.8829	53.5074	6.20276
0.815775	-137.082	-19.9814	53.5622	5.57104
1.02451	-137.656	-20.0713	53.6124	5.00257
1.2306	-138.308	-20.1736	53.6679	4.36638
1.3873	-138.95	-20.2741	53.7217	3.75004
1.55181	-139.599	-20.3759	53.7756	3.14543
1.64875	-140.234	-20.4754	53.8275	2.5637
1.73352	-140.908	-20.581	53.882	1.97964
1.79515	-141.571	-20.6849	53.9352	1.4705
1.8235	-142.249	-20.7913	53.989	1.10033
1.83421	-142.909	-20.8947	54.041	1.06538
1.80977	-143.599	-21.0028	54.0957	14.1164
1.76953	-144.276	-21.1089	54.1495	13.444
1.70842	-144.915	-21.209	54.2008	12.8056
1.61097	-145.596	-21.3157	54.2556	12.1188
1.51357	-146.274	-21.4221	54.3104	11.4348
1.39547	-146.887	-21.5182	54.361	10.8104
1.24336	-147.492	-21.6129	54.4111	10.1875
1.05476	-148.149	-21.7158	54.4664	9.50653
0.872157	-148.78	-21.8147	54.5195	8.85233
0.680174	-149.382	-21.9092	54.5708	8.22468
0.465493	-149.974	-22.002	54.6224	7.60416
0.208823	-150.618	-22.1028	54.6781	6.9285
0.0085767	-151.226	-22.1982	54.7304	6.2982
-0.18681	-151.842	-22.2947	54.7822	5.66369
-0.383292	-152.446	-22.3894	54.8341	5.04354
-0.607534	-153.106	-22.4928	54.8896	4.3708
-0.800951	-153.785	-22.5992	54.9458	3.68788
-0.932632	-154.417	-22.6983	54.9977	3.05805
-1.03933	-155.048	-22.7971	55.0487	2.43657
-1.11455	-155.717	-22.9021	55.1024	1.78341
-1.16783	-156.372	-23.0047	55.1544	1.16006
-1.20207	-157.08	-23.1156	55.2104	0.562029
-1.20239	-157.759	-23.2221	55.2644	0.49394
-1.1732	-158.414	-23.3247	55.3161	14.0172
-1.11789	-159.077	-23.4287	55.3688	13.3528
-1.04196	-159.764	-23.5364	55.424	12.6618
-0.917462	-160.445	-23.6431	55.4792	11.97
-0.797387	-161.089	-23.7441	55.5314	11.3153
-0.659914	-161.697	-23.8394	55.5817	10.6941
-0.471553	-162.337	-23.9397	55.6357	10.0349
-0.299445	-162.979	-24.0402	55.69	9.37737
-0.113338	-163.595	-24.1368	55.7421	8.74415
0.0926448	-164.25	-24.2394	55.7979	8.073
0.300983	-164.866	-24.336	55.8518	7.44183
0.566318	-165.482	-24.4325	55.9074	6.81355
0.753042	-166.113	-24.5315	55.9618	6.17828
0.937007	-166.717	-24.6261	56.0132	5.57596
1.1279	-167.356	-24.7263	56.0675	4.94611
1.27169	-168.007	-24.8283	56.1214	4.31011
1.42237	-168.7	-24.9369	56.1783	3.64472
1.52076	-169.354	-25.0393	56.2312	3.02506
1.59329	-170.008	-25.142	56.2838	2.41689
1.64937	-170.655	-25.2433	56.3355	1.84347
1.67176	-171.341	-25.3508	56.3899	1.28991
1.665	-172.012	-25.456	56.4431	0.90906
1.62228	-172.658	-25.5573	56.4947	0.900461
1.56433	-173.338	-25.6638	56.549	13.9742
1.48428	-174.003	-25.768	56.6024	13.3052
1.36159	-174.682	-25.8745	56.658	12.6151
1.2121	-175.315	-25.9737	56.7107	11.9656
1.0666	-175.946	-26.0726	56.7634	11.3192
0.852162	-176.596	-26.1745	56.819	10.6434
0.690454	-177.2	-26.2691	56.8702	10.0224
0.507378	-177.809	-26.3646	56.9232	9.39273
0.31819	-178.405	-26.4579	56.9749	8.77727
0.0992933	-179.043	-26.5579	57.0308	8.11797
-0.0735672	-179.671	-26.6564	57.0843	7.47508
-0.305473	-180.268	-26.7499	57.1358	6.86056
-0.48786	-180.918	-26.8518	57.1901	6.20076
-0.669579	-181.554	-26.9515	57.244	5.55794
-0.86328	-182.202	-27.053	57.298	4.90931
-0.992494	-182.855	-27.1555	57.3511	4.25965
-1.11676	-183.486	-27.2543	57.4024	3.63846
-1.23039	-184.176	-27.3625	57.4576	2.96596
-1.30435	-184.828	-27.4647	57.5097	2.33723
-1.35292	-185.503	-27.5705	57.5636	1.69995
-1.36017	-186.177	-27.676	57.6173	1.08902
-1.36017	-186.9	-27.7894	57.6744	0.598409
-1.36017	-187.593	-27.898	57.7292	0.739063
-1.29621	-188.259	-28.0025	57.7827	13.8302
-1.21645	-188.883	-28.1002	57.8327	13.2019
-1.11599	-189.506	-28.1978	57.8831	12.571
-1.00291	-190.134	-28.2963	57.934	11.9323
-0.86288	-190.746	-28.3921	57.9842	11.3071
-0.656908	-191.395	-28.494	58.0392	10.6347
-0.504799	-192.032	-28.5937	58.0917	9.98381
-0.309496	-192.638	-28.6887	58.1436	9.35809
-0.110068	-193.242	-28.7833	58.195	8.73578
0.0874458	-193.869	-28.8816	58.2491	8.09235
0.306201	-194.443	-28.9716	58.3007	7.50349
0.532869	-195.087	-29.0725	58.3566	6.84824
0.731285	-195.694	-29.1677	58.4094	6.23616
0.905274	-196.309	-29.264	58.4617	5.62226
1.07041	-196.908	-29.3579	58.5125	5.02919
1.22964	-197.568	-29.4615	58.5671	4.38264
1.34498	-198.235	-29.566	58.6214	3.73474
1.44078	-198.895	-29.6695	58.675	3.10127
1.52338	-199.576	-29.776	58.7295	2.46292
1.57692	-200.243	-29.8807	58.7829	1.85688
1.60869	-200.869	-29.9788	58.8329	1.33399
1.62286	-201.532	-30.0827	58.8861	0.913924
1.60959	-202.186	-30.1852	58.9384	0.849111
1.5774	-202.865	-30.2916	58.9923	14.0859
1.52654	-203.522	-30.3946	59.045	13.4296
1.44058	-204.171	-30.4963	59.0972	12.7758
1.35103	-204.839	-30.601	59.1509	12.1027
1.2201	-205.517	-30.7072	59.2063	11.4121
1.08664	-206.151	-30.8066	59.2588	10.7645
0.9266	-206.791	-30.9069	59.3124	10.1066
0.750386	-207.419	-31.0054	59.3654	9.45753
0.56405	-208.035	-31.1019	59.4182	8.82013
0.391866	-208.638	-31.1965	59.4699	8.1975
0.196737	-209.217	-31.2871	59.5207	7.59765
-0.0318235	-209.859	-31.3878	59.5773	6.93217
-0.235594	-210.466	-31.483	59.6302	6.30762
-0.419212	-211.085	-31.5799	59.6832	5.67699
-0.595442	-211.692	-31.6751	59.7354	5.06065
-0.775717	-212.314	-31.7725	59.7872	4.43512
-0.922646	-212.963	-31.8742	59.8404	3.7881
-1.04117	-213.625	-31.9781	59.8943	3.13286
-1.14984	-214.255	-32.0768	59.9452	2.51818
-1.2535	-214.919	-32.1809	59.9986	1.88499
-1.31767	-215.603	-32.2881	60.0528	1.25727
-1.37093	-216.294	-32.3963	60.1085	0.730047
-1.39095	-216.965	-32.5015	60.1618	0.62927
-1.39189	-217.669	-32.6118	60.2175	14.0711
-1.36969	-218.389	-32.7247	60.2747	13.3564
-1.32063	-219.059	-32.8297	60.328	12.6876
-1.25495	-219.695	-32.9294	60.3787	12.0494
-1.18109	-220.327	-33.0284	60.4293	11.4147
-1.09305	-221.014	-33.1361	60.484	10.7228
-0.97906	-221.638	-33.2339	60.5346	10.0884
-0.821013	-222.262	-33.3318	60.5859	9.44592
-0.675137	-222.92	-33.4348	60.6398	8.77308
-0.497957	-223.516	-33.5283	60.69	8.15555
-0.316675	-224.156	-33.6286	60.7443	7.49517
-0.112554	-224.758	-33.723	60.7964	6.87069
0.0751637	-225.365	-33.8181	60.8478	6.24484
0.25588	-225.955	-33.9105	60.8979	5.63968
0.433269	-226.571	-34.0072	60.9507	5.00992
0.608418	-227.203	-34.1062	61.0044	4.36886
0.828768	-227.826	-34.2038	61.0582	3.74176
1.01145	-228.45	-34.3016	61.1106	3.12501
1.14875	-229.073	-34.3993	61.1627	2.51889
1.28051	-229.72	-34.5006	61.2158	1.9096
1.41347	-230.389	-34.6055	61.2706	1.32866
1.50209	-231.049	-34.709	61.3239	0.872872
1.56158	-231.686	-34.8088	61.3749	0.770721
1.60094	-232.317	-34.9076	61.4254	14.2736
1.62241	-232.992	-35.0134	61.4791	13.6125
1.61219	-233.644	-35.1156	61.531	12.9697
1.58285	-234.317	-35.2211	61.5845	12.3032
1.51658	-234.964	-35.3226	61.6369	11.655
1.44489	-235.651	-35.4302	61.6918	10.9684
1.33884	-236.279	-35.5286	61.7425	10.3317
1.19243	-236.929	-35.6305	61.7959	9.66525
1.0501	-237.572	-35.7313	61.8493	9.00716
0.909705	-238.237	-35.8355	61.9042	8.32735
0.708158	-238.851	-35.9317	61.9568	7.6858
0.529961	-239.466	-36.0282	62.0096	7.0472
0.356271	-240.041	-36.1183	62.0597	6.45005
0.157435	-240.623	-36.2094	62.1106	5.8433
-0.0337597	-241.242	-36.3064	62.1639	5.20198
-0.263718	-241.881	-36.4067	62.2194	4.53757
-0.432369	-242.563	-36.5136	62.2772	3.8413
-0.611482	-243.163	-36.6075	62.3282	3.22967
-0.757232	-243.83	-36.712	62.3827	2.5577
-0.890748	-244.474	-36.813	62.4352	1.9155
-1.01067	-245.097	-36.9107	62.486	1.30677
-1.1234	-245.751	-37.0132	62.5385	0.713474
-1.1974	-246.442	-37.1216	62.5933	0.401271
-1.25705	-247.128	-37.229	62.6479	14.2279
-1.28598	-247.79	-37.3327	62.7007	13.5774
-1.28893	-248.424	-37.4321	62.7509	12.9519
-1.26169	-249.134	-37.5433	62.8073	12.2473
-1.2016	-249.821	-37.6511	62.8621	11.5596
-1.12575	-250.466	-37.7522	62.9138	10.9115
-1.02854	-251.092	-37.8503	62.9643	10.2777
-0.860794	-251.768	-37.9563	63.0195	9.58286
-0.707904	-252.386	-38.0531	63.0709	8.94834
-0.528108	-252.976	-38.1455	63.1211	8.33677
-0.343355	-253.629	-38.248	63.1758	7.66259
-0.116585	-254.211	-38.3391	63.2264	7.05515
0.0399581	-254.817	-38.4341	63.2777	6.43448
0.273747	-255.41	-38.5271	63.3306	5.81956
0.494458	-255.999	-38.6194	63.3834	5.21573
0.75542	-256.612	-38.7155	63.4382	4.59406
0.945772	-257.219	-38.8106	63.4911	3.98975
1.14508	-257.82	-38.9048	63.5435	3.40368
1.31186	-258.464	-39.0058	63.5975	2.78919
1.44706	-259.077	-39.1018	63.6477	2.22518
1.5457	-259.726	-39.2035	63.7007	1.65737
1.62051	-260.386	-39.3069	63.7538	1.16039
1.68399	-261.081	-39.4159	63.8092	0.892767
1.70458	-261.737	-39.5187	63.8615	1.04894
1.69514	-262.386	-39.6205	63.9133	13.8653
1.65594	-263.02	-39.7198	63.9639	13.2349
1.57314	-263.687	-39.8243	64.0173	12.5647
1.47669	-264.32	-39.9235	64.0688	11.9248
1.35915	-264.969	-40.0253	64.1219	11.2648
1.22282	-265.618	-40.127	64.1757	10.6017
1.03851	-266.23	-40.223	64.2277	9.96582
0.834257	-266.834	-40.3175	64.2794	9.33568
0.621744	-267.424	-40.4101	64.3318	8.71749
0.43302	-268.041	-40.5067	64.385	8.07887
0.151999	-268.67	-40.6054	64.4417	7.41628
-0.0480361	-269.289	-40.7023	64.4955	6.77808
-0.287774	-269.916	-40.8006	64.5508	6.13035
-0.476596	-270.499	-40.892	64.6019	5.53537
-0.669488	-271.08	-40.9831	64.6528	4.94676
-0.837765	-271.681	-41.0772	64.7041	4.34465
-1.01857	-272.316	-41.1768	64.7575	3.71511
-1.14961	-272.925	-41.2722	64.808	3.11996
-1.25438	-273.575	-41.3741	64.8609	2.49188
-1.3495	-274.204	-41.4727	64.9115	1.90188
-1.41651	-274.883	-41.5791	64.9653	1.29786
-1.44929	-275.536	-41.6814	65.0171	0.813168
-1.44929	-276.261	-41.7951	65.0743	0.69077
-1.44929	-276.926	-41.8993	65.1269	14.0989
-1.44929	-277.628	-42.0094	65.1824	13.4059
-1.40976	-278.297	-42.1142	65.236	12.74
-1.32429	-278.985	-42.222	65.2912	12.0481
-1.21195	-279.608	-42.3197	65.3416	11.4148
-1.10567	-280.278	-42.4247	65.3959	10.7367
-0.952528	-280.888	-42.5203	65.4467	10.109
-0.782049	-281.522	-42.6196	65.499	9.4558
-0.599448	-282.19	-42.7243	65.5547	8.76657
-0.414463	-282.805	-42.8207	65.6067	8.13073
-0.186425	-283.451	-42.922	65.6627	7.45876
0.0084311	-284.073	-43.0194	65.7156	6.8175
0.262987	-284.671	-43.1132	65.7682	6.19623
0.466226	-285.32	-43.2148	65.824	5.53467
0.717197	-285.941	-43.3122	65.8789	4.9042
0.923443	-286.547	-43.4072	65.9317	4.29929
1.0777	-287.155	-43.5025	65.9825	3.69968
1.21777	-287.792	-43.6024	66.0359	3.08031
1.36422	-288.434	-43.703	66.089	2.47538
1.46012	-289.111	-43.809	66.1438	1.85504
1.5441	-289.8	-43.917	66.1991	1.28234
1.58746	-290.486	-44.0245	66.2535	0.865244
1.60445	-291.142	-44.1274	66.3058	0.857917
1.59156	-291.829	-44.235	66.3602	14.0396
1.55464	-292.489	-44.3385	66.4129	13.3833
1.49232	-293.117	-44.437	66.4634	12.7537
1.40245	-293.759	-44.5376	66.5154	12.1062
1.27345	-294.409	-44.6394	66.5685	11.444
1.13055	-295.06	-44.7415	66.6225	10.7774
0.982785	-295.665	-44.8364	66.6738	10.1555
0.781928	-296.307	-44.9369	66.7285	9.48905
0.610907	-296.954	-45.0383	66.7831	8.82268
0.409128	-297.537	-45.1296	66.8336	8.21614
0.217933	-298.152	-45.226	66.8869	7.58007
-0.0427655	-298.704	-45.3126	66.9377	7.00024
-0.238149	-299.352	-45.4142	66.9933	6.33575
-0.48057	-299.992	-45.5145	67.049	5.68004
-0.658322	-300.577	-45.6061	67.0997	5.08828
-0.816075	-301.18	-45.7006	67.1506	4.48334
-0.971973	-301.828	-45.8023	67.2053	3.83869
-1.1252	-302.488	-45.9057	67.2596	3.19163
-1.22281	-303.138	-46.0075	67.3123	2.56051
-1.29926	-303.831	-46.1162	67.3682	1.89875
-1.35698	-304.504	-46.2216	67.422	1.28643
-1.37778	-305.196	-46.3301	67.4769	0.743013
-1.36992	-305.823	-46.4284	67.5269	0.591953
-1.33706	-306.467	-46.5294	67.5779	14.1768
-1.26352	-307.125	-46.6324	67.6302	13.5162
-1.18459	-307.785	-46.7359	67.6828	12.8515
-1.0848	-308.455	-46.8409	67.737	12.1739
-0.935665	-309.113	-46.9441	67.7915	11.5007
-0.760396	-309.714	-47.0382	67.842	10.8811
-0.592925	-310.319	-47.1331	67.893	10.2582
-0.420122	-310.968	-47.2347	67.9476	9.59259
-0.196327	-311.592	-47.3325	68.0023	8.946
0.00816404	-312.227	-47.432	68.0562	8.29341
0.220386	-312.827	-47.5261	68.1083	7.67706
0.448763	-313.453	-47.6243	68.1617	7.0377
0.66034	-314.032	-47.715	68.2123	6.45168
0.844188	-314.639	-47.8101	68.2637	5.84383
1.03418	-315.279	-47.9104	68.3176	5.20873
1.21559	-315.93	-48.0124	68.3722	4.57157
1.35777	-316.583	-48.1147	68.4262	3.93944
1.50209	-317.23	-48.2162	68.4796	3.32754
1.59351	-317.884	-48.3188	68.5325	2.71641
1.65552	-318.56	-48.4247	68.5867	2.10375
1.70422	-319.213	-48.5271	68.6389	1.55818
1.7152	-319.899	-48.6345	68.6933	1.08542
1.69681	-320.535	-48.7342	68.7435	0.898374
1.65637	-321.193	-48.8374	68.796	14.3206
1.57604	-321.861	-48.942	68.8495	13.6488
1.48079	-322.52	-49.0453	68.9027	12.9836
1.35799	-323.163	-49.146	68.9554	12.3291
1.22639	-323.782	-49.2431	69.0068	11.6966
1.06905	-324.373	-49.3357	69.057	11.0875
0.893004	-324.984	-49.4314	69.1094	10.4559
0.668017	-325.604	-49.5286	69.1633	9.80848
0.44973	-326.196	-49.6215	69.2161	9.19086
0.227677	-326.75	-49.7082	69.2667	8.61353
-0.0350062	-327.353	-49.8028	69.3217	7.9854
-0.270813	-327.982	-49.9014	69.3779	7.33838
-0.52069	-328.598	-49.998	69.4326	6.70885
-0.727522	-329.206	-50.0932	69.4856	6.0962
-0.912823	-329.816	-50.1889	69.5381	5.48618
-1.10192	-330.428	-50.2847	69.5895	4.88297
-1.24932	-331.074	-50.3861	69.6431	4.25083
-1.34938	-331.742	-50.4907	69.6979	3.60132
-1.46145	-332.367	-50.5887	69.7488	3.00768
-1.51857	-333.061	-50.6974	69.8045	2.35292
-1.51857	-333.71	-50.7991	69.856	1.74639
-1.51857	-334.348	-50.8992	69.9072	1.19379
-1.51857	-335.003	-51.0017	69.9592	0.778303
-1.51857	-335.669	-51.1062	70.0122	0.807218
-1.46282	-336.316	-51.2075	70.0647	13.9892
-1.38596	-336.965	-51.3092	70.1169	13.3363
-1.26727	-337.601	-51.409	70.169	12.6889
-1.13412	-338.275	-51.5146	70.2242	12.0022
-0.965326	-338.947	-51.6199	70.2798	11.3121
-0.800373	-339.584	-51.7198	70.3333	10.6573
-0.631474	-340.228	-51.8207	70.3874	9.99555
-0.364643	-340.855	-51.919	70.4432	9.3382
-0.123395	-341.429	-52.009	70.4945	8.74008
0.0863208	-342.031	-52.1033	70.5469	8.12066
0.3237	-342.665	-52.2027	70.6026	7.47058
0.524977	-343.317	-52.3049	70.6591	6.80869
0.771898	-343.97	-52.4072	70.7151	6.15039
0.958077	-344.565	-52.5004	70.7657	5.55825
1.13459	-345.162	-52.594	70.8163	4.9698
1.30165	-345.794	-52.6931	70.8688	4.35525
1.46299	-346.463	-52.798	70.9241	3.71687
1.57481	-347.139	-52.9038	70.9788	3.08107
1.65793	-347.777	-53.0039	71.0303	2.49561
1.70684	-348.45	-53.1094	71.0839	1.90053
1.73202	-349.132	-53.2162	71.1379	1.35866
1.73012	-349.787	-53.319	71.1903	0.987986
1.69849	-350.481	-53.4277	71.2455	0.968264
1.64393	-351.145	-53.5317	71.2984	14.0098
1.54162	-351.824	-53.6382	71.3531	13.323
1.4425	-352.456	-53.7372	71.4044	12.6839
1.30397	-353.115	-53.8405	71.4587	12.0109
1.14282	-353.768	-53.9428	71.513	11.3396
0.973631	-354.376	-54.0382	71.5646	10.7116
0.791754	-354.973	-54.1317	71.6162	10.0931
0.593441	-355.538	-54.2203	71.6663	9.50443
0.410548	-356.133	-54.3136	71.718	8.88918
0.137765	-356.696	-54.4017	71.7699	8.29739
-0.0900922	-357.304	-54.497	71.8243	7.66888
-0.298564	-357.909	-54.5918	71.8764	7.04899
-0.525701	-358.51	-54.6861	71.9293	6.43578
-0.719823	-359.111	-54.7803	71.9806	5.82895
-0.902733	-359.724	-54.8763	72.0332	5.21686
-1.06282	-360.353	-54.9749	72.0862	4.59422
-1.24606	-361.022	-55.0798	72.1421	3.94328
-1.35265	-361.637	-55.1762	72.1925	3.34877
-1.44275	-362.27	-55.2754	72.2439	2.74578
-1.50542	-362.947	-55.3814	72.2986	2.11425
-1.53862	-363.613	-55.4858	72.3516	1.51895
-1.53862	-364.245	-55.5849	72.4019	1.0142
-1.53862	-364.888	-55.6857	72.4533	0.74042
-1.53862	-365.521	-55.7849	72.5037	0.939873
-1.5031	-366.177	-55.8877	72.5566	13.7761
-1.41444	-366.852	-55.9935	72.6108	13.0958
-1.31771	-367.478	-56.0916	72.6617	12.4626
-1.20076	-368.107	-56.1901	72.7135	11.8229
-1.04758	-368.741	-56.2896	72.7664	11.1714
-0.905362	-369.36	-56.3865	72.818	10.5381
-0.688665	-370.004	-56.4876	72.874	9.86758
-0.500206	-370.606	-56.5819	72.9268	9.24487
-0.29115	-371.188	-56.673	72.9785	8.6404
-0.0815482	-371.773	-56.7648	73.029	8.03456
0.176652	-372.355	-56.856	73.0806	7.43019
0.378608	-372.969	-56.9522	73.1343	6.80313
0.577268	-373.574	-57.047	73.1863	6.18907
0.811307	-374.14	-57.1358	73.2365	5.619
1.02037	-374.764	-57.2337	73.2897	4.99927
1.18114	-375.362	-57.3273	73.3399	4.41346
1.35653	-375.964	-57.4216	73.3907	3.83557
1.48482	-376.611	-57.523	73.4437	3.22185
1.60123	-377.268	-57.626	73.4972	2.617
1.68842	-377.924	-57.7288	73.55	2.03888
1.73441	-378.591	-57.8335	73.6035	1.49542
1.75696	-379.267	-57.9393	73.6571	1.07613
1.7524	-379.957	-58.0474	73.7118	0.972697
1.72039	-380.598	-58.1479	73.7633	14.2051
1.66653	-381.298	-58.2576	73.8189	13.5073
1.56419	-381.988	-58.3657	73.8746	12.8102
1.4663	-382.653	-58.4701	73.9287	12.1378
1.30349	-383.289	-58.5697	73.9818	11.483
1.13344	-383.932	-58.6706	74.0359	10.8195
0.926864	-384.569	-58.7703	74.0902	10.1568
0.731927	-385.175	-58.8652	74.1432	9.52711
0.535918	-385.764	-58.9576	74.1948	8.91466
0.330809	-386.342	-59.0482	74.2462	8.31293
0.110533	-386.919	-59.1387	74.2982	7.71254
-0.144228	-387.481	-59.2267	74.35	7.12737
-0.386778	-388.055	-59.3166	74.4025	6.53621
-0.586872	-388.646	-59.4093	74.4541	5.93599
-0.764359	-389.293	-59.5107	74.51	5.28485
-0.969326	-389.885	-59.6035	74.5604	4.69565
-1.10787	-390.518	-59.7028	74.613	4.07114
-1.24516	-391.13	-59.7986	74.6642	3.47671
-1.34955	-391.75	-59.8958	74.7144	2.8806
-1.42656	-392.373	-59.9934	74.7646	2.29237
-1.45381	-393.004	-60.0923	74.815	1.70437
-1.45381	-393.671	-60.1969	74.8683	1.11795
-1.45381	-394.328	-60.2999	74.9205	0.699838
-1.45381	-394.957	-60.3985	74.9707	0.756071
-1.40443	-395.587	-60.4972	75.0218	13.985
-1.32923	-396.225	-60.5972	75.0731	13.3431
-1.242	-396.862	-60.697	75.1248	12.7003
-1.10777	-397.475	-60.793	75.175	12.074
-0.996222	-398.097	-60.8906	75.2261	11.4419
-0.840695	-398.708	-60.9863	75.2775	10.8143
-0.648413	-399.347	-61.0865	75.3319	10.154
-0.459469	-399.964	-61.1832	75.385	9.51684
-0.204416	-400.591	-61.2815	75.4417	8.86301
0.0223665	-401.17	-61.3722	75.4938	8.2639
0.253789	-401.726	-61.4593	75.5445	7.69059
0.46086	-402.332	-61.5544	75.5989	7.07283
0.697036	-402.966	-61.6537	75.6546	6.43201
0.894202	-403.583	-61.7504	75.7082	5.8147
1.05982	-404.179	-61.8439	75.7585	5.22415
1.21462	-404.809	-61.9426	75.8107	4.60625
1.37161	-405.436	-62.0408	75.8624	4.00233
1.47846	-406.067	-62.1397	75.9134	3.39843
1.56193	-406.699	-62.2387	75.9641	2.80387
1.62	-407.342	-62.3396	76.0152	2.21224
1.65045	-408.016	-62.4451	76.0687	1.62221
1.65995	-408.677	-62.5488	76.1212	1.12145
1.629	-409.357	-62.6554	76.1751	0.829965
1.58169	-410.023	-62.7598	76.2285	1.00159
1.48547	-410.692	-62.8646	76.2824	13.7161
1.3867	-411.31	-62.9615	76.3329	13.09
1.25436	-411.934	-63.0594	76.3843	12.4521
1.09574	-412.588	-63.1618	76.4387	11.7816
0.937007	-413.217	-63.2604	76.4908	11.135
0.705576	-413.844	-63.3587	76.5454	10.4804
0.499224	-414.44	-63.452	76.598	9.86202
0.296579	-415.017	-63.5425	76.648	9.26416
0.0791372	-415.596	-63.6333	76.6999	8.66444
-0.211606	-416.198	-63.7275	76.7553	8.03975
-0.421268	-416.781	-63.819	76.8072	7.44418
-0.639906	-417.396	-63.9154	76.8616	6.82155
-0.840763	-418.025	-64.014	76.9159	6.19075
-1.01279	-418.662	-64.1138	76.9705	5.55791
-1.18436	-419.268	-64.2087	77.0219	4.96324
-1.30697	-419.92	-64.3109	77.0754	4.32601
-1.41104	-420.565	-64.412	77.1279	3.70181
-1.47915	-421.216	-64.5141	77.1803	3.07583
-1.47915	-421.908	-64.6224	77.2354	2.40624
-1.47915	-422.574	-64.727	77.2883	1.77657
-1.47915	-423.279	-64.8374	77.3446	1.15694
-1.47915	-423.957	-64.9437	77.3987	0.726681
-1.47915	-424.646	-65.0516	77.4537	0.803733
-1.47915	-425.357	-65.163	77.5102	13.8673
-1.45189	-425.986	-65.2616	77.5607	13.2426
-1.38431	-426.609	-65.3594	77.6111	12.6164
-1.25555	-427.227	-65.4562	77.6619	11.986
-1.12417	-427.876	-65.5578	77.7153	11.3245
-0.983617	-428.527	-65.6599	77.7692	10.6587
-0.784233	-429.133	-65.7549	77.8213	10.028
-0.589228	-429.782	-65.8567	77.8778	9.35685
-0.354667	-430.404	-65.9541	77.9323	8.70806
-0.137915	-430.968	-66.0424	77.9831	8.12205
0.0691739	-431.577	-66.1379	78.0377	7.49434
0.319895	-432.135	-66.2254	78.0897	6.91716
0.593717	-432.713	-66.3161	78.1447	6.32529
0.792948	-433.323	-66.4117	78.1989	5.71198
0.979624	-433.897	-66.5015	78.249	5.14193
1.16764	-434.487	-66.5941	78.3004	4.56296
1.3247	-435.112	-66.692	78.3521	3.95809
1.47201	-435.814	-66.8021	78.4095	3.29027
1.56188	-436.443	-66.9006	78.4602	2.7019
1.63048	-437.073	-66.9994	78.5105	2.13039
1.68402	-437.78	-67.1101	78.5668	1.5357
1.70453	-438.417	-67.2101	78.6172	1.09548
1.70196	-439.084	-67.3145	78.6702	0.903264
1.6622	-439.742	-67.4176	78.7226	0
1.60274	-440.412	-67.5227	78.7761	0
1.52795	-441.07	-67.6258	78.8289	0
1.41074	-441.747	-67.732	78.8842	0
1.27998	-442.412	-67.8361	78.9388	0
1.13265	-443.039	-67.9345	78.9904	0
0.972869	-443.664	-68.0323	79.0422	0
0.768945	-444.263	-68.1263	79.0934	0
0.629321	-444.871	-68.2215	79.1442	0
0.408483	-445.525	-68.3241	79.2003	0
0.205966	-446.111	-68.4158	79.2507	0
-0.013546	-446.731	-68.5131	79.3043	0
-0.177015	-447.385	-68.6156	79.3592	0
-0.349649	-448.002	-68.7122	79.412	0
-0.530982	-448.636	-68.8117	79.4655	0
-0.677422	-449.288	-68.9138	79.5196	0
-0.812638	-449.901	-69.0099	79.5705	0
-0.941528	-450.582	-69.1166	79.626	0
-1.03171	-451.218	-69.2163	79.677	0
-1.09376	-451.898	-69.323	79.7314	0
