x	y	z	t
0.441708	421.428	69.1329	2.9581
0.436517	420.769	68.7086	3.01026
0.435228	420.247	68.6272	3.06603
0.43406	419.774	68.5539	3.11629
0.432942	419.274	68.4766	3.16948
0.431635	418.784	68.4008	3.22184
0.430346	418.278	68.3228	3.27558
0.427875	417.778	68.2453	3.32872
0.428002	417.296	68.1705	3.38006
0.428219	416.814	68.0953	3.43132
0.427236	416.305	68.016	3.48522
0.424122	415.809	67.9388	3.53833
0.423113	415.277	67.856	3.59509
0.420101	414.796	67.7817	3.6464
0.4154	414.265	67.7006	3.70309
0.407557	413.742	67.6218	3.75885
0.399982	413.219	67.5448	3.81525
0.387894	412.696	67.468	3.87119
0.373787	412.186	67.3915	3.9265
0.358146	411.648	67.3092	3.98421
0.338482	411.13	67.2286	4.04011
0.320762	410.631	67.1515	4.0933
0.302129	410.156	67.0778	4.14425
0.27977	409.637	66.9974	4.20009
0.259259	409.107	66.9145	4.25691
0.240604	408.604	66.8365	4.31032
0.223752	408.122	66.7626	4.36162
0.204971	407.599	66.6818	4.41751
0.188203	407.07	66.6005	4.47401
0.169739	406.551	66.5194	4.52936
0.154777	406.044	66.4393	4.58358
0.138773	405.567	66.3639	4.63421
0.122384	405.089	66.288	4.68509
0.102963	404.58	66.2074	4.73955
0.0857576	404.059	66.1252	4.79514
0.0650861	403.522	66.0406	4.85229
0.0437533	402.988	65.9559	4.90919
0.0271983	402.5	65.8779	4.96088
0.0123052	402.021	65.8013	5.01173
-0.00512803	401.501	65.7182	5.0671
-0.0164673	401.029	65.643	5.11758
-0.0271438	400.557	65.5682	5.16787
-0.0330012	400.07	65.4907	5.21991
-0.0408103	399.554	65.4092	5.27503
-0.0491217	399.043	65.3279	5.33012
-0.0550005	398.547	65.2498	5.38357
-0.0681226	398.044	65.171	5.43768
-0.0692749	397.513	65.0878	5.49454
-0.0793724	397.016	65.0089	5.54796
-0.0858001	396.543	64.934	5.5988
-0.0886837	396.043	64.8557	5.65197
-0.0939848	395.545	64.7786	5.70492
-0.102866	395.017	64.6962	5.76105
-0.109788	394.512	64.6155	5.81493
-0.119748	394.015	64.5354	5.86793
-0.124321	393.526	64.4548	5.92026
-0.13223	393.053	64.3773	5.97043
-0.138421	392.534	64.2925	6.02624
-0.148482	392.042	64.2124	6.07887
-0.156159	391.567	64.1342	6.12973
-0.164326	391.092	64.0551	6.18044
-0.172502	390.578	63.9706	6.23571
-0.184106	390.065	63.8868	6.29028
-0.194496	389.555	63.8051	6.34458
-0.203654	389.085	63.73	6.39487
-0.212149	388.554	63.6447	6.4517
-0.217735	388.05	63.564	6.50526
-0.222672	387.533	63.4819	6.56046
-0.226424	387.017	63.4002	6.61598
-0.230833	386.525	63.3219	6.66847
-0.232496	386.044	63.2453	6.71979
-0.232904	385.542	63.1656	6.77335
-0.234061	385.069	63.0906	6.82382
-0.234953	384.579	63.0127	6.8759
-0.23419	384.053	62.9288	6.93209
-0.234553	383.529	62.8447	6.98821
-0.233288	383.01	62.7604	7.04372
-0.234074	382.537	62.6838	7.09421
-0.23819	382.009	62.5997	7.15035
-0.242001	381.488	62.5203	7.2058
-0.246501	380.977	62.4434	7.26091
-0.249637	380.502	62.3707	7.31153
-0.251697	379.974	62.2905	7.36795
-0.256199	379.496	62.2198	7.41931
-0.265478	378.963	62.1417	7.47632
-0.276185	378.441	62.0653	7.53177
-0.285546	377.949	61.9922	7.58343
-0.296681	377.465	61.9197	7.63444
-0.310592	376.939	61.8394	7.69034
-0.322858	376.415	61.7579	7.74569
-0.338155	375.898	61.6775	7.80045
-0.350393	375.394	61.5982	7.85396
-0.36248	374.854	61.5127	7.91114
-0.373913	374.349	61.4344	7.96503
-0.377342	373.854	61.3605	8.01805
-0.387928	373.349	61.2873	8.07222
-0.391578	372.861	61.2145	8.12447
-0.390188	372.352	61.1369	8.17912
-0.38981	371.861	61.0621	8.23143
-0.385283	371.345	60.9823	8.28661
-0.377416	370.814	60.8984	8.34305
-0.370273	370.343	60.8228	8.39322
-0.363653	369.848	60.7419	8.44541
-0.357469	369.336	60.6576	8.49984
-0.352495	368.84	60.5743	8.55293
-0.349473	368.336	60.4916	8.60686
-0.350469	367.834	60.4097	8.66036
-0.348349	367.324	60.3275	8.71445
-0.354761	366.818	60.2469	8.76841
-0.356492	366.316	60.1671	8.82217
-0.36389	365.814	60.0871	8.8758
-0.376887	365.308	60.0067	8.93016
-0.388768	364.823	59.9293	8.98167
-0.414183	364.286	59.8437	9.03866
-0.431996	363.777	59.7625	9.09274
-0.454302	363.302	59.686	9.14391
-0.477476	362.808	59.6069	9.19654
-0.50623	362.293	59.5251	9.25157
-0.52943	361.79	59.4459	9.30546
-0.551861	361.304	59.3714	9.35777
-0.574876	360.779	59.2919	9.41429
-0.59732	360.258	59.2121	9.47067
-0.605004	359.784	59.1384	9.52128
-0.620341	359.243	59.0531	9.57889
-0.628611	358.756	58.9754	9.63066
-0.632112	358.274	58.8971	9.68232
-0.638843	357.778	58.8166	9.73505
-0.646497	357.286	58.7367	9.78744
-0.658458	356.775	58.6538	9.84167
-0.669517	356.282	58.5752	9.89405
-0.684036	355.794	58.4975	9.94616
-0.69987	355.319	58.4225	9.99665
-0.72071	354.809	58.3419	10.0506
-0.74102	354.32	58.2652	10.1025
-0.762514	353.802	58.1833	10.1578
-0.788028	353.288	58.1016	10.2127
-0.808856	352.773	58.0209	10.2675
-0.834058	352.241	57.9385	10.3244
-0.855509	351.713	57.8577	10.381
-0.876184	351.231	57.7832	10.4326
-0.892659	350.727	57.705	10.4867
-0.911055	350.207	57.6235	10.5427
-0.926162	349.682	57.5414	10.5989
-0.938297	349.143	57.4561	10.6563
-0.945744	348.617	57.3734	10.7124
-0.947402	348.099	57.2911	10.7679
-0.94422	347.584	57.2114	10.8232
-0.943251	347.06	57.1301	10.8795
-0.932477	346.542	57.0478	10.9352
-0.928151	346.048	56.9692	10.9887
-0.919025	345.546	56.8873	11.043
-0.915179	345.051	56.8056	11.0963
-0.913897	344.538	56.7216	11.1515
-0.912384	344.03	56.6395	11.2064
-0.913548	343.509	56.5559	11.2627
-0.913661	342.998	56.475	11.3176
-0.911304	342.479	56.3929	11.3734
-0.909881	341.96	56.3112	11.4292
-0.904935	341.426	56.226	11.4864
-0.899175	340.897	56.1419	11.543
-0.894686	340.387	56.0614	11.5978
-0.891053	339.873	55.9787	11.6527
-0.888863	339.352	55.8951	11.7087
-0.886769	338.837	55.8105	11.7643
-0.885119	338.336	55.7294	11.8179
-0.883273	337.853	55.6519	11.8698
-0.881678	337.346	55.5705	11.9245
-0.880898	336.85	55.4915	11.9778
-0.879292	336.346	55.4121	12.032
-0.876933	335.833	55.3321	12.087
-0.873909	335.326	55.2532	12.1414
-0.869512	334.82	55.174	12.1959
-0.865803	334.315	55.0946	12.2501
-0.860717	333.792	55.0136	12.306
-0.856166	333.283	54.9348	12.36
-0.850056	332.794	54.8588	12.4123
-0.844287	332.318	54.7846	12.4629
-0.838037	331.827	54.7079	12.5149
-0.831659	331.329	54.6305	12.5678
-0.825836	330.843	54.5558	12.6194
-0.819194	330.306	54.4728	12.6764
-0.815471	329.83	54.399	12.7266
-0.810709	329.296	54.3141	12.7831
-0.804827	328.762	54.2296	12.8397
-0.806379	328.263	54.1506	12.8922
-0.805847	327.785	54.0762	12.9428
-0.805836	327.258	53.9949	12.9989
-0.801118	326.758	53.9172	13.052
-0.802391	326.269	53.8439	13.104
-0.797834	325.771	53.7688	13.1571
-0.793254	325.301	53.698	13.2076
-0.786292	324.824	53.6277	13.2588
-0.77638	324.352	53.5611	13.3092
-0.755283	323.868	53.4932	13.3614
-0.742334	323.389	53.4258	13.4125
-0.717134	322.863	53.3464	13.4687
-0.69562	322.353	53.2679	13.5231
-0.671013	321.836	53.189	13.5784
-0.639356	321.305	53.1091	13.635
-0.606968	320.787	53.0299	13.6903
-0.579194	320.307	52.956	13.7414
-0.551149	319.795	52.8772	13.7959
-0.516658	319.263	52.7948	13.8524
-0.487688	318.757	52.7155	13.9062
-0.460147	318.269	52.6385	13.9578
-0.433583	317.79	52.5625	14.0083
-0.401588	317.269	52.4787	14.0634
-0.371424	316.744	52.3936	14.1191
-0.353598	316.266	52.316	14.1695
-0.323489	315.739	52.2284	14.2257
-0.293317	315.23	52.1442	14.2798
-0.274716	314.718	52.0615	14.3341
-0.255695	314.219	51.9835	14.3874
-0.23567	313.728	51.9068	14.44
-0.222157	313.186	51.8206	14.4981
-0.205063	312.677	51.7373	14.5526
-0.192614	312.177	51.6561	14.6057
-0.176476	311.645	51.5714	14.6624
-0.165458	311.134	51.4941	14.7171
-0.156098	310.656	51.4243	14.7681
-0.149439	310.183	51.3575	14.8187
-0.145747	309.67	51.2826	14.8738
-0.145103	309.167	51.2034	14.9281
-0.142667	308.638	51.1173	14.9849
-0.141151	308.165	51.0405	15.0352
-0.140017	307.649	50.9593	15.0902
-0.143242	307.144	50.8822	15.1442
-0.146417	306.654	50.8084	15.1964
-0.152299	306.157	50.7326	15.2494
-0.151488	305.651	50.6544	15.3037
-0.152974	305.132	50.5727	15.3594
-0.159273	304.634	50.4928	15.4128
-0.159496	304.128	50.411	15.467
-0.165025	303.622	50.3291	15.5212
-0.166792	303.107	50.2453	15.5763
-0.17424	302.585	50.1622	15.6322
-0.177929	302.084	50.0837	15.686
-0.187396	301.569	50.0045	15.7412
-0.189817	301.071	49.9277	15.7948
-0.191603	300.568	49.8509	15.8487
-0.193215	300.044	49.7708	15.9052
-0.192042	299.57	49.6971	15.956
-0.192625	299.048	49.6141	16.0123
-0.18176	298.522	49.5295	16.0686
-0.174594	298.055	49.4544	16.1187
-0.171092	297.558	49.3751	16.172
-0.162109	297.029	49.2914	16.2287
-0.159501	296.507	49.2104	16.2848
-0.15997	296.037	49.1383	16.3353
-0.163086	295.574	49.068	16.3854
-0.168548	295.061	48.9897	16.4402
-0.175698	294.561	48.9133	16.4937
-0.183393	294.029	48.8306	16.5504
-0.190007	293.486	48.7462	16.6084
-0.197666	292.975	48.6664	16.6628
-0.20345	292.486	48.5889	16.7145
-0.208053	292.008	48.5131	16.765
-0.211536	291.49	48.4307	16.8202
-0.216803	290.968	48.3488	16.876
-0.220947	290.466	48.271	16.93
-0.223081	289.988	48.1978	16.9808
-0.233635	289.482	48.121	17.0349
-0.239264	288.976	48.044	17.0895
-0.23958	288.485	47.9695	17.142
-0.249992	287.971	47.8921	17.197
-0.253806	287.486	47.8182	17.2487
-0.2568	286.962	47.7385	17.3046
-0.24999	286.432	47.6565	17.3612
-0.254775	285.919	47.5766	17.4161
-0.249597	285.445	47.5004	17.4669
-0.236673	284.924	47.4168	17.5227
-0.230853	284.415	47.3337	17.577
-0.217493	283.905	47.2505	17.6313
-0.208636	283.405	47.1698	17.6842
-0.195223	282.913	47.0903	17.7366
-0.179264	282.439	47.0132	17.7866
-0.160211	281.933	46.9292	17.8403
-0.143537	281.427	46.8407	17.8938
-0.126786	280.915	46.7518	17.948
-0.107323	280.413	46.6636	18.0013
-0.0994844	279.909	46.5753	18.0546
-0.0911604	279.439	46.496	18.1047
-0.0851848	278.933	46.4128	18.1589
-0.0814474	278.439	46.3305	18.2116
-0.0785681	277.895	46.2386	18.2691
-0.0737996	277.37	46.1505	18.3246
-0.0682872	276.865	46.0676	18.3784
-0.0667731	276.371	45.9877	18.4309
-0.0585372	275.877	45.9055	18.4836
-0.0514812	275.397	45.8245	18.5348
-0.045972	274.903	45.7419	18.5876
-0.0441603	274.397	45.6597	18.6415
-0.0421345	273.908	45.582	18.6943
-0.0453341	273.426	45.5076	18.7462
-0.0472051	272.929	45.4327	18.8
-0.0535223	272.461	45.3641	18.8507
-0.0546438	271.946	45.2905	18.9063
-0.0582486	271.441	45.2182	18.9608
-0.0602768	270.945	45.1467	19.0144
-0.0616213	270.454	45.0718	19.0675
-0.0656261	269.947	44.9953	19.122
-0.0623606	269.467	44.9245	19.174
-0.0632494	268.935	44.8447	19.2315
-0.0603416	268.414	44.7667	19.2876
-0.0579366	267.895	44.6883	19.3433
-0.0486466	267.385	44.6122	19.3981
-0.0428388	266.921	44.5432	19.4482
-0.0372225	266.453	44.473	19.4988
-0.0350389	265.96	44.3984	19.552
-0.0264947	265.439	44.3178	19.6079
-0.0209213	264.97	44.2435	19.6584
-0.0150457	264.448	44.159	19.7144
-0.0111684	263.956	44.0779	19.7671
-0.00877148	263.435	43.9919	19.8228
-0.00609538	262.9	43.9045	19.8797
-0.00607669	262.429	43.8288	19.93
-0.00731409	261.931	43.7494	19.9832
-0.0127142	261.419	43.67	20.0381
-0.0154621	260.952	43.5987	20.0882
-0.0151571	260.446	43.5223	20.1425
-0.0208909	259.947	43.4468	20.1962
-0.0219129	259.44	43.3699	20.2509
-0.0206891	258.938	43.2952	20.3049
-0.0178515	258.439	43.221	20.3585
-0.017549	257.943	43.1473	20.4119
-0.0146826	257.436	43.0739	20.4661
-0.00284322	256.915	42.9981	20.5218
0.000836227	256.391	42.9224	20.5778
0.0145878	255.883	42.8477	20.632
0.0178864	255.366	42.77	20.6869
0.0262307	254.865	42.6914	20.74
0.0409606	254.373	42.6123	20.7921
0.0449169	253.863	42.5289	20.8462
0.0567247	253.349	42.4449	20.901
0.0649244	252.862	42.3649	20.9534
0.070087	252.378	42.2835	21.0053
0.0804963	251.866	42.1982	21.06
0.0885165	251.346	42.1108	21.1155
0.0963436	250.856	42.0297	21.1681
0.105252	250.379	41.9514	21.2195
0.117663	249.879	41.8703	21.2736
0.125793	249.385	41.7908	21.3268
0.13642	248.86	41.7072	21.3829
0.141633	248.36	41.6282	21.4366
0.152188	247.866	41.5514	21.4898
0.164213	247.346	41.4703	21.5452
0.177055	246.81	41.3862	21.6024
0.186489	246.313	41.3071	21.6559
0.196525	245.813	41.2268	21.7094
0.209492	245.32	41.1475	21.7621
0.219397	244.83	41.0688	21.8145
0.227998	244.348	40.9917	21.8662
0.23834	243.837	40.9114	21.9205
0.245569	243.326	40.8324	21.975
0.251723	242.85	40.7589	22.0262
0.255967	242.345	40.6816	22.0801
0.261981	241.849	40.6056	22.1332
0.267487	241.332	40.5275	22.1886
0.272412	240.807	40.4479	22.2446
0.276217	240.312	40.3734	22.2975
0.277729	239.807	40.2967	22.3516
0.280375	239.274	40.216	22.4085
0.280458	238.757	40.1363	22.4639
0.284283	238.273	40.0624	22.5157
0.288361	237.766	39.9838	22.57
0.291832	237.256	39.9047	22.6249
0.30044	236.74	39.825	22.6802
0.308011	236.206	39.7429	22.7373
0.315223	235.714	39.6678	22.7897
0.324657	235.194	39.589	22.8457
0.334839	234.725	39.5171	22.8957
0.345466	234.253	39.4441	22.946
0.356188	233.759	39.3673	22.9988
0.363919	233.245	39.2881	23.0535
0.378153	232.707	39.2057	23.1112
0.386335	232.235	39.1336	23.1621
0.391581	231.741	39.0584	23.2154
0.398761	231.276	38.9877	23.2658
0.401878	230.799	38.916	23.3169
0.40177	230.274	38.8391	23.3731
0.400299	229.753	38.7638	23.4291
0.39421	229.228	38.6847	23.4852
0.386556	228.706	38.6048	23.5412
0.375041	228.184	38.5201	23.597
0.366209	227.682	38.4369	23.6512
0.354506	227.165	38.3502	23.7066
0.342688	226.672	38.2688	23.7593
0.329372	226.189	38.1896	23.8108
0.315956	225.707	38.1118	23.862
0.299624	225.186	38.0288	23.9175
0.284929	224.674	37.948	23.9721
0.270098	224.203	37.8733	24.0222
0.254194	223.713	37.7948	24.0742
0.237635	223.184	37.7095	24.1303
0.222222	222.667	37.6267	24.1852
0.209765	222.167	37.5469	24.2385
0.199356	221.668	37.4682	24.292
0.187362	221.168	37.3891	24.3455
0.183036	220.642	37.3066	24.4013
0.172586	220.153	37.2296	24.4539
0.171663	219.664	37.1525	24.5063
0.158295	219.135	37.0687	24.563
0.15445	218.643	36.9915	24.6158
0.146324	218.161	36.9162	24.6674
0.131892	217.668	36.8397	24.7211
0.112173	217.161	36.7618	24.7758
0.100845	216.661	36.6863	24.8298
0.085888	216.168	36.6125	24.8826
0.0721191	215.673	36.5376	24.9359
0.0591726	215.159	36.4603	24.991
0.0468178	214.672	36.3863	25.0435
0.0437022	214.182	36.3094	25.0962
0.0388713	213.707	36.2314	25.1475
0.033603	213.2	36.1473	25.2017
0.0279799	212.696	36.0607	25.2558
0.0240397	212.178	35.9733	25.3112
0.0152658	211.684	35.8897	25.3646
0.0130667	211.199	35.8067	25.4168
0.00588992	210.697	35.7234	25.4706
-0.00502136	210.19	35.6401	25.5253
-0.0125327	209.699	35.5599	25.5782
-0.0203839	209.204	35.4804	25.6316
-0.0297773	208.697	35.3993	25.6866
-0.0373848	208.187	35.3191	25.7416
-0.0469736	207.692	35.2415	25.7953
-0.0547794	207.213	35.1659	25.8472
-0.0621375	206.727	35.0893	25.8996
-0.0723342	206.204	35.0073	25.956
-0.0817317	205.669	34.923	26.0132
-0.0923783	205.192	34.8486	26.0641
-0.102726	204.672	34.7682	26.1199
-0.114484	204.132	34.685	26.1775
-0.123073	203.655	34.6114	26.2286
-0.132328	203.112	34.5278	26.2864
-0.138632	202.581	34.4453	26.3429
-0.144672	202.1	34.3698	26.3942
-0.149117	201.629	34.2963	26.4443
-0.15246	201.14	34.2198	26.4963
-0.155187	200.627	34.1392	26.551
-0.158422	200.143	34.0637	26.6024
-0.164502	199.607	33.981	26.6595
-0.17044	199.081	33.9004	26.7156
-0.176817	198.57	33.8233	26.7701
-0.182491	198.046	33.743	26.8259
-0.189225	197.556	33.6673	26.878
-0.194687	197.061	33.5891	26.9315
-0.196977	196.546	33.5075	26.9863
-0.206459	196.03	33.4252	27.0411
-0.209864	195.518	33.3459	27.0959
-0.226563	194.998	33.2654	27.1516
-0.236704	194.465	33.1849	27.2085
-0.240215	193.955	33.1101	27.2634
-0.253799	193.448	33.037	27.3177
-0.259179	192.957	32.967	27.3697
-0.260965	192.422	32.8916	27.4266
-0.271356	191.92	32.8217	27.4803
-0.270587	191.415	32.746	27.5344
-0.276087	190.911	32.6682	27.588
-0.272062	190.422	32.5909	27.6401
-0.263472	189.897	32.5076	27.6958
-0.262491	189.412	32.4286	27.7475
-0.257082	188.91	32.3476	27.8008
-0.252104	188.37	32.2605	27.8577
-0.246808	187.878	32.1813	27.9098
-0.23979	187.383	32.1004	27.9621
-0.231713	186.888	32.0197	28.015
-0.221918	186.395	31.9399	28.0676
-0.211718	185.892	31.8599	28.1214
-0.198614	185.421	31.7847	28.1716
-0.1885	184.908	31.7053	28.2265
-0.165485	184.425	31.6343	28.2785
-0.147725	183.946	31.5653	28.3304
-0.134306	183.463	31.4936	28.383
-0.126107	182.999	31.4234	28.4335
-0.109133	182.505	31.3472	28.4872
-0.100744	181.995	31.2641	28.5425
-0.0998148	181.527	31.1859	28.5937
-0.0982499	181.057	31.1063	28.6445
-0.099294	180.559	31.0211	28.6981
-0.107073	180.068	30.9378	28.7509
-0.119604	179.537	30.8469	28.8078
-0.131781	179.052	30.7636	28.86
-0.143713	178.572	30.6845	28.9116
-0.157022	178.076	30.6053	28.9649
-0.167239	177.567	30.5237	29.0197
-0.176608	177.088	30.4447	29.0711
-0.183864	176.621	30.3664	29.1214
-0.185666	176.144	30.2865	29.1726
-0.184279	175.621	30.1996	29.2288
-0.184823	175.115	30.1173	29.2832
-0.182446	174.63	30.0383	29.3354
-0.177413	174.124	29.9546	29.3896
-0.177442	173.617	29.8712	29.4439
-0.178162	173.148	29.7939	29.4944
-0.182042	172.677	29.7179	29.545
-0.18665	172.207	29.6449	29.5955
-0.19452	171.717	29.5709	29.6479
-0.203765	171.216	29.4966	29.702
-0.217245	170.687	29.4218	29.7589
-0.228537	170.205	29.3546	29.8105
-0.240845	169.712	29.2865	29.8632
-0.256526	169.201	29.217	29.9184
-0.268013	168.681	29.144	29.9743
-0.286775	168.192	29.0766	30.0276
-0.302533	167.704	29.007	30.0801
-0.316798	167.197	28.933	30.1347
-0.332937	166.719	28.8624	30.1856
-0.354161	166.214	28.7882	30.2393
-0.369501	165.716	28.7136	30.2925
-0.383682	165.238	28.6418	30.3431
-0.399786	164.711	28.5622	30.3989
-0.408477	164.181	28.4813	30.4551
-0.419076	163.7	28.4076	30.5062
-0.432845	163.173	28.3267	30.562
-0.441112	162.648	28.2474	30.618
-0.44372	162.104	28.1647	30.6758
-0.448137	161.611	28.0897	30.7288
-0.450236	161.121	28.0142	30.7812
-0.447152	160.626	27.938	30.8343
-0.445897	160.133	27.8624	30.887
-0.445036	159.648	27.7881	30.939
-0.439706	159.118	27.7073	30.9955
-0.43297	158.633	27.6344	31.0473
-0.430812	158.159	27.5638	31.098
-0.426701	157.645	27.4849	31.1531
-0.421739	157.172	27.4124	31.2038
-0.414624	156.631	27.3298	31.2616
-0.409186	156.14	27.2546	31.3141
-0.401837	155.659	27.1799	31.3657
-0.386232	155.165	27.1037	31.4186
-0.375699	154.644	27.0232	31.4747
-0.367275	154.151	26.9463	31.5278
-0.34744	153.674	26.8696	31.5791
-0.332375	153.198	26.7913	31.6304
-0.317692	152.73	26.7123	31.6811
-0.301752	152.263	26.6307	31.7318
-0.288155	151.772	26.544	31.7848
-0.269566	151.274	26.4532	31.8389
-0.262123	150.749	26.3601	31.8961
-0.25418	150.284	26.2778	31.9469
-0.24539	149.773	26.1872	32.0021
-0.241084	149.297	26.1062	32.0537
-0.2357	148.781	26.0192	32.1095
-0.231486	148.293	25.939	32.1619
-0.229091	147.816	25.861	32.2135
-0.229607	147.327	25.7824	32.2662
-0.228382	146.806	25.6993	32.3222
-0.229093	146.328	25.6245	32.3737
-0.230878	145.812	25.5446	32.4298
-0.232246	145.344	25.4723	32.4805
-0.234575	144.835	25.3933	32.5355
-0.237518	144.316	25.3134	32.5917
-0.240519	143.828	25.2381	32.644
-0.242547	143.358	25.1655	32.6945
-0.24774	142.842	25.0863	32.7499
-0.251432	142.375	25.0141	32.8002
-0.251042	141.857	24.9343	32.8553
-0.257945	141.361	24.8594	32.9083
-0.26156	140.879	24.787	32.9601
-0.255956	140.37	24.7104	33.0151
-0.257714	139.858	24.6336	33.0704
-0.249481	139.355	24.5588	33.1244
-0.235594	138.863	24.4861	33.1781
-0.229572	138.362	24.414	33.2325
-0.20762	137.862	24.3423	33.2873
-0.198496	137.365	24.2713	33.3415
-0.187032	136.895	24.201	33.3938
-0.169098	136.398	24.1209	33.4485
-0.154644	135.934	24.0425	33.499
-0.138934	135.447	23.9573	33.5526
-0.118182	134.964	23.8733	33.6063
-0.10517	134.507	23.794	33.6565
-0.0952574	134.03	23.7121	33.7093
-0.0829058	133.519	23.6273	33.7658
-0.0747087	133.06	23.5524	33.8169
-0.0686178	132.564	23.4722	33.8719
-0.0627162	132.06	23.3924	33.9279
-0.0588335	131.561	23.3145	33.983
-0.0582278	131.063	23.2371	34.0386
-0.0549611	130.593	23.1648	34.0916
-0.0548677	130.111	23.0907	34.146
-0.0623944	129.659	23.0213	34.1976
-0.0567858	129.208	22.9528	34.249
-0.058241	128.735	22.8817	34.3029
-0.0681445	128.27	22.8125	34.3568
-0.0735357	127.827	22.7469	34.4082
-0.079387	127.394	22.6833	34.4588
-0.0913534	126.935	22.6132	34.5128
-0.101994	126.502	22.5451	34.5636
-0.122001	126.035	22.4687	34.6181
-0.12863	125.584	22.3926	34.6711
-0.144923	125.127	22.3147	34.7249
-0.164841	124.689	22.2387	34.7766
-0.175644	124.244	22.1594	34.8291
-0.188666	123.809	22.0851	34.8799
-0.2009	123.366	22.0095	34.9322
-0.214973	122.923	21.9354	34.9842
-0.234355	122.481	21.8634	35.0363
-0.247326	122.052	21.7954	35.0868
-0.259793	121.57	21.7203	35.1433
-0.27305	121.121	21.6501	35.1958
-0.288665	120.661	21.5782	35.2493
-0.302858	120.233	21.5116	35.2994
-0.319134	119.754	21.4361	35.3554
-0.331971	119.301	21.3641	35.4083
-0.344236	118.867	21.2945	35.4591
-0.354254	118.409	21.2207	35.5122
-0.364448	117.946	21.1462	35.5659
-0.37111	117.509	21.0761	35.6169
-0.375798	117.06	21.0037	35.6691
-0.381366	116.618	20.9332	35.7207
-0.387027	116.152	20.8601	35.7751
-0.392443	115.708	20.7909	35.8272
-0.397685	115.28	20.725	35.8772
-0.404492	114.808	20.6539	35.9324
-0.40784	114.329	20.5822	35.9886
-0.417433	113.851	20.5118	36.0443
-0.424656	113.377	20.4424	36.0999
-0.430213	112.947	20.3801	36.1504
-0.434399	112.516	20.3187	36.2007
-0.436058	112.086	20.2579	36.2508
-0.439694	111.644	20.1949	36.3023
-0.438048	111.209	20.1336	36.3532
-0.436367	110.767	20.0718	36.4049
-0.426486	110.313	20.0076	36.458
-0.42025	109.886	19.9458	36.5081
-0.417938	109.42	19.8758	36.563
-0.402469	108.944	19.8018	36.6188
-0.392861	108.508	19.7346	36.6697
-0.378572	108.023	19.6591	36.7264
-0.364224	107.562	19.5849	36.7803
-0.34555	107.1	19.5084	36.8341
-0.32055	106.641	19.4303	36.8877
-0.300843	106.182	19.3502	36.9415
-0.282608	105.728	19.2716	36.9944
-0.259116	105.263	19.1906	37.049
-0.243011	104.799	19.1114	37.1028
-0.226653	104.358	19.04	37.1544
-0.21021	103.87	18.9661	37.2114
-0.199112	103.397	18.8967	37.2664
-0.193942	102.964	18.8323	37.3167
-0.185033	102.53	18.7659	37.3673
-0.181697	102.055	18.6922	37.4224
-0.176828	101.587	18.6197	37.4765
-0.172008	101.108	18.5448	37.5319
-0.167966	100.658	18.4738	37.5837
-0.167145	100.196	18.4012	37.637
-0.157889	99.7375	18.3312	37.6898
-0.156807	99.2814	18.263	37.7427
-0.153017	98.8343	18.198	37.7946
-0.150167	98.4059	18.1372	37.845
-0.157779	97.9437	18.0705	37.8991
-0.150697	97.4895	18.0048	37.9523
-0.156623	97.0573	17.9401	38.0033
-0.161883	96.6278	17.8747	38.0539
-0.166922	96.1764	17.8048	38.1067
-0.178025	95.7382	17.7359	38.1581
-0.17989	95.2797	17.6622	38.2117
-0.186821	94.8191	17.5857	38.2655
-0.201463	94.377	17.5117	38.3175
-0.205303	93.9259	17.4336	38.37
-0.218315	93.479	17.3565	38.4222
-0.232672	93.0124	17.2753	38.4766
-0.250498	92.5773	17.197	38.5282
-0.264078	92.1385	17.1192	38.5795
-0.275125	91.6639	17.0359	38.6352
-0.290214	91.1858	16.9563	38.6916
-0.305264	90.7204	16.8813	38.7464
-0.317	90.2727	16.8106	38.799
-0.326187	89.8288	16.7424	38.8511
-0.337857	89.4001	16.6765	38.9019
-0.352542	88.9256	16.603	38.958
-0.363904	88.4614	16.5311	39.0122
-0.373747	88.0274	16.4645	39.0632
-0.383425	87.5764	16.3961	39.1161
-0.395184	87.1132	16.3255	39.1702
-0.403218	86.6859	16.2607	39.2207
-0.411224	86.249	16.1937	39.2719
-0.418244	85.7961	16.1236	39.3247
-0.425919	85.3447	16.0531	39.3775
-0.43135	84.9043	15.9839	39.4289
-0.436203	84.4656	15.9154	39.48
-0.440281	83.9932	15.8428	39.5353
-0.445221	83.5071	15.7681	39.5922
-0.447293	83.0379	15.6949	39.647
-0.448004	82.6128	15.629	39.6971
-0.448858	82.1795	15.562	39.748
-0.45102	81.7457	15.495	39.7986
-0.451621	81.3158	15.4291	39.8487
-0.453603	80.8809	15.3632	39.8998
-0.455224	80.4482	15.298	39.9504
-0.461703	80.0087	15.2327	40.0019
-0.457771	79.5649	15.1662	40.054
-0.450904	79.1355	15.1016	40.105
-0.442814	78.7075	15.0377	40.1554
-0.422504	78.2428	14.9686	40.2097
-0.411374	77.7947	14.9046	40.2617
-0.386865	77.3195	14.8359	40.3177
-0.365663	76.8665	14.773	40.371
-0.338508	76.4039	14.7068	40.4253
-0.30456	75.9591	14.6428	40.4777
-0.273915	75.5071	14.5776	40.5308
-0.24221	75.047	14.5103	40.5847
-0.205565	74.5871	14.4411	40.6385
-0.17199	74.1021	14.367	40.6951
-0.137277	73.6715	14.2991	40.7462
-0.0941032	73.2002	14.224	40.8017
-0.0565249	72.7187	14.1457	40.8583
-0.0128483	72.241	14.0676	40.9142
0.02946	71.7681	13.9899	40.9696
0.0699461	71.3008	13.9116	41.024
0.109615	70.8384	13.836	41.0777
0.142513	70.3646	13.7591	41.1324
0.168866	69.9211	13.6908	41.1837
0.198418	69.4459	13.6174	41.2387
0.217327	68.9701	13.5438	41.2937
0.232024	68.524	13.4746	41.3458
0.251701	68.0822	13.4073	41.3972
0.26138	67.6535	13.3423	41.4473
0.272987	67.2001	13.2748	41.5005
0.273866	66.7417	13.208	41.5542
0.284656	66.2575	13.1388	41.6111
0.292739	65.8267	13.0783	41.6617
0.300193	65.3448	13.0107	41.718
0.314694	64.9212	12.9516	41.7682
0.322357	64.4616	12.8841	41.8222
0.336123	64.0101	12.8149	41.8753
0.352103	63.5652	12.7445	41.9272
0.376271	63.1321	12.6757	41.978
0.395279	62.6784	12.6024	42.0308
0.414812	62.2076	12.5258	42.0853
0.438967	61.7261	12.4459	42.1417
0.4625	61.2399	12.3659	42.1984
0.483134	60.7711	12.2885	42.2532
0.504811	60.2915	12.2118	42.3092
0.522063	59.8216	12.1373	42.3641
0.537071	59.3925	12.0692	42.4145
0.553194	58.9439	11.9981	42.4668
0.566976	58.4785	11.9247	42.5216
0.580557	58.0018	11.8509	42.5775
0.593238	57.5482	11.7809	42.6307
0.602475	57.0746	11.708	42.6862
0.611362	56.622	11.637	42.7391
0.613698	56.1421	11.5612	42.7952
0.613834	55.6648	11.4849	42.8514
0.611329	55.1941	11.4088	42.9066
0.610661	54.743	11.3362	42.9592
0.607398	54.3082	11.2669	43.01
0.600546	53.8429	11.1942	43.0646
0.597291	53.3802	11.1237	43.1189
0.592509	52.9216	11.0548	43.1729
0.588418	52.4555	10.9838	43.2283
0.584584	51.9858	10.9125	43.2834
0.580398	51.513	10.8401	43.3391
0.578119	51.043	10.7671	43.3946
0.570199	50.5902	10.6935	43.4483
0.562485	50.1606	10.6212	43.4986
0.556603	49.6853	10.5398	43.554
0.550996	49.2536	10.4679	43.6041
0.544908	48.8241	10.3979	43.6544
0.534611	48.3989	10.3305	43.7045
0.519088	47.9301	10.2586	43.7599
0.507106	47.4607	10.1898	43.8153
0.492028	47.0138	10.1238	43.8677
0.474035	46.5459	10.0554	43.9226
0.456896	46.0613	9.98221	43.9794
0.438774	45.6147	9.91404	44.0314
0.424162	45.1771	9.8465	44.0828
0.410099	44.7422	9.77876	44.1335
0.393473	44.2932	9.70873	44.1858
0.372171	43.8319	9.63726	44.2395
0.355999	43.3624	9.56501	44.2941
0.340642	42.9325	9.49904	44.3444
0.323985	42.4797	9.42994	44.3973
0.303096	42.0132	9.35993	44.452
0.286382	41.5514	9.29	44.5062
0.27049	41.1145	9.22324	44.5576
0.251379	40.6427	9.15067	44.6129
0.237982	40.1957	9.08152	44.6653
0.218787	39.7441	9.01084	44.7183
0.20663	39.2609	8.93513	44.7746
0.185008	38.79	8.86096	44.8295
0.167999	38.3391	8.78971	44.8823
0.151839	37.9081	8.72095	44.9329
0.13085	37.462	8.65005	44.985
0.108316	37.0306	8.58106	45.0358
0.0782618	36.5507	8.50499	45.0925
0.0546	36.0752	8.42899	45.1478
0.0209823	35.6057	8.35307	45.2031
-0.0121535	35.1257	8.27507	45.2595
-0.0440626	34.6935	8.20415	45.3102
-0.0730553	34.2504	8.1313	45.3621
-0.101012	33.8043	8.0598	45.4142
-0.129647	33.3495	7.98736	45.4673
-0.159282	32.9153	7.91841	45.5182
-0.192219	32.4768	7.84792	45.5696
-0.216681	32.0487	7.77947	45.6198
-0.243177	31.6172	7.71104	45.6701
-0.266272	31.1854	7.64303	45.7211
-0.292332	30.7548	7.57447	45.7717
-0.317934	30.2861	7.50101	45.8271
-0.347084	29.8213	7.42977	45.8822
-0.375597	29.3673	7.36006	45.9359
-0.411466	28.9131	7.29005	45.9896
-0.441299	28.4681	7.22115	46.042
-0.46681	28.0094	7.15087	46.0966
-0.497091	27.5472	7.07829	46.1516
-0.520613	27.12	7.01056	46.202
-0.542987	26.6765	6.9389	46.254
-0.57299	26.1964	6.86195	46.3106
-0.595286	25.7432	6.79073	46.3638
-0.620979	25.2745	6.71824	46.4191
-0.642557	24.8001	6.64702	46.4751
-0.665405	24.3746	6.58442	46.5252
-0.688702	23.9331	6.52022	46.5771
-0.71123	23.5058	6.45645	46.6274
-0.740613	23.0347	6.38315	46.6825
-0.76593	22.5692	6.30874	46.7368
-0.797108	22.0941	6.23148	46.7922
-0.824434	21.6376	6.15669	46.8456
-0.850697	21.2067	6.08699	46.8958
-0.880024	20.7518	6.01341	46.9496
-0.906625	20.2772	5.93671	47.0052
-0.936655	19.8173	5.86323	47.0595
-0.954624	19.3919	5.79593	47.1097
-0.976503	18.9235	5.72265	47.165
-0.994416	18.4927	5.65632	47.2157
-1.0113	18.0646	5.59029	47.2663
-1.03015	17.599	5.5165	47.3217
-1.03646	17.1339	5.44141	47.3766
-1.04129	16.7074	5.37284	47.4267
-1.04578	16.2479	5.2977	47.4809
-1.04555	15.7812	5.21894	47.536
-1.04148	15.3239	5.14288	47.59
-1.03574	14.873	5.06645	47.6432
-1.03101	14.4143	4.98882	47.6972
-1.02662	13.9694	4.91246	47.7492
-1.02222	13.5235	4.83526	47.8017
-1.01614	13.0697	4.7552	47.8549
-1.01101	12.616	4.67713	47.9087
-1.00615	12.1761	4.60212	47.9602
-1.00157	11.7278	4.52646	48.0126
-0.995669	11.2685	4.44976	48.0664
-0.990858	10.8087	4.37449	48.1202
-0.985464	10.3349	4.29584	48.1755
-0.982641	9.86137	4.21806	48.2306
-0.980322	9.40718	4.14286	48.2837
-0.979077	8.94788	4.06868	48.3373
-0.978681	8.4847	3.99427	48.3913
-0.977361	8.03504	3.92284	48.4437
-0.975518	7.60608	3.85607	48.4941
-0.972659	7.16918	3.78934	48.5454
-0.969235	6.69989	3.71717	48.6007
-0.96383	6.26191	3.6497	48.6522
-0.95495	5.81675	3.58081	48.7044
-0.946444	5.34528	3.50755	48.7603
-0.937302	4.90863	3.44061	48.8116
-0.927609	4.47877	3.37667	48.8618
-0.917231	4.04135	3.312	48.9132
-0.902418	3.60761	3.2478	48.9645
-0.878349	3.15483	3.17956	49.0177
-0.849251	2.69743	3.1122	49.0714
-0.824413	2.26103	3.04911	49.1228
-0.79781	1.78712	2.9804	49.1787
-0.76167	1.35508	2.9155	49.2297
-0.714339	0.910296	2.84718	49.2817
-0.678547	0.468111	2.77849	49.3334
-0.641964	0.0358791	2.71299	49.3838
-0.601381	-0.437998	2.64119	49.4394
-0.554749	-0.913187	2.56893	49.495
-0.50411	-1.37869	2.49677	49.5495
-0.461876	-1.84088	2.42364	49.6034
-0.404809	-2.33078	2.34819	49.6606
-0.367007	-2.80073	2.2758	49.7156
-0.319793	-3.26992	2.20236	49.7706
-0.279832	-3.7606	2.1253	49.828
-0.237539	-4.18509	2.05763	49.8781
-0.198072	-4.61282	1.98912	49.9282
-0.14798	-5.06696	1.9174	49.9813
-0.10559	-5.53611	1.84402	50.0365
-0.0521282	-6.00748	1.76938	50.0924
-0.00767836	-6.47798	1.69544	50.1484
0.0426412	-6.92944	1.62566	50.2015
0.0841994	-7.3859	1.55556	50.2555
0.139423	-7.85876	1.48275	50.3112
0.184976	-8.32432	1.412	50.3661
0.222588	-8.77563	1.34296	50.419
0.275616	-9.22303	1.27321	50.4718
0.312261	-9.69767	1.199	50.5275
0.357453	-10.1751	1.12404	50.5836
0.394594	-10.6263	1.0526	50.6365
0.434622	-11.073	0.982552	50.6892
0.478588	-11.5523	0.908543	50.7454
0.509002	-12.012	0.838343	50.7995
0.548575	-12.4511	0.771662	50.8508
0.575519	-12.8795	0.7067	50.9009
0.596869	-13.3464	0.636453	50.9557
0.626831	-13.8122	0.565885	51.0105
0.660723	-14.2815	0.497051	51.0658
0.69626	-14.7415	0.428592	51.1205
0.713891	-15.2051	0.358623	51.1755
0.740269	-15.6451	0.292132	51.2283
0.773533	-16.0865	0.225768	51.2809
0.804682	-16.5321	0.158967	51.3339
0.833985	-16.9751	0.0931187	51.387
0.86303	-17.4196	0.0269817	51.4397
0.899029	-17.8487	-0.0386003	51.4903
0.930836	-18.3049	-0.109144	51.5437
0.961311	-18.7397	-0.17842	51.5946
0.991676	-19.2072	-0.254746	51.6492
1.0269	-19.6739	-0.334146	51.7036
1.05416	-20.1288	-0.412991	51.7565
1.08508	-20.5993	-0.493667	51.8112
1.10783	-21.0517	-0.570974	51.8638
1.12454	-21.5075	-0.650093	51.9168
1.14171	-21.9596	-0.727324	51.9699
1.15753	-22.4356	-0.809643	52.025
1.16688	-22.88	-0.886075	52.0769
1.17332	-23.3152	-0.961072	52.1278
1.17865	-23.793	-1.0423	52.1838
1.17804	-24.2568	-1.12132	52.2383
1.17893	-24.7081	-1.19632	52.291
1.18089	-25.1514	-1.26958	52.343
1.17822	-25.623	-1.34564	52.3986
1.1759	-26.0643	-1.41171	52.4501
1.17176	-26.53	-1.4772	52.505
1.1651	-26.9863	-1.54101	52.558
1.16304	-27.4295	-1.6031	52.6102
1.15002	-27.8754	-1.66647	52.6623
1.1531	-28.3226	-1.72857	52.7144
1.14828	-28.7507	-1.79204	52.7646
1.13846	-29.1781	-1.85823	52.8147
1.12431	-29.6132	-1.92673	52.8658
1.10065	-30.0815	-2.00089	52.9214
1.07615	-30.5135	-2.07026	52.9722
1.04453	-30.9839	-2.14577	53.0276
1.00403	-31.4465	-2.2193	53.0823
0.958555	-31.9032	-2.29262	53.1365
0.907125	-32.3793	-2.36908	53.1927
0.852333	-32.8416	-2.44196	53.2472
0.796812	-33.3104	-2.51589	53.3024
0.74586	-33.7822	-2.58992	53.3577
0.687422	-34.2378	-2.66228	53.4117
0.63768	-34.6793	-2.72934	53.4634
0.592702	-35.1334	-2.79678	53.5173
0.549345	-35.5632	-2.86214	53.5682
0.506643	-35.9868	-2.92762	53.6184
0.461241	-36.4414	-2.9974	53.6726
0.435185	-36.9127	-3.06984	53.7284
0.404767	-37.3395	-3.13607	53.7788
0.364732	-37.788	-3.20427	53.8314
0.330908	-38.2563	-3.2751	53.8868
0.297375	-38.7159	-3.3461	53.941
0.258945	-39.1723	-3.4177	53.9951
0.227845	-39.6236	-3.48902	54.0487
0.184125	-40.0628	-3.55881	54.1011
0.144908	-40.4866	-3.6264	54.1514
0.115448	-40.9209	-3.69569	54.2028
0.0905168	-41.3819	-3.76947	54.258
0.062419	-41.8249	-3.83982	54.3109
0.0319219	-42.2812	-3.90949	54.3655
0.00642556	-42.7087	-3.97398	54.4166
-0.0255332	-43.1639	-4.04374	54.471
-0.0498504	-43.5986	-4.11142	54.5224
-0.072533	-44.0648	-4.18357	54.5776
-0.103721	-44.5281	-4.25517	54.6327
-0.127926	-45.0028	-4.32877	54.6888
-0.155095	-45.4541	-4.40081	54.7418
-0.174518	-45.9099	-4.47529	54.7957
-0.194775	-46.3657	-4.55033	54.8499
-0.219572	-46.8129	-4.6242	54.9028
-0.237481	-47.2566	-4.69879	54.9554
-0.258822	-47.7019	-4.77212	55.008
-0.277125	-48.1502	-4.84431	55.0614
-0.296345	-48.6026	-4.91686	55.1148
-0.31202	-49.0547	-4.98995	55.1681
-0.327667	-49.4912	-5.05947	55.2193
-0.343496	-49.9529	-5.13223	55.273
-0.353443	-50.4312	-5.20758	55.3289
-0.365964	-50.8907	-5.28002	55.3826
-0.373819	-51.38	-5.35672	55.4393
-0.382266	-51.8324	-5.42728	55.4919
-0.39371	-52.2762	-5.49659	55.5436
-0.401475	-52.7493	-5.57063	55.5985
-0.409871	-53.2378	-5.64762	55.6551
-0.411302	-53.7047	-5.72294	55.7092
-0.410699	-54.1376	-5.79286	55.7596
-0.411175	-54.5712	-5.86305	55.8099
-0.414958	-55.0516	-5.93655	55.8655
-0.41898	-55.5268	-6.0045	55.9208
-0.417248	-55.9703	-6.0676	55.9724
-0.422876	-56.4324	-6.13293	56.0258
-0.42226	-56.8617	-6.19643	56.076
-0.41189	-57.3372	-6.26971	56.1314
-0.409141	-57.8112	-6.34256	56.1861
-0.400474	-58.2471	-6.40855	56.2371
-0.377412	-58.721	-6.48036	56.2928
-0.361331	-59.1865	-6.54926	56.3473
-0.341821	-59.6193	-6.61356	56.3983
-0.314472	-60.0588	-6.67973	56.4501
-0.279165	-60.5194	-6.74977	56.504
-0.247915	-60.9756	-6.81979	56.5575
-0.213455	-61.4034	-6.88678	56.6077
-0.171675	-61.8744	-6.96104	56.6632
-0.135046	-62.2998	-7.02758	56.7133
-0.0977702	-62.7712	-7.10077	56.7687
-0.0552278	-63.2335	-7.17262	56.8233
-0.0190619	-63.6734	-7.24112	56.8749
0.0154991	-64.1377	-7.31301	56.9294
0.0510461	-64.6064	-7.38503	56.9847
0.0801831	-65.0603	-7.4533	57.0381
0.11054	-65.4918	-7.51894	57.0887
0.148271	-65.9522	-7.5897	57.1431
0.177594	-66.415	-7.66153	57.1973
0.211958	-66.8867	-7.73548	57.2529
0.238184	-67.3635	-7.81059	57.309
0.275952	-67.8284	-7.88328	57.3639
0.304294	-68.2675	-7.95083	57.4155
0.326658	-68.7067	-8.01703	57.467
0.355004	-69.1717	-8.08633	57.5219
0.376019	-69.6338	-8.1543	57.5764
0.398822	-70.0874	-8.22227	57.6299
0.425191	-70.5376	-8.29016	57.683
0.442305	-70.9945	-8.35947	57.7368
0.464849	-71.4684	-8.43241	57.7926
0.475505	-71.9338	-8.50424	57.8474
0.489749	-72.3839	-8.57536	57.9006
0.510512	-72.8503	-8.65038	57.9556
0.519489	-73.2899	-8.7227	58.0073
0.530389	-73.7463	-8.79725	58.0613
0.551497	-74.1892	-8.87086	58.1133
0.559657	-74.6691	-8.95217	58.1693
0.576739	-75.1387	-9.03064	58.2242
0.583113	-75.6108	-9.11106	58.2794
0.589482	-76.047	-9.18462	58.3303
0.600485	-76.5113	-9.26261	58.385
0.603433	-76.9634	-9.33909	58.4381
0.610445	-77.4144	-9.41448	58.4912
0.618325	-77.8686	-9.48944	58.5447
0.620103	-78.3155	-9.56413	58.5974
0.621891	-78.768	-9.63902	58.6509
0.625609	-79.2332	-9.71561	58.7056
0.623612	-79.6895	-9.79053	58.7594
0.623175	-80.1274	-9.8607	58.8114
0.62078	-80.5975	-9.93473	58.8667
0.618248	-81.0529	-10.0059	58.9203
0.612997	-81.5168	-10.0769	58.9742
0.611996	-81.9926	-10.1484	59.0296
0.602872	-82.4577	-10.2178	59.0839
0.599782	-82.9067	-10.2849	59.1362
0.598178	-83.3626	-10.3512	59.1893
0.592499	-83.8309	-10.42	59.2438
0.583772	-84.2903	-10.4861	59.2973
0.574825	-84.7236	-10.5488	59.3481
0.560051	-85.1582	-10.6121	59.3991
0.537227	-85.6274	-10.682	59.4545
0.521085	-86.0977	-10.7524	59.5099
0.499823	-86.5327	-10.8186	59.5612
0.473195	-86.9814	-10.8878	59.6137
0.445607	-87.4174	-10.9555	59.6651
0.414892	-87.8809	-11.0284	59.7198
0.380003	-88.331	-11.0997	59.7726
0.339663	-88.7773	-11.1714	59.8253
0.297828	-89.2197	-11.2426	59.8772
0.25899	-89.6816	-11.3158	59.9311
0.211191	-90.1301	-11.3872	59.9837
0.169345	-90.5657	-11.4566	60.0349
0.125866	-90.9974	-11.5269	60.0859
0.0785468	-91.4298	-11.5962	60.1361
0.0333327	-91.8875	-11.6701	60.1896
-0.0150172	-92.3122	-11.7382	60.2397
-0.0691142	-92.7974	-11.8163	60.2967
-0.107925	-93.2573	-11.8905	60.351
-0.157032	-93.7135	-11.9639	60.4049
-0.188055	-94.192	-12.0405	60.461
-0.230998	-94.6461	-12.1121	60.5143
-0.264972	-95.0992	-12.1817	60.5681
-0.301441	-95.5393	-12.2486	60.6208
-0.345637	-95.9569	-12.3126	60.6708
-0.396865	-96.4229	-12.3848	60.7264
-0.431352	-96.8737	-12.4557	60.7801
-0.469563	-97.3117	-12.5246	60.832
-0.516212	-97.7753	-12.5981	60.8873
-0.549791	-98.2475	-12.673	60.9431
-0.583013	-98.7058	-12.7483	60.9974
-0.616408	-99.1394	-12.8195	61.0487
-0.652756	-99.6001	-12.8977	61.1035
-0.681377	-100.049	-12.9733	61.157
-0.709263	-100.501	-13.0487	61.2109
-0.743192	-100.941	-13.1211	61.2635
-0.76575	-101.394	-13.1948	61.3174
-0.789095	-101.857	-13.2686	61.3722
-0.820351	-102.311	-13.3404	61.4261
-0.842567	-102.77	-13.4114	61.4804
-0.873125	-103.215	-13.4785	61.5336
-0.899616	-103.67	-13.5467	61.5877
-0.923354	-104.141	-13.6189	61.6431
-0.948574	-104.605	-13.6888	61.6982
-0.971194	-105.032	-13.7526	61.7483
-0.993063	-105.484	-13.8231	61.8017
-1.02059	-105.945	-13.8939	61.8557
-1.04485	-106.406	-13.9653	61.9098
-1.06464	-106.85	-14.0339	61.962
-1.0845	-107.313	-14.1062	62.0164
-1.10732	-107.754	-14.1757	62.0685
-1.12589	-108.201	-14.2456	62.1211
-1.14439	-108.645	-14.3144	62.1732
-1.16559	-109.107	-14.3849	62.2274
-1.1816	-109.558	-14.4544	62.2804
-1.19618	-110.002	-14.5237	62.3326
-1.21117	-110.468	-14.5969	62.3874
-1.223	-110.912	-14.6671	62.4395
-1.23479	-111.364	-14.7389	62.4926
-1.24668	-111.835	-14.8149	62.5477
-1.25531	-112.285	-14.8871	62.6007
-1.26426	-112.739	-14.9577	62.6545
-1.277	-113.216	-15.0304	62.7112
-1.29018	-113.667	-15.0991	62.7638
-1.30275	-114.104	-15.1651	62.8151
-1.31211	-114.541	-15.2313	62.8667
-1.31789	-114.966	-15.2961	62.9168
-1.32168	-115.395	-15.3625	62.9671
-1.32583	-115.826	-15.4297	63.0175
-1.32756	-116.29	-15.5029	63.0718
-1.32825	-116.723	-15.5723	63.1223
-1.32714	-117.152	-15.6425	63.1724
-1.32381	-117.631	-15.7228	63.2287
-1.3201	-118.064	-15.7958	63.2791
-1.31446	-118.492	-15.8702	63.3293
-1.30776	-118.93	-15.947	63.3802
-1.30144	-119.378	-16.0243	63.4323
-1.29584	-119.834	-16.1018	63.4857
-1.28899	-120.265	-16.174	63.5366
-1.28051	-120.699	-16.2458	63.5875
-1.26957	-121.125	-16.3158	63.6375
-1.25275	-121.599	-16.3916	63.6937
-1.23764	-122.031	-16.4589	63.7448
-1.22281	-122.47	-16.526	63.7966
-1.20468	-122.938	-16.5967	63.8513
-1.18955	-123.401	-16.6661	63.9056
-1.17143	-123.869	-16.7333	63.9605
-1.15435	-124.325	-16.7998	64.0145
-1.13074	-124.803	-16.8699	64.0707
-1.10855	-125.266	-16.9395	64.1252
-1.07967	-125.738	-17.0104	64.1803
-1.05436	-126.218	-17.0836	64.2362
-1.0317	-126.677	-17.1529	64.2896
-0.993713	-127.162	-17.2268	64.3463
-0.964566	-127.623	-17.2975	64.4002
-0.932784	-128.054	-17.364	64.4504
-0.891376	-128.512	-17.4354	64.5044
-0.857409	-128.978	-17.5086	64.5592
-0.813029	-129.448	-17.5833	64.6144
-0.777901	-129.91	-17.6576	64.6685
-0.741305	-130.363	-17.7306	64.7222
-0.691994	-130.817	-17.8033	64.7756
-0.653239	-131.264	-17.8738	64.8283
-0.61008	-131.704	-17.9421	64.8804
-0.569493	-132.154	-18.0121	64.9336
-0.518297	-132.604	-18.0822	64.9869
-0.479304	-133.06	-18.1527	65.0408
-0.437098	-133.514	-18.2229	65.0948
-0.388883	-133.954	-18.2916	65.1474
-0.344678	-134.41	-18.3622	65.2013
-0.293563	-134.878	-18.4342	65.2565
-0.252112	-135.343	-18.5058	65.3112
-0.204803	-135.787	-18.5753	65.3634
-0.152021	-136.239	-18.6464	65.4173
-0.105949	-136.685	-18.7171	65.4702
-0.0604729	-137.129	-18.787	65.5228
-0.00818128	-137.615	-18.8631	65.5799
0.031867	-138.078	-18.935	65.6343
0.084923	-138.535	-19.0052	65.6888
0.129315	-138.98	-19.0735	65.7415
0.174425	-139.414	-19.1406	65.7932
0.216254	-139.843	-19.2068	65.844
0.270621	-140.283	-19.274	65.8961
0.316337	-140.742	-19.3442	65.9501
0.351256	-141.191	-19.4122	66.0032
0.401037	-141.629	-19.4787	66.0555
0.433169	-142.096	-19.5496	66.1103
0.480072	-142.548	-19.6179	66.1638
0.510397	-142.996	-19.6843	66.2168
0.538573	-143.454	-19.7518	66.2711
0.582188	-143.922	-19.8223	66.3264
0.607293	-144.365	-19.8886	66.3789
0.63179	-144.822	-19.9576	66.4329
0.651945	-145.246	-20.0217	66.4829
0.673383	-145.7	-20.0927	66.536
0.696107	-146.169	-20.1679	66.5912
0.714605	-146.596	-20.2367	66.6417
0.741124	-147.05	-20.3103	66.6957
0.759937	-147.513	-20.3858	66.7503
0.776545	-147.946	-20.4551	66.8012
0.797135	-148.374	-20.5232	66.8516
0.815279	-148.809	-20.5925	66.9029
0.838726	-149.287	-20.6683	66.9592
0.859448	-149.766	-20.7449	67.0155
0.872354	-150.21	-20.8184	67.0678
0.881052	-150.663	-20.8953	67.1206
0.890425	-151.124	-20.9725	67.174
0.898706	-151.576	-21.0474	67.2267
0.907855	-152.047	-21.1241	67.2818
0.917148	-152.53	-21.2029	67.3388
0.922649	-152.955	-21.2726	67.3889
0.927222	-153.4	-21.3453	67.4409
0.934921	-153.884	-21.4235	67.4979
0.939569	-154.352	-21.4982	67.5527
0.943848	-154.812	-21.5713	67.6067
0.943279	-155.272	-21.6448	67.6609
0.944059	-155.7	-21.7123	67.7109
0.944721	-156.16	-21.7841	67.7648
0.945059	-156.632	-21.8573	67.8202
0.945525	-157.093	-21.9287	67.875
0.946116	-157.561	-22.0009	67.9304
0.946984	-158.026	-22.0733	67.9855
0.947719	-158.502	-22.1501	68.0417
0.9467	-158.97	-22.2261	68.0972
0.947588	-159.423	-22.2994	68.1508
0.945652	-159.888	-22.3724	68.2056
0.944809	-160.361	-22.4443	68.2614
0.937337	-160.814	-22.5118	68.315
0.930724	-161.277	-22.5791	68.3697
0.922662	-161.718	-22.6454	68.4217
0.913496	-162.165	-22.7134	68.4745
0.90028	-162.614	-22.7826	68.5275
0.894057	-163.055	-22.8509	68.5795
0.881844	-163.515	-22.9233	68.6338
0.861098	-163.963	-22.9928	68.6868
0.847122	-164.433	-23.0637	68.7426
0.827157	-164.86	-23.1269	68.7942
0.80327	-165.326	-23.1939	68.8496
0.783169	-165.782	-23.2585	68.9036
0.75556	-166.264	-23.3263	68.9602
0.727831	-166.73	-23.3955	69.015
0.700182	-167.196	-23.4671	69.0694
0.675563	-167.644	-23.5374	69.1218
0.637084	-168.113	-23.6111	69.1765
0.603148	-168.598	-23.6882	69.2329
0.563709	-169.048	-23.7598	69.286
0.526904	-169.502	-23.8323	69.3392
0.491618	-169.952	-23.9036	69.3917
0.450875	-170.398	-23.9743	69.444
0.414662	-170.833	-24.043	69.4951
0.37024	-171.279	-24.1138	69.5475
0.326963	-171.751	-24.1898	69.6031
0.284526	-172.185	-24.2599	69.6545
0.231803	-172.614	-24.3289	69.7055
0.193236	-173.089	-24.4048	69.7614
0.155173	-173.529	-24.4749	69.8139
0.106027	-173.989	-24.5477	69.869
0.073575	-174.457	-24.6206	69.9245
0.0258002	-174.899	-24.6897	69.9776
-0.00951471	-175.352	-24.7594	70.0317
-0.0643158	-175.821	-24.8314	70.088
-0.0968371	-176.29	-24.9027	70.1439
-0.143568	-176.736	-24.9711	70.1972
-0.18103	-177.195	-25.0413	70.252
-0.237335	-177.662	-25.1142	70.3077
-0.277864	-178.12	-25.1877	70.3622
-0.330791	-178.582	-25.2624	70.4172
-0.377157	-179.057	-25.3404	70.4733
-0.434686	-179.522	-25.4149	70.528
-0.487109	-179.992	-25.4876	70.5835
-0.541342	-180.443	-25.5541	70.6375
-0.590353	-180.885	-25.6179	70.6899
-0.63394	-181.329	-25.6839	70.7422
-0.673157	-181.792	-25.7566	70.7973
-0.718234	-182.24	-25.8295	70.8499
-0.752993	-182.683	-25.9003	70.902
-0.793554	-183.163	-25.9775	70.959
-0.822676	-183.604	-26.0514	71.0109
-0.845437	-184.048	-26.1266	71.0628
-0.869828	-184.521	-26.2071	71.1185
-0.881886	-184.981	-26.2858	71.173
-0.901555	-185.455	-26.3659	71.2292
-0.911408	-185.915	-26.4455	71.2835
-0.926695	-186.379	-26.5234	71.3385
-0.929018	-186.833	-26.5992	71.3925
-0.942164	-187.313	-26.6778	71.449
-0.945262	-187.765	-26.7509	71.5026
-0.955435	-188.231	-26.8244	71.5576
-0.960381	-188.661	-26.8906	71.6083
-0.964751	-189.129	-26.9629	71.6636
-0.968977	-189.557	-27.0287	71.7139
-0.973467	-190.014	-27.1	71.7681
-0.979605	-190.479	-27.1736	71.8226
-0.985239	-190.956	-27.2494	71.8785
-0.993313	-191.415	-27.3232	71.9325
-1.00092	-191.883	-27.3986	71.9874
-1.01066	-192.343	-27.4734	72.0416
-1.01839	-192.783	-27.544	72.0933
-1.02505	-193.225	-27.6157	72.1454
-1.03012	-193.674	-27.6876	72.1982
-1.03367	-194.134	-27.7619	72.2527
-1.03413	-194.586	-27.834	72.3061
-1.03344	-195.054	-27.9078	72.361
-1.03151	-195.513	-27.9792	72.415
-1.0286	-195.965	-28.0497	72.4684
-1.02612	-196.398	-28.1184	72.5189
-1.02462	-196.859	-28.1927	72.5729
-1.02487	-197.335	-28.27	72.6285
-1.02601	-197.783	-28.3424	72.6815
-1.02715	-198.241	-28.4149	72.7351
-1.02872	-198.7	-28.4868	72.7887
-1.02906	-199.145	-28.5566	72.8411
-1.02747	-199.608	-28.6286	72.8956
-1.02505	-200.046	-28.6957	72.9471
-1.02187	-200.485	-28.7627	72.9987
-1.01523	-200.931	-28.8313	73.0509
-1.0081	-201.369	-28.899	73.1027
-1.00034	-201.824	-28.9681	73.1563
-0.991405	-202.279	-29.0355	73.2096
-0.980228	-202.719	-29.1007	73.2615
-0.963275	-203.168	-29.1669	73.3146
-0.938123	-203.61	-29.2334	73.3668
-0.91721	-204.066	-29.3017	73.4207
-0.89858	-204.527	-29.3706	73.4747
-0.873069	-204.994	-29.4402	73.5296
-0.850193	-205.441	-29.5076	73.5822
-0.827524	-205.887	-29.5767	73.6351
-0.791206	-206.352	-29.6496	73.6894
-0.765858	-206.816	-29.7237	73.7435
-0.728384	-207.266	-29.7954	73.7966
-0.69963	-207.709	-29.8662	73.8485
-0.669934	-208.146	-29.9354	73.9002
-0.640034	-208.62	-30.0099	73.9563
-0.602653	-209.095	-30.0847	74.0122
-0.561918	-209.574	-30.1599	74.0685
-0.531482	-210.015	-30.2282	74.1203
-0.500319	-210.453	-30.296	74.1716
-0.456888	-210.927	-30.3693	74.2276
-0.422373	-211.365	-30.4372	74.279
-0.38879	-211.818	-30.5075	74.3322
-0.357344	-212.257	-30.5756	74.3837
-0.326018	-212.718	-30.647	74.4377
-0.282343	-213.17	-30.7172	74.4909
-0.242299	-213.597	-30.7827	74.5413
-0.206359	-214.032	-30.8493	74.5927
-0.163467	-214.507	-30.9234	74.6484
-0.129802	-214.975	-30.997	74.703
-0.0830287	-215.455	-31.0731	74.7595
-0.0455221	-215.936	-31.1493	74.8161
-0.00194136	-216.405	-31.2236	74.8713
0.0350176	-216.873	-31.2973	74.9263
0.0762579	-217.341	-31.3713	74.9815
0.111983	-217.789	-31.4431	75.0337
0.147124	-218.239	-31.515	75.0867
0.196369	-218.706	-31.5884	75.1418
0.238828	-219.132	-31.6558	75.1919
0.274928	-219.584	-31.7283	75.2452
0.325818	-220.054	-31.8023	75.2999
0.35764	-220.493	-31.871	75.3515
0.387584	-220.955	-31.9431	75.4061
0.430024	-221.431	-32.0151	75.4622
0.458086	-221.897	-32.0861	75.5173
0.49708	-222.354	-32.1571	75.5713
0.5217	-222.824	-32.2316	75.6268
0.554507	-223.275	-32.304	75.6805
0.583212	-223.726	-32.3761	75.7337
0.60951	-224.162	-32.4456	75.7856
0.646061	-224.605	-32.5163	75.8383
0.667806	-225.06	-32.5893	75.8924
0.692721	-225.508	-32.662	75.945
0.719559	-225.969	-32.7369	75.9991
0.741327	-226.417	-32.8104	76.0517
0.759988	-226.898	-32.8884	76.108
0.783468	-227.351	-32.9606	76.1615
0.804341	-227.817	-33.034	76.2164
0.827895	-228.281	-33.1077	76.2711
0.843668	-228.732	-33.1788	76.3243
0.858906	-229.191	-33.2512	76.3786
0.872285	-229.65	-33.3264	76.4331
0.879278	-230.101	-33.3996	76.4866
0.890726	-230.549	-33.4717	76.5398
0.893109	-230.992	-33.5445	76.5924
0.896099	-231.429	-33.6159	76.6441
0.900346	-231.865	-33.6851	76.6957
0.90689	-232.303	-33.7548	76.7478
0.906859	-232.759	-33.827	76.8015
0.900217	-233.195	-33.8967	76.8529
0.897885	-233.641	-33.9678	76.9058
0.898523	-234.089	-34.04	76.9585
0.895728	-234.543	-34.1134	77.0119
0.896592	-234.993	-34.189	77.0645
0.896867	-235.453	-34.2638	77.1185
0.90265	-235.932	-34.3371	77.1742
0.905247	-236.379	-34.4007	77.2266
0.906407	-236.829	-34.4651	77.2796
0.913482	-237.28	-34.5298	77.3325
0.912213	-237.751	-34.5993	77.3874
0.91293	-238.189	-34.6631	77.4391
0.909286	-238.632	-34.7275	77.4914
0.902596	-239.069	-34.7895	77.5427
0.888727	-239.498	-34.8513	77.5934
0.870884	-239.928	-34.9149	77.6442
0.851089	-240.366	-34.9817	77.6959
0.826258	-240.845	-35.0552	77.752
0.801573	-241.276	-35.1213	77.8027
0.774002	-241.755	-35.1948	77.8588
0.748462	-242.202	-35.2647	77.9114
0.719179	-242.643	-35.3348	77.9629
0.691965	-243.083	-35.4052	78.0144
0.664635	-243.549	-35.4784	78.0687
0.633482	-243.984	-35.547	78.1195
0.60789	-244.421	-35.6153	78.1705
0.586259	-244.872	-35.6864	78.2231
0.563134	-245.332	-35.7592	78.2768
0.535382	-245.784	-35.8311	78.3297
0.515278	-246.244	-35.9046	78.3841
0.486622	-246.711	-35.9775	78.4392
0.464064	-247.163	-36.0464	78.4931
0.435191	-247.608	-36.1136	78.5461
0.401949	-248.074	-36.1836	78.6015
0.370415	-248.51	-36.2477	78.6528
0.342617	-248.97	-36.3171	78.7074
0.303162	-249.427	-36.3868	78.7617
0.265186	-249.854	-36.452	78.8122
0.229047	-250.283	-36.5183	78.8627
0.188029	-250.769	-36.5935	78.9198
0.150446	-251.236	-36.6659	78.9742
0.117179	-251.673	-36.7338	79.0253
0.0814714	-252.1	-36.7993	79.0754
0.0377942	-252.558	-36.8702	79.1301
0.0076938	-253.011	-36.9398	79.183
-0.0235664	-253.436	-37.0057	79.233
-0.0518004	-253.897	-37.0786	79.2875
-0.0863215	-254.371	-37.1537	79.3435
-0.113807	-254.822	-37.2257	79.3971
-0.144811	-255.268	-37.296	79.4497
-0.169611	-255.714	-37.3666	79.5026
-0.189905	-256.188	-37.4414	79.5587
-0.224597	-256.626	-37.511	79.6106
-0.25325	-257.065	-37.5818	79.6628
-0.283306	-257.516	-37.6554	79.7162
-0.321536	-257.974	-37.7296	79.7707
-0.353341	-258.436	-37.8038	79.8252
-0.384048	-258.869	-37.8722	79.876
-0.41999	-259.309	-37.9421	79.9287
-0.458421	-259.769	-38.0144	79.9831
-0.491662	-260.22	-38.0851	80.0366
-0.522798	-260.648	-38.1519	80.0869
-0.561418	-261.118	-38.2249	80.1426
-0.597025	-261.554	-38.2921	80.1943
-0.631356	-261.996	-38.3597	80.247
-0.665523	-262.43	-38.4255	80.2984
-0.693903	-262.864	-38.4916	80.3498
-0.724561	-263.326	-38.5623	80.4042
-0.749385	-263.766	-38.6307	80.4562
-0.776953	-264.239	-38.7049	80.5118
-0.797255	-264.676	-38.7744	80.5635
-0.818455	-265.124	-38.8447	80.6164
-0.837105	-265.586	-38.9164	80.6709
-0.850646	-266.038	-38.9869	80.7246
-0.862478	-266.493	-39.0587	80.7783
-0.876934	-266.938	-39.1301	80.8309
-0.879903	-267.397	-39.2042	80.8851
-0.883296	-267.849	-39.2768	80.9386
-0.890596	-268.295	-39.3499	80.9914
-0.887642	-268.757	-39.4277	81.046
-0.883094	-269.191	-39.5003	81.0974
-0.879226	-269.621	-39.5733	81.1485
-0.878802	-270.054	-39.6476	81.1998
-0.875031	-270.486	-39.7214	81.251
-0.872286	-270.924	-39.7956	81.3031
-0.864354	-271.352	-39.8697	81.3539
-0.861303	-271.789	-39.9432	81.4055
-0.862734	-272.234	-40.0166	81.4583
-0.860549	-272.665	-40.0859	81.509
-0.859445	-273.109	-40.1572	81.5609
-0.859107	-273.556	-40.2283	81.613
-0.858879	-274.005	-40.3	81.6658
-0.858933	-274.464	-40.3738	81.7194
-0.861145	-274.902	-40.4449	81.7705
-0.864566	-275.387	-40.523	81.827
-0.867022	-275.84	-40.5946	81.8796
-0.869868	-276.308	-40.6691	81.9339
-0.87186	-276.747	-40.7384	81.9852
-0.873336	-277.221	-40.813	82.0407
-0.874591	-277.684	-40.8861	82.0948
-0.875831	-278.136	-40.9561	82.148
-0.876513	-278.614	-41.0287	82.2037
-0.875644	-279.093	-41.1022	82.26
-0.87358	-279.53	-41.1701	82.311
-0.869289	-279.993	-41.2421	82.3655
-0.865452	-280.458	-41.3141	82.42
-0.861653	-280.894	-41.3796	82.471
-0.856435	-281.324	-41.4429	82.5213
-0.85043	-281.762	-41.5078	82.573
-0.843333	-282.2	-41.5721	82.6245
-0.831093	-282.634	-41.6361	82.6754
-0.814319	-283.107	-41.7071	82.7307
-0.80246	-283.556	-41.7741	82.7831
-0.785341	-284.027	-41.8448	82.8383
-0.755992	-284.497	-41.9154	82.8936
-0.732882	-284.945	-41.9835	82.9463
-0.708274	-285.4	-42.0523	82.9997
-0.673758	-285.855	-42.1213	83.0531
-0.647633	-286.307	-42.1901	83.1063
-0.61271	-286.778	-42.2627	83.1613
-0.584102	-287.239	-42.3357	83.2153
-0.556093	-287.693	-42.4077	83.2686
-0.521015	-288.138	-42.4784	83.3207
-0.495748	-288.568	-42.5468	83.3707
-0.466635	-289.011	-42.6176	83.4227
-0.435228	-289.451	-42.6884	83.474
-0.406279	-289.914	-42.7628	83.5283
-0.374755	-290.37	-42.8346	83.5818
-0.343449	-290.823	-42.9053	83.6353
-0.316437	-291.258	-42.972	83.6864
-0.284578	-291.692	-43.0386	83.7375
-0.248208	-292.158	-43.1105	83.7923
-0.220015	-292.599	-43.1786	83.8447
-0.191681	-293.056	-43.2499	83.8985
-0.161405	-293.489	-43.318	83.9497
-0.137118	-293.924	-43.3864	84.0009
-0.11728	-294.393	-43.4608	84.0557
-0.09065	-294.856	-43.5335	84.1102
-0.073129	-295.299	-43.6031	84.1621
-0.0540527	-295.737	-43.6713	84.214
-0.0342524	-296.189	-43.7406	84.2671
-0.00961053	-296.635	-43.8085	84.32
0.00484043	-297.106	-43.8793	84.3756
0.023258	-297.533	-43.9431	84.426
0.0503367	-297.989	-44.0119	84.48
0.0733103	-298.432	-44.0778	84.5325
0.0990911	-298.894	-44.1455	84.5872
0.12511	-299.318	-44.2087	84.6374
0.162937	-299.771	-44.2765	84.6908
0.193698	-300.213	-44.3435	84.7429
0.225101	-300.658	-44.4126	84.7952
0.25636	-301.083	-44.4811	84.8454
0.290478	-301.514	-44.5506	84.8962
0.324532	-301.96	-44.6224	84.9486
0.364901	-302.4	-44.6931	85.0005
0.401648	-302.841	-44.7635	85.0523
0.433486	-303.278	-44.8325	85.104
0.4628	-303.735	-44.9051	85.1576
0.499737	-304.183	-44.9747	85.2105
0.526112	-304.649	-45.0463	85.2653
0.554021	-305.121	-45.1203	85.3213
0.580754	-305.552	-45.1889	85.3718
0.602195	-305.985	-45.257	85.4226
0.622544	-306.439	-45.3275	85.4756
0.646651	-306.889	-45.3976	85.5284
0.671554	-307.334	-45.4676	85.5807
0.690869	-307.8	-45.5415	85.6357
0.712687	-308.228	-45.6098	85.686
0.734198	-308.673	-45.681	85.7392
0.763788	-309.138	-45.7555	85.794
0.784715	-309.603	-45.83	85.8492
0.811	-310.073	-45.9044	85.9047
0.834863	-310.551	-45.9793	85.9611
0.860364	-311.01	-46.0501	86.0156
0.884602	-311.447	-46.1175	86.067
0.907325	-311.875	-46.1839	86.1173
0.941724	-312.342	-46.257	86.1724
0.964281	-312.79	-46.3281	86.2252
0.989639	-313.265	-46.4048	86.281
1.01176	-313.723	-46.4793	86.3352
1.03321	-314.149	-46.5478	86.3854
1.0539	-314.573	-46.6144	86.4354
1.07145	-314.997	-46.6819	86.4856
1.08573	-315.447	-46.7534	86.5389
1.11104	-315.894	-46.8255	86.5919
1.12461	-316.341	-46.8971	86.6447
1.13942	-316.795	-46.9691	86.6983
1.15525	-317.249	-47.0408	86.752
1.16786	-317.692	-47.1114	86.8046
1.17613	-318.173	-47.1885	86.8605
1.18548	-318.615	-47.2602	86.9124
1.18902	-319.073	-47.3348	86.9657
1.19256	-319.527	-47.409	87.0191
1.19395	-319.987	-47.4834	87.0731
1.19575	-320.452	-47.5577	87.1273
1.19365	-320.901	-47.6292	87.1801
1.18765	-321.334	-47.6976	87.231
1.18088	-321.782	-47.7672	87.2835
1.16908	-322.217	-47.8333	87.3349
1.16023	-322.662	-47.8994	87.3876
1.14557	-323.083	-47.9619	87.4377
1.12657	-323.504	-48.0247	87.4883
1.10181	-323.927	-48.0877	87.5389
1.07232	-324.363	-48.1519	87.5912
1.03225	-324.802	-48.2159	87.6435
0.996704	-325.226	-48.2788	87.6942
0.952611	-325.675	-48.3454	87.7476
0.90877	-326.105	-48.411	87.7994
0.856869	-326.523	-48.4756	87.8495
0.784155	-326.981	-48.5477	87.9045
0.728602	-327.408	-48.6154	87.9558
0.671662	-327.877	-48.6888	88.0117
0.6034	-328.315	-48.7571	88.0645
0.545154	-328.751	-48.8253	88.1168
0.483628	-329.17	-48.8915	88.1672
0.425289	-329.608	-48.9619	88.22
0.35476	-330.08	-49.0386	88.2765
0.305138	-330.506	-49.1076	88.328
0.250478	-330.917	-49.1709	88.378
0.197597	-331.34	-49.2332	88.4292
0.144123	-331.759	-49.2957	88.4801
0.0826761	-332.214	-49.3647	88.5351
0.0395157	-332.688	-49.4382	88.5921
-0.0162521	-333.13	-49.5076	88.645
-0.0605925	-333.574	-49.5792	88.6981
-0.107986	-333.997	-49.6491	88.7488
-0.152392	-334.421	-49.7188	88.7998
-0.197238	-334.86	-49.7903	88.852
-0.238605	-335.282	-49.858	88.9025
-0.274575	-335.747	-49.9323	88.9573
-0.315057	-336.19	-50.0037	89.0098
-0.350647	-336.628	-50.0748	89.0614
-0.392404	-337.1	-50.1523	89.1171
-0.424773	-337.553	-50.2268	89.1701
-0.462313	-338.018	-50.3036	89.2245
-0.4867	-338.481	-50.3815	89.279
-0.515708	-338.932	-50.4562	89.3325
-0.539496	-339.403	-50.5338	89.3878
-0.558186	-339.84	-50.6054	89.4398
-0.584774	-340.3	-50.6803	89.494
-0.597797	-340.752	-50.7534	89.5477
-0.616637	-341.221	-50.8277	89.6029
-0.631639	-341.668	-50.8966	89.6562
-0.646125	-342.138	-50.969	89.7116
-0.660319	-342.579	-51.0378	89.7634
-0.672514	-343.006	-51.1043	89.8135
-0.682773	-343.436	-51.1713	89.864
-0.69061	-343.861	-51.2373	89.9141
-0.698299	-344.325	-51.3094	89.9691
-0.707228	-344.795	-51.3832	90.0244
-0.712054	-345.231	-51.4512	90.0755
-0.714828	-345.679	-51.5213	90.1282
-0.717426	-346.132	-51.5921	90.1815
-0.719451	-346.584	-51.6625	90.2347
-0.724251	-347.026	-51.73	90.2868
-0.726787	-347.469	-51.7967	90.3388
-0.723294	-347.935	-51.867	90.3937
-0.730497	-348.386	-51.9343	90.4464
-0.72983	-348.846	-52.0034	90.5
-0.721464	-349.289	-52.0704	90.5521
-0.714382	-349.726	-52.1369	90.6034
-0.709225	-350.197	-52.2085	90.6584
-0.69482	-350.634	-52.2752	90.7097
-0.671449	-351.106	-52.3464	90.7654
-0.650057	-351.556	-52.414	90.8185
-0.624098	-352.009	-52.4825	90.8718
-0.581972	-352.459	-52.5518	90.925
-0.543219	-352.926	-52.6241	90.9802
-0.499992	-353.366	-52.6924	91.0326
-0.461768	-353.794	-52.7586	91.0836
-0.419486	-354.239	-52.8271	91.1363
-0.377742	-354.718	-52.9005	91.193
-0.331883	-355.145	-52.9644	91.2438
-0.291576	-355.567	-53.0276	91.2938
-0.253106	-356.041	-53.1001	91.3493
-0.219406	-356.485	-53.1684	91.4018
-0.172433	-356.919	-53.2343	91.4531
-0.133982	-357.349	-53.3011	91.5037
-0.100455	-357.792	-53.3695	91.5554
-0.0671693	-358.227	-53.4349	91.6066
-0.0237143	-358.711	-53.5092	91.6635
0.0163533	-359.162	-53.5789	91.7165
0.0515754	-359.608	-53.6488	91.769
0.082656	-360.041	-53.7172	91.8203
0.127482	-360.525	-53.7944	91.877
0.157219	-360.988	-53.869	91.9315
0.198406	-361.442	-53.9422	91.985
0.228391	-361.88	-54.0139	92.0367
0.255529	-362.311	-54.0845	92.0875
0.297812	-362.777	-54.16	92.1429
0.327981	-363.245	-54.2366	92.1984
0.36278	-363.692	-54.309	92.2511
0.404437	-364.126	-54.3794	92.3025
0.433789	-364.6	-54.4539	92.3584
0.46796	-365.024	-54.52	92.4089
0.501194	-365.473	-54.5897	92.4618
0.53945	-365.904	-54.6561	92.513
0.572858	-366.361	-54.7267	92.5671
0.606727	-366.806	-54.7952	92.6197
0.635406	-367.234	-54.861	92.671
0.677438	-367.668	-54.9276	92.7228
0.703886	-368.109	-54.9968	92.7753
0.732526	-368.551	-55.0669	92.8276
0.76342	-368.971	-55.1327	92.878
0.79437	-369.426	-55.204	92.9324
0.832354	-369.872	-55.2742	92.9859
0.858006	-370.315	-55.3435	93.0394
0.887619	-370.768	-55.4137	93.0941
0.919105	-371.233	-55.485	93.1495
0.95161	-371.704	-55.5582	93.2062
0.97273	-372.159	-55.6287	93.2605
0.996831	-372.608	-55.701	93.3138
1.01292	-373.033	-55.7696	93.3641
1.02938	-373.461	-55.8394	93.4144
1.04035	-373.938	-55.9177	93.4705
1.04895	-374.385	-55.9913	93.5226
1.04985	-374.852	-56.0689	93.5775
1.04949	-375.318	-56.1449	93.632
1.04595	-375.788	-56.2213	93.6871
1.03833	-376.263	-56.2968	93.7428
1.0254	-376.725	-56.3693	93.7971
1.01244	-377.185	-56.4414	93.8511
0.990951	-377.64	-56.5121	93.9047
0.978742	-378.088	-56.5803	93.9579
0.964363	-378.536	-56.648	94.0112
0.937593	-378.976	-56.7134	94.0636
0.91415	-379.418	-56.7782	94.1167
0.891056	-379.856	-56.8415	94.1691
0.862964	-380.29	-56.9038	94.2212
0.818766	-380.761	-56.9718	94.2772
0.782501	-381.197	-57.0346	94.3297
0.731052	-381.649	-57.1017	94.3834
0.680146	-382.101	-57.1708	94.4373
0.62653	-382.54	-57.2383	94.4897
0.568969	-382.989	-57.308	94.5432
0.500728	-383.445	-57.3806	94.5974
0.438258	-383.873	-57.4494	94.6479
0.377337	-384.315	-57.5204	94.7003
0.300788	-384.757	-57.5904	94.753
0.239898	-385.183	-57.6577	94.804
0.178397	-385.617	-57.7258	94.8557
0.117204	-386.033	-57.7904	94.9059
0.06344	-386.463	-57.8565	94.9577
0.022701	-386.918	-57.9271	95.0122
-0.0431923	-387.334	-57.9917	95.0628
-0.0877924	-387.758	-58.0566	95.1139
-0.137113	-388.178	-58.1201	95.1647
-0.17881	-388.635	-58.1906	95.2191
-0.221332	-389.055	-58.2589	95.2695
-0.274195	-389.497	-58.3305	95.322
-0.32657	-389.935	-58.4028	95.3744
-0.36831	-390.369	-58.4735	95.4259
-0.408678	-390.8	-58.5439	95.4777
-0.451421	-391.249	-58.6195	95.5311
-0.499661	-391.701	-58.6953	95.5849
-0.539232	-392.169	-58.7746	95.6407
-0.579698	-392.599	-58.8451	95.6918
-0.62616	-393.062	-58.9199	95.7472
-0.666948	-393.486	-58.9887	95.7977
-0.7002	-393.913	-59.0577	95.8484
-0.733646	-394.338	-59.1268	95.899
-0.77098	-394.77	-59.1988	95.9504
-0.802003	-395.198	-59.2701	96.0013
-0.841878	-395.652	-59.3438	96.0557
-0.872042	-396.097	-59.4142	96.109
-0.910732	-396.522	-59.4809	96.1601
-0.939434	-396.959	-59.5475	96.2124
-0.96785	-397.406	-59.6149	96.2654
-0.995793	-397.85	-59.682	96.3178
-1.02883	-398.28	-59.7467	96.3684
-1.055	-398.723	-59.8137	96.4205
-1.0804	-399.157	-59.8787	96.4712
-1.10422	-399.613	-59.948	96.5246
-1.13	-400.102	-60.0221	96.5817
-1.15088	-400.555	-60.0922	96.6351
-1.17389	-401.012	-60.162	96.6887
-1.1921	-401.485	-60.2344	96.7439
-1.21289	-401.96	-60.305	96.7991
-1.22806	-402.427	-60.3753	96.8539
-1.24388	-402.904	-60.4467	96.9096
-1.25536	-403.375	-60.518	96.9647
-1.26437	-403.805	-60.5836	97.0149
-1.27137	-404.232	-60.6498	97.0652
-1.27696	-404.667	-60.7179	97.1159
-1.2809	-405.098	-60.7853	97.1664
-1.28241	-405.531	-60.8511	97.2174
-1.28369	-405.98	-60.9196	97.2706
-1.28304	-406.459	-60.9925	97.327
-1.28093	-406.916	-61.0629	97.3806
-1.27805	-407.377	-61.1333	97.4346
-1.27584	-407.828	-61.2008	97.4876
-1.2736	-408.276	-61.2649	97.5406
-1.27228	-408.738	-61.333	97.5948
-1.27037	-409.19	-61.401	97.6479
-1.26553	-409.63	-61.4655	97.6998
-1.26043	-410.062	-61.5307	97.7507
-1.25372	-410.516	-61.6005	97.804
-1.24608	-410.977	-61.672	97.8582
-1.23572	-411.441	-61.7436	97.9127
-1.22622	-411.894	-61.8145	97.9655
-1.21261	-412.354	-61.8877	98.0195
-1.20027	-412.822	-61.962	98.0742
-1.18763	-413.264	-62.0321	98.1259
-1.17386	-413.705	-62.1025	98.1781
-1.15536	-414.158	-62.1756	98.2313
-1.13861	-414.599	-62.2473	98.2834
-1.11897	-415.056	-62.3226	98.3368
-1.09641	-415.485	-62.3937	98.3876
-1.07155	-415.912	-62.4641	98.4383
-1.04635	-416.374	-62.5407	98.4938
-1.01593	-416.803	-62.6107	98.5449
-0.980947	-417.236	-62.6812	98.5963
-0.943671	-417.658	-62.7491	98.6467
-0.900706	-418.096	-62.8212	98.6992
-0.855885	-418.528	-62.8919	98.7505
-0.810631	-418.953	-62.9611	98.8009
-0.750768	-419.403	-63.0344	98.8547
-0.703777	-419.824	-63.1023	98.9049
-0.656992	-420.286	-63.175	98.9597
-0.613059	-420.719	-63.242	99.0111
-0.565318	-421.151	-63.3069	99.0624
-0.520037	-421.578	-63.3705	99.1133
-0.466694	-422.028	-63.4366	99.1663
-0.425545	-422.481	-63.5035	99.2198
-0.379449	-422.915	-63.5696	99.271
-0.338726	-423.336	-63.6364	99.321
-0.29664	-423.768	-63.7058	99.372
-0.25563	-424.189	-63.7741	99.4221
-0.204367	-424.651	-63.8484	99.4773
-0.167961	-425.081	-63.9171	99.5287
-0.13054	-425.521	-63.9853	99.5809
-0.0944106	-425.943	-64.0499	99.6312
-0.0468664	-426.4	-64.1192	99.6861
-0.00885302	-426.828	-64.1841	99.7374
0.0245022	-427.254	-64.2498	99.7885
0.0565747	-427.695	-64.3183	99.8409
0.0941988	-428.147	-64.3893	99.8948
0.137498	-428.579	-64.4572	99.9468
0.174135	-429.037	-64.5291	100.002
0.215891	-429.464	-64.5961	100.053
0.267582	-429.932	-64.6694	100.108
0.305845	-430.373	-64.7403	100.16
0.35401	-430.84	-64.8158	100.216
0.39178	-431.299	-64.8915	100.27
0.430236	-431.754	-64.9664	100.324
0.465935	-432.185	-65.0367	100.375
0.513736	-432.647	-65.1111	100.429
0.54937	-433.104	-65.1827	100.483
0.588216	-433.529	-65.2488	100.533
0.628616	-433.983	-65.3198	100.587
0.656253	-434.472	-65.3965	100.645
0.684544	-434.94	-65.4708	100.7
0.707035	-435.403	-65.5451	100.754
0.733954	-435.86	-65.6173	100.808
0.75537	-436.285	-65.6842	100.858
0.774168	-436.75	-65.7575	100.913
0.790247	-437.182	-65.8263	100.964
0.805597	-437.613	-65.8951	101.015
0.822444	-438.069	-65.9675	101.069
0.833026	-438.535	-66.0401	101.124
0.847128	-438.984	-66.1104	101.178
0.854349	-439.422	-66.1794	101.23
0.863685	-439.868	-66.2485	101.283
0.875347	-440.336	-66.3209	101.339
0.881637	-440.784	-66.3899	101.392
0.889591	-441.236	-66.4604	101.445
0.898762	-441.689	-66.5312	101.499
0.903344	-442.139	-66.6013	101.553
0.910419	-442.613	-66.6749	101.609
0.913673	-443.047	-66.7433	101.659
0.918128	-443.478	-66.8103	101.71
0.92189	-443.935	-66.8801	101.764
0.921558	-444.387	-66.9476	101.817
0.930072	-444.857	-67.0148	101.873
0.923635	-445.322	-67.0824	101.927
0.928683	-445.774	-67.1467	101.981
0.92421	-446.221	-67.2118	102.033
0.913562	-446.669	-67.2789	102.086
0.903273	-447.122	-67.348	102.139
0.893556	-447.574	-67.4174	102.192
0.875625	-448.033	-67.4888	102.246
0.850322	-448.487	-67.5602	102.299
0.824278	-448.944	-67.6321	102.352
0.799868	-449.399	-67.7037	102.405
0.770956	-449.87	-67.7781	102.46
0.748391	-450.328	-67.8517	102.514
0.724146	-450.789	-67.9259	102.567
0.709471	-451.254	-68.0007	102.621
0.691557	-451.706	-68.073	102.675
0.670952	-452.155	-68.1439	102.728
0.652188	-452.616	-68.216	102.782
0.628427	-453.076	-68.2897	102.836
0.603541	-453.526	-68.3617	102.889
0.57656	-453.964	-68.4319	102.941
0.552087	-454.399	-68.5009	102.993
0.527313	-454.833	-68.569	103.044
0.503377	-455.265	-68.6375	103.095
0.478975	-455.708	-68.7078	103.147
0.455123	-456.167	-68.7819	103.201
0.433037	-456.615	-68.8553	103.254
0.407864	-457.05	-68.9267	103.305
0.384754	-457.517	-69.0021	103.36
0.360115	-457.975	-69.0761	103.414
0.336244	-458.432	-69.1493	103.468
0.316405	-458.873	-69.2201	103.52
0.29703	-459.34	-69.2946	103.575
0.276773	-459.807	-69.3685	103.63
0.261771	-460.26	-69.4388	103.683
0.245572	-460.711	-69.508	103.736
0.228722	-461.176	-69.5778	103.791
0.21616	-461.625	-69.6445	103.844
0.195261	-462.083	-69.7145	103.898
0.17654	-462.528	-69.7866	103.95
0.158197	-462.964	-69.8615	104.002
0.14091	-463.404	-69.9339	104.053
0.113347	-463.856	-70.0069	104.106
0.0899279	-464.324	-70.0785	104.161
0.0678304	-464.752	-70.1423	104.211
0.0443803	-465.197	-70.2086	104.263
0.0225495	-465.664	-70.2778	104.318
-0.00323981	-466.109	-70.3437	104.37
-0.0235029	-466.557	-70.4088	104.423
-0.0472546	-467.021	-70.4785	104.477
-0.0730002	-467.473	-70.5473	104.53
-0.0916319	-467.936	-70.6189	104.585
-0.112938	-468.427	-70.6975	104.642
-0.12832	-468.86	-70.7687	104.693
-0.147279	-469.335	-70.8468	104.748
-0.160738	-469.796	-70.9231	104.801
-0.1758	-470.252	-70.9994	104.854
-0.189933	-470.7	-71.0778	104.906
-0.208714	-471.17	-71.1636	104.96
-0.223997	-471.649	-71.2576	105.015
-0.241163	-472.111	-71.3472	105.068
-0.254153	-472.569	-71.4364	105.121
-0.267912	-473.061	-71.5329	105.177
-0.28636	-473.522	-71.6196	105.231
-0.302441	-473.992	-71.7031	105.285
-0.323842	-474.457	-71.7826	105.34
-0.343964	-474.904	-71.8591	105.392
-0.366238	-475.372	-71.9362	105.447
-0.385994	-475.804	-72.0058	105.498
-0.403618	-476.244	-72.0743	105.55
-0.421008	-476.713	-72.1428	105.605
-0.442146	-477.179	-72.2094	105.66
-0.458535	-477.635	-72.2709	105.715
-0.480806	-478.095	-72.3319	105.769
-0.494092	-478.552	-72.3886	105.823
-0.513135	-479.019	-72.4481	105.879
-0.530332	-479.484	-72.5042	105.934
-0.553981	-479.938	-72.5624	105.988
-0.574741	-480.41	-72.6236	106.043
-0.597219	-480.845	-72.683	106.094
-0.626242	-481.299	-72.7496	106.148
-0.65632	-481.728	-72.8159	106.198
-0.68555	-482.156	-72.885	106.248
-0.716084	-482.587	-72.9553	106.298
-0.750041	-483.064	-73.0322	106.354
-0.780465	-483.503	-73.1044	106.405
-0.818464	-483.989	-73.1849	106.462
-0.849313	-484.461	-73.2617	106.517
-0.877302	-484.937	-73.3393	106.573
-0.901873	-485.364	-73.4049	106.623
-0.924229	-485.798	-73.4719	106.674
-0.943511	-486.23	-73.5369	106.725
-0.958008	-486.676	-73.6049	106.777
-0.972124	-487.112	-73.6738	106.828
-0.995437	-487.55	-73.7426	106.879
-1.01167	-487.981	-73.8116	106.93
-1.027	-488.411	-73.8823	106.981
-1.03664	-488.872	-73.9579	107.035
-1.07019	-489.293	-74.025	107.085
-1.09404	-489.725	-74.0925	107.136
-1.12029	-490.156	-74.1589	107.187
-1.15614	-490.638	-74.2351	107.244
-1.18991	-491.065	-74.3028	107.294
-1.22557	-491.489	-74.3708	107.344
-1.26365	-491.92	-74.4381	107.395
-1.3035	-492.348	-74.5082	107.445
-1.3114	-492.823	-74.5826	107.5
-1.3114	-493.285	-74.655	107.555
-1.3114	-493.757	-74.729	107.61
-1.3114	-494.212	-74.8003	107.663
-1.3114	-494.654	-74.8697	107.716
-1.3114	-495.117	-74.9422	107.77
-1.3114	-495.587	-75.0159	107.825
-1.3114	-496.048	-75.0881	107.878
-1.3114	-496.5	-75.1589	107.931
-1.3114	-496.947	-75.229	107.983
-1.3114	-497.391	-75.2985	108.035
-1.3114	-497.833	-75.3678	108.087
-1.3114	-498.273	-75.4368	108.138
-1.3114	-498.728	-75.5081	108.191
-1.3114	-499.173	-75.5778	108.243
-1.3114	-499.623	-75.6484	108.295
-1.3114	-500.067	-75.7179	108.347
-1.3114	-500.5	-75.7859	108.397
-1.3114	-500.976	-75.8604	108.453
-1.3114	-501.413	-75.929	108.504
-1.3114	-501.85	-75.9974	108.555
-1.3114	-502.285	-76.0655	108.606
-1.3114	-502.774	-76.1423	108.663
-1.3114	-503.203	-76.2095	108.713
-1.3114	-503.679	-76.2841	108.769
-1.3114	-504.108	-76.3513	108.819
-1.3114	-504.557	-76.4217	108.871
-1.3114	-504.994	-76.4902	108.922
-1.3114	-505.427	-76.5581	108.973
-1.3114	-505.879	-76.6289	109.025
-1.3114	-506.352	-76.703	109.081
-1.3114	-506.815	-76.7757	109.135
-1.3114	-507.297	-76.8511	109.192
-1.3114	-507.753	-76.9227	109.245
-1.3114	-508.206	-76.9937	109.299
-1.3114	-508.664	-77.0654	109.353
-1.3114	-509.134	-77.1391	109.408
-1.3114	-509.565	-77.2066	109.458
-1.3114	-510.027	-77.2791	109.513
-1.3114	-510.459	-77.3468	109.563
-1.3114	-510.908	-77.4171	109.615
-1.3114	-511.336	-77.4841	109.666
-1.3114	-511.766	-77.5516	109.716
-1.3114	-512.206	-77.6206	109.767
-1.3114	-512.643	-77.6891	109.818
-1.3114	-513.081	-77.7577	109.869
-1.3114	-513.511	-77.825	109.92
-1.3114	-513.977	-77.8982	109.974
-1.3114	-514.415	-77.9667	110.026
-1.3114	-514.846	-78.0344	110.077
-1.3114	-515.284	-78.103	110.128
-1.3114	-515.714	-78.1703	110.179
-1.3114	-516.139	-78.2369	110.229
-1.3114	-516.567	-78.304	110.279
-1.3114	-517.02	-78.3751	110.333
-1.3114	-517.452	-78.4427	110.383
-1.24192	-518.031	-78.4996	110.436
-1.2073	-518.479	-78.5716	110.489
-1.17408	-518.938	-78.6456	110.544
-1.13736	-519.397	-78.7187	110.598
-1.09468	-519.857	-78.7932	110.652
-1.05717	-520.322	-78.8671	110.707
-1.01732	-520.788	-78.9395	110.762
-0.97854	-521.247	-79.0104	110.816
-0.941704	-521.697	-79.08	110.869
-0.906456	-522.143	-79.1506	110.922
-0.868542	-522.591	-79.2212	110.975
-0.834335	-523.014	-79.2882	111.025
-0.794808	-523.481	-79.363	111.081
-0.761398	-523.9	-79.4319	111.132
-0.728662	-524.321	-79.501	111.182
-0.695415	-524.746	-79.57	111.233
-0.663494	-525.167	-79.6367	111.283
-0.634608	-525.591	-79.7042	111.334
-0.607306	-526.019	-79.7712	111.385
-0.584463	-526.441	-79.8361	111.435
-0.558803	-526.878	-79.904	111.487
-0.523599	-527.327	-79.9745	111.541
-0.498049	-527.75	-80.0398	111.591
-0.475858	-528.209	-80.11	111.645
-0.442073	-528.678	-80.1812	111.7
-0.411955	-529.102	-80.2442	111.751
-0.377334	-529.544	-80.3087	111.803
-0.343943	-529.987	-80.3721	111.856
-0.301221	-530.429	-80.4369	111.908
-0.259776	-530.853	-80.5009	111.958
-0.201626	-531.326	-80.5733	112.015
-0.152422	-531.78	-80.6432	112.069
-0.0829173	-532.229	-80.7145	112.123
-0.0244721	-532.689	-80.7881	112.178
0.0361496	-533.119	-80.8574	112.229
0.102021	-533.548	-80.9246	112.28
0.162454	-534.014	-80.9979	112.336
0.225037	-534.459	-81.0692	112.388
0.285212	-534.905	-81.142	112.441
0.335148	-535.339	-81.2143	112.492
0.382979	-535.801	-81.2919	112.546
0.429914	-536.249	-81.3651	112.599
0.483104	-536.683	-81.4328	112.65
0.519746	-537.13	-81.5009	112.704
0.558722	-537.584	-81.5702	112.757
0.59612	-538.014	-81.6361	112.809
0.643485	-538.457	-81.7045	112.862
0.684794	-538.908	-81.7739	112.916
0.733831	-539.36	-81.8446	112.97
0.776101	-539.812	-81.9164	113.024
0.817001	-540.277	-81.9911	113.079
0.864328	-540.731	-82.0645	113.134
0.907284	-541.152	-82.1305	113.184
0.950425	-541.597	-82.1998	113.237
1.00747	-542.067	-82.2725	113.293
1.05682	-542.493	-82.3398	113.343
1.10694	-542.958	-82.4148	113.397
1.16402	-543.438	-82.4945	113.453
1.21032	-543.914	-82.576	113.508
1.26048	-544.374	-82.6557	113.561
1.30075	-544.84	-82.74	113.615
1.33485	-545.289	-82.8165	113.668
1.37302	-545.734	-82.8867	113.72
1.40193	-546.164	-82.9542	113.771
1.42729	-546.591	-83.0191	113.822
1.44798	-547.03	-83.0854	113.874
1.46576	-547.467	-83.1546	113.926
1.48271	-547.906	-83.2252	113.978
1.49518	-548.34	-83.295	114.029
1.50753	-548.783	-83.3649	114.081
1.5139	-549.248	-83.4391	114.136
1.52239	-549.691	-83.5102	114.188
1.53406	-550.151	-83.5844	114.243
1.53609	-550.615	-83.6607	114.297
1.54065	-551.066	-83.7348	114.351
1.5394	-551.519	-83.8077	114.404
1.53749	-551.974	-83.8805	114.457
1.5336	-552.429	-83.9508	114.511
1.52549	-552.891	-84.0209	114.565
1.51977	-553.337	-84.0891	114.618
1.50852	-553.783	-84.1579	114.671
1.50641	-554.241	-84.2254	114.725
1.50109	-554.686	-84.29	114.777
1.48898	-555.13	-84.3544	114.83
1.48516	-555.565	-84.4176	114.881
1.48115	-555.996	-84.482	114.932
1.47827	-556.437	-84.5487	114.984
1.47036	-556.891	-84.6152	115.038
1.45268	-557.333	-84.6782	115.09
1.43862	-557.791	-84.742	115.144
1.41929	-558.236	-84.8023	115.196
1.39696	-558.68	-84.8661	115.249
1.36768	-559.137	-84.9333	115.303
1.34064	-559.583	-85.0033	115.355
1.31194	-560.037	-85.0769	115.408
1.28281	-560.477	-85.1481	115.46
1.24578	-560.951	-85.229	115.515
1.20891	-561.421	-85.3086	115.57
1.17406	-561.892	-85.3864	115.625
1.14174	-562.349	-85.4604	115.679
1.10528	-562.819	-85.5378	115.734
1.07641	-563.286	-85.6135	115.789
1.04155	-563.756	-85.6891	115.845
1.01452	-564.187	-85.7584	115.895
0.982001	-564.657	-85.8335	115.951
0.956389	-565.126	-85.9062	116.006
0.929023	-565.573	-85.9731	116.059
