x	y	z	t
0.594165	450.323	73.7713	0.0563259
0.591024	449.69	73.6728	0.107938
0.58939	449.061	73.5744	0.15924
0.592245	448.422	73.4743	0.211559
0.593293	447.802	73.377	0.262189
0.597255	447.182	73.2791	0.312783
0.599812	446.557	73.1803	0.363797
0.607493	445.907	73.0783	0.417009
0.619772	445.254	72.9753	0.470511
0.629832	444.604	72.8729	0.523639
0.643692	443.917	72.765	0.579729
0.654341	443.257	72.6613	0.633517
0.666814	442.617	72.5605	0.685857
0.681558	441.936	72.4537	0.741207
0.694537	441.256	72.3471	0.796551
0.70901	440.601	72.2447	0.849893
0.721211	439.953	72.1432	0.902764
0.735155	439.268	72.0363	0.958423
0.750741	438.604	71.9327	1.0127
0.767029	437.98	71.8351	1.06368
0.782163	437.345	71.7355	1.11539
0.798136	436.695	71.6334	1.16826
0.814202	436.046	71.5309	1.22109
0.833143	435.368	71.424	1.27597
0.849198	434.722	71.3225	1.32905
0.868504	434.048	71.2159	1.38339
0.885134	433.357	71.1066	1.43921
0.902297	432.71	71.0036	1.49174
0.922309	432.052	70.8983	1.54476
0.938914	431.386	70.7915	1.59857
0.954724	430.749	70.6888	1.65013
0.970113	430.119	70.5865	1.70119
0.985156	429.491	70.4856	1.75204
1.00138	428.833	70.3789	1.80514
1.01637	428.187	70.276	1.85733
1.03005	427.555	70.1762	1.90893
1.05336	426.905	70.0733	1.96192
1.0645	426.209	69.9592	2.01758
1.07943	425.568	69.8487	2.06879
1.09487	424.941	69.7349	2.11901
1.10721	424.232	69.5973	2.17548
1.10949	423.584	69.4716	2.22693
1.10821	422.953	69.3502	2.27712
1.10618	422.282	69.2243	2.33079
1.0819	421.611	69.0959	2.38467
1.06418	420.911	68.9687	2.44145
1.02917	420.223	68.8432	2.49757
0.99036	419.571	68.7298	2.55112
0.94556	418.881	68.6136	2.60786
0.897256	418.267	68.5149	2.65869
0.847225	417.661	68.4212	2.70911
0.78774	416.984	68.3213	2.76586
0.701048	416.322	68.2248	2.82207
0.649437	415.668	68.133	2.87787
0.54926	415.058	68.0464	2.93101
0.494797	414.454	67.9616	2.98379
0.411472	413.843	67.8712	3.0373
0.290558	413.206	67.7744	3.09342
0.224517	412.591	67.6777	3.14723
0.12707	411.998	67.579	3.19942
-0.00166208	411.377	67.4731	3.25383
-0.0840439	410.722	67.3549	3.30966
-0.196457	410.083	67.2359	3.36379
-0.284339	409.446	67.1057	3.41723
-0.390949	408.784	66.9726	3.4721
-0.466343	408.169	66.8474	3.52232
-0.530581	407.527	66.7189	3.57454
-0.580114	406.901	66.6032	3.62569
-0.613967	406.267	66.4926	3.67717
-0.630185	405.621	66.3875	3.72992
-0.630069	404.971	66.2879	3.78322
-0.616722	404.352	66.2003	3.83428
-0.586506	403.681	66.1092	3.88931
-0.527649	403.042	66.0264	3.94226
-0.481764	402.365	65.9416	3.99827
-0.384924	401.744	65.8621	4.05089
-0.323586	401.109	65.7826	4.10462
-0.25115	400.462	65.6947	4.15935
-0.166341	399.88	65.6121	4.2103
-0.0384034	399.302	65.5263	4.26198
0.0272034	398.707	65.4318	4.31407
0.104564	398.115	65.3305	4.36605
0.196921	397.525	65.2236	4.41817
0.275299	396.948	65.1101	4.46835
0.361096	396.363	64.9911	4.51936
0.465712	395.738	64.8641	4.57206
0.522145	395.104	64.7294	4.62463
0.574463	394.477	64.6037	4.67613
0.627008	393.802	64.4742	4.73157
0.649073	393.185	64.3589	4.78174
0.657577	392.538	64.2465	4.83385
0.652597	391.887	64.1398	4.88641
0.634886	391.235	64.04	4.93936
0.590347	390.59	63.9479	4.99165
0.54955	389.91	63.8596	5.04664
0.490814	389.264	63.7782	5.10017
0.392158	388.641	63.7034	5.15332
0.331419	387.968	63.6272	5.21033
0.249	387.389	63.5607	5.26058
0.122121	386.814	63.4926	5.31177
0.0488538	386.204	63.4158	5.36666
-0.0552823	385.654	63.3364	5.41693
-0.177041	385.033	63.2366	5.47444
-0.26707	384.434	63.1304	5.52833
-0.415998	383.864	63.019	5.58096
-0.508146	383.276	62.8962	5.63284
-0.580111	382.658	62.7542	5.68604
-0.669167	382.032	62.6135	5.73929
-0.751517	381.413	62.4745	5.7907
-0.801606	380.77	62.3367	5.8426
-0.841349	380.122	62.2001	5.89477
-0.856953	379.455	62.0785	5.94848
-0.856841	378.834	61.9774	5.99907
-0.84107	378.2	61.8869	6.05059
-0.80967	377.557	61.8079	6.10293
-0.760428	376.939	61.7446	6.1545
-0.709745	376.28	61.6951	6.21046
-0.627054	375.646	61.6545	6.26547
-0.536969	375.065	61.6105	6.31688
-0.446016	374.48	61.5617	6.36902
-0.359522	373.923	61.5103	6.4196
-0.257298	373.375	61.4519	6.47065
-0.0969607	372.812	61.3821	6.52409
0.0220475	372.273	61.3048	6.5756
0.150662	371.678	61.2052	6.62949
0.317606	371.128	61.1014	6.6807
0.450033	370.566	60.9883	6.73156
0.543133	369.934	60.8536	6.78591
0.655042	369.349	60.7312	6.83651
0.789498	368.698	60.6002	6.89233
0.866497	368.051	60.4682	6.94678
0.931115	367.441	60.3515	6.99715
0.986941	366.831	60.2395	7.04725
1.02914	366.216	60.1319	7.09761
1.05547	365.535	60.0198	7.15326
1.0658	364.853	59.9128	7.20882
1.05744	364.233	59.8202	7.25925
1.02167	363.572	59.7246	7.3136
0.995246	362.932	59.6384	7.36647
0.918331	362.251	59.5462	7.42321
0.8562	361.606	59.4657	7.47773
0.785618	360.978	59.3874	7.53095
0.661477	360.39	59.318	7.58232
0.558486	359.781	59.2469	7.635
0.459272	359.137	59.1759	7.69076
0.310935	358.544	59.1055	7.74378
0.20706	357.961	59.0347	7.79553
0.0893007	357.329	58.9473	7.85099
-0.0541403	356.702	58.8558	7.90682
-0.178234	356.132	58.7666	7.95699
-0.292463	355.516	58.6636	8.01071
-0.446198	354.907	58.5544	8.06452
-0.54845	354.312	58.4407	8.11518
-0.633116	353.715	58.3167	8.16637
-0.736368	353.134	58.1976	8.2167
-0.851199	352.535	58.0756	8.26721
-0.92294	351.899	57.9499	8.31904
-0.981984	351.269	57.8265	8.37081
-1.02752	350.637	57.7049	8.42232
-1.06019	350.011	57.5891	8.47355
-1.07878	349.382	57.4824	8.52445
-1.08516	348.724	57.382	8.57736
-1.07874	348.105	57.2933	8.6276
-1.06185	347.422	57.1976	8.68346
-1.03291	346.801	57.1146	8.73435
-0.987985	346.127	57.0285	8.79036
-0.954745	345.491	56.9628	8.8457
-0.904602	344.838	56.8902	8.90096
-0.817363	344.247	56.8281	8.95197
-0.762547	343.592	56.7593	9.00894
-0.690163	343.021	56.6929	9.059
-0.608216	342.452	56.6213	9.10922
-0.519059	341.865	56.542	9.16071
-0.393739	341.267	56.4546	9.21394
-0.30972	340.68	56.365	9.26529
-0.233171	340.107	56.2731	9.31568
-0.126918	339.5	56.1706	9.36821
-0.0344281	338.881	56.0629	9.42103
0.106358	338.247	55.9488	9.47547
0.206439	337.605	55.8268	9.52979
0.329024	336.967	55.7071	9.58373
0.412052	336.356	55.592	9.63417
0.489621	335.727	55.4735	9.6855
0.55777	335.052	55.3449	9.74074
0.619968	334.41	55.2279	9.79227
0.678304	333.781	55.1167	9.84268
0.710108	333.118	55.0044	9.89542
0.729708	332.477	54.8991	9.94588
0.731788	331.795	54.7919	9.99976
0.713253	331.068	54.6821	10.0575
0.688426	330.408	54.5873	10.1099
0.647465	329.757	54.4977	10.1622
0.572816	329.123	54.4142	10.2138
0.51999	328.464	54.3329	10.2671
0.437762	327.813	54.2502	10.3208
0.329685	327.191	54.1723	10.3729
0.252915	326.531	54.0898	10.428
0.124378	325.85	53.9947	10.4856
0.0529016	325.249	53.9063	10.5361
-0.0980733	324.587	53.7981	10.5934
-0.167684	323.911	53.6777	10.6506
-0.277311	323.255	53.5503	10.7063
-0.367926	322.617	53.4237	10.7595
-0.448173	322.008	53.2962	10.8103
-0.540475	321.322	53.1467	10.867
-0.601218	320.666	53.0109	10.9197
-0.648723	319.998	52.8772	10.9727
-0.683371	319.286	52.7405	11.029
-0.698754	318.633	52.6288	11.0803
-0.693122	317.964	52.5253	11.1328
-0.673447	317.318	52.4364	11.184
-0.64206	316.679	52.3588	11.2346
-0.600592	316.021	52.2937	11.2872
-0.50524	315.336	52.2216	11.3437
-0.437589	314.668	52.1597	11.3991
-0.297324	314.012	52.0894	11.4556
-0.212446	313.372	52.0219	11.5111
-0.0672985	312.768	51.949	11.5642
0.0399955	312.186	51.8728	11.6156
0.132562	311.592	51.7872	11.6675
0.256743	311.012	51.694	11.7184
0.378648	310.393	51.5872	11.7721
0.477007	309.797	51.4755	11.823
0.588773	309.151	51.3461	11.8784
0.693072	308.516	51.2215	11.932
0.811211	307.91	51.1019	11.9827
0.879121	307.252	50.9718	12.037
0.955157	306.579	50.8469	12.092
1.01259	305.898	50.7202	12.1472
1.04705	305.216	50.6012	12.202
1.07511	304.507	50.4826	12.2587
1.08155	303.877	50.3842	12.309
1.07408	303.239	50.2907	12.36
1.05275	302.61	50.2047	12.4105
1.01703	301.985	50.1244	12.4609
0.953198	301.302	50.0374	12.5164
0.899519	300.662	49.9622	12.5688
0.820748	300.008	49.8812	12.6229
0.706382	299.4	49.8062	12.6744
0.60179	298.791	49.7295	12.7264
0.531556	298.168	49.6523	12.779
0.395977	297.548	49.5679	12.8327
0.304012	296.915	49.4774	12.8865
0.206198	296.306	49.3842	12.9393
0.0565398	295.677	49.2811	12.9937
-0.0333838	294.997	49.1609	13.0502
-0.139668	294.388	49.0477	13.1006
-0.263293	293.742	48.9231	13.1542
-0.357134	293.109	48.7972	13.2057
-0.429632	292.432	48.6575	13.26
-0.509294	291.765	48.5276	13.3134
-0.561916	291.134	48.4081	13.3637
-0.600961	290.492	48.294	13.4147
-0.619323	289.827	48.1842	13.4674
-0.626378	289.172	48.0847	13.5194
-0.617636	288.506	47.9896	13.5725
-0.584104	287.871	47.9048	13.6236
-0.548726	287.198	47.8228	13.6776
-0.497223	286.566	47.7464	13.7287
-0.424051	285.932	47.6696	13.7804
-0.314345	285.273	47.5868	13.8344
-0.227766	284.648	47.5052	13.8861
-0.12995	284.052	47.4237	13.9365
-0.0511782	283.395	47.3303	13.9919
0.0517068	282.813	47.2437	14.0424
0.209581	282.207	47.1491	14.096
0.306214	281.584	47.0458	14.1509
0.437838	280.938	46.9298	14.2078
0.518187	280.328	46.8154	14.2594
0.597195	279.7	46.6951	14.3118
0.681039	279.085	46.5742	14.3631
0.789278	278.486	46.4548	14.4132
0.851721	277.855	46.3316	14.4643
0.90327	277.219	46.2098	14.5155
0.940748	276.54	46.0828	14.5701
0.987314	275.851	45.9633	14.6254
1.00542	275.163	45.85	14.6804
1.00895	274.472	45.7438	14.7357
0.997422	273.839	45.653	14.7865
0.980177	273.133	45.5597	14.8432
0.94397	272.518	45.4836	14.8933
0.876567	271.884	45.4078	14.9449
0.816733	271.274	45.3382	14.995
0.755531	270.599	45.2653	15.0509
0.676998	269.991	45.1957	15.1018
0.565896	269.332	45.1198	15.158
0.479077	268.703	45.0413	15.2115
0.384498	268.113	44.9652	15.262
0.276689	267.515	44.8821	15.3134
0.125583	266.889	44.7894	15.3676
0.0410933	266.235	44.6862	15.4228
-0.0775681	265.586	44.5759	15.4779
-0.178913	264.94	44.4612	15.532
-0.30749	264.265	44.3307	15.5887
-0.417264	263.653	44.2081	15.6398
-0.515207	262.993	44.0747	15.6942
-0.620057	262.298	43.927	15.751
-0.713697	261.614	43.7871	15.8066
-0.774217	260.981	43.6522	15.8579
-0.833478	260.326	43.5265	15.9104
-0.863686	259.678	43.41	15.9623
-0.878358	259.035	43.3005	16.0137
-0.87838	258.395	43.1991	16.0652
-0.859592	257.742	43.1041	16.1176
-0.82744	257.095	43.0174	16.17
-0.76972	256.443	42.9395	16.2245
-0.708534	255.826	42.8715	16.2753
-0.632585	255.197	42.8038	16.3272
-0.563856	254.551	42.7388	16.3801
-0.484112	253.948	42.6706	16.4308
-0.383185	253.352	42.5988	16.4819
-0.235402	252.716	42.5156	16.5377
-0.153334	252.082	42.4269	16.5927
0.00513646	251.499	42.3358	16.6446
0.130555	250.912	42.2355	16.6965
0.226047	250.273	42.1167	16.752
0.320774	249.668	41.9979	16.8038
0.461308	249.056	41.8761	16.8562
0.553542	248.439	41.7521	16.9077
0.638429	247.832	41.6256	16.9581
0.714585	247.212	41.5049	17.0086
0.778732	246.561	41.3832	17.0608
0.839637	245.892	41.2632	17.115
0.87247	245.214	41.147	17.1693
0.893898	244.519	41.036	17.2247
0.898059	243.829	40.933	17.2797
0.886246	243.195	40.8438	17.3301
0.848257	242.507	40.7517	17.385
0.811882	241.87	40.6717	17.4361
0.757582	241.215	40.5979	17.489
0.685801	240.606	40.5295	17.5392
0.605132	239.946	40.4531	17.5942
0.484846	239.342	40.384	17.6456
0.399817	238.691	40.3097	17.7012
0.252283	238.07	40.2302	17.756
0.173244	237.45	40.1471	17.81
0.0759481	236.846	40.0564	17.863
-0.0407526	236.253	39.9601	17.915
-0.163536	235.616	39.8463	17.9697
-0.269416	235.004	39.7296	18.0219
-0.402536	234.331	39.5975	18.0783
-0.485557	233.647	39.4539	18.1343
-0.591458	233.016	39.3237	18.1851
-0.661899	232.316	39.1804	18.2408
-0.735641	231.618	39.049	18.2962
-0.778385	230.919	38.9225	18.3508
-0.796788	230.269	38.813	18.4022
-0.805412	229.608	38.711	18.4535
-0.797978	228.923	38.6099	18.5066
-0.77152	228.246	38.519	18.5597
-0.737444	227.593	38.4345	18.6107
-0.687333	226.923	38.351	18.6632
-0.595643	226.232	38.266	18.718
-0.534768	225.524	38.1836	18.7736
-0.426284	224.883	38.1047	18.8254
-0.343755	224.22	38.02	18.8787
-0.26406	223.543	37.9323	18.9338
-0.130972	222.918	37.846	18.9859
-0.0310588	222.308	37.7577	19.0371
0.0644041	221.688	37.6635	19.0892
0.21049	221.027	37.5537	19.1454
0.306856	220.409	37.4446	19.1965
0.391043	219.742	37.313	19.2516
0.51869	219.126	37.1883	19.3034
0.64209	218.427	37.0426	19.3606
0.72931	217.772	36.9097	19.4128
0.832606	217.072	36.7683	19.4688
0.902466	216.417	36.6445	19.5206
0.962931	215.76	36.5256	19.5722
1.02005	215.076	36.4075	19.6264
1.04442	214.388	36.2939	19.6804
1.05708	213.676	36.1831	19.7359
1.05398	212.956	36.0777	19.792
1.03832	212.303	35.9866	19.843
1.00205	211.585	35.8927	19.8994
0.956115	210.95	35.8125	19.9495
0.900105	210.298	35.7321	20.0012
0.826236	209.666	35.656	20.0519
0.740019	209.048	35.5831	20.1021
0.647999	208.419	35.5076	20.1533
0.535373	207.746	35.4275	20.2095
0.432947	207.104	35.3459	20.2637
0.277273	206.483	35.2621	20.318
0.190014	205.874	35.1739	20.3712
0.0653898	205.295	35.0776	20.422
-0.0482675	204.69	34.9681	20.4744
-0.209556	204.09	34.8503	20.5268
-0.322266	203.492	34.7245	20.5769
-0.410304	202.813	34.5749	20.6326
-0.506432	202.193	34.4412	20.6829
-0.612873	201.526	34.303	20.7367
-0.68747	200.897	34.1748	20.7868
-0.752167	200.178	34.0347	20.843
-0.78708	199.514	33.9167	20.8947
-0.804926	198.858	33.81	20.9455
-0.805543	198.178	33.7104	20.998
-0.793005	197.483	33.6245	21.0513
-0.761782	196.821	33.5521	21.1027
-0.715244	196.147	33.4838	21.1558
-0.631652	195.466	33.4239	21.2104
-0.520863	194.78	33.3545	21.2663
-0.441825	194.117	33.2904	21.3211
-0.331186	193.473	33.2154	21.3757
-0.21885	192.822	33.1332	21.4313
-0.100413	192.226	33.047	21.4831
0.00872324	191.616	32.9473	21.5353
0.172946	191.017	32.8424	21.5875
0.281251	190.412	32.7291	21.6389
0.397336	189.798	32.6052	21.6909
0.525828	189.127	32.4738	21.7466
0.614137	188.486	32.3455	21.7987
0.679143	187.844	32.2177	21.8496
0.738426	187.177	32.0833	21.902
0.791577	186.537	31.9632	21.9523
0.828647	185.881	31.8465	22.0032
0.843035	185.192	31.7322	22.0563
0.843453	184.486	31.6215	22.1118
0.807361	183.792	31.5194	22.1667
0.774725	183.106	31.4267	22.221
0.718214	182.456	31.3398	22.2728
0.654345	181.819	31.255	22.3243
0.555998	181.172	31.1686	22.3782
0.494192	180.538	31.0867	22.4308
0.409058	179.937	31.0035	22.4819
0.286721	179.341	30.9182	22.5342
0.183841	178.773	30.8308	22.5844
0.0765366	178.204	30.738	22.6351
-0.0616146	177.559	30.6255	22.6916
-0.159609	176.968	30.5172	22.742
-0.304023	176.334	30.3972	22.7966
-0.406567	175.691	30.2677	22.8508
-0.494842	175.017	30.1361	22.9054
-0.601838	174.337	30.0008	22.9601
-0.659399	173.654	29.8741	23.013
-0.702748	172.945	29.749	23.0679
-0.735567	172.221	29.6299	23.1236
-0.745496	171.563	29.5325	23.1742
-0.738728	170.87	29.4388	23.2275
-0.708502	170.164	29.3577	23.282
-0.669831	169.45	29.2779	23.3374
-0.614997	168.792	29.2125	23.3894
-0.553691	168.16	29.16	23.4401
-0.475869	167.538	29.1005	23.4906
-0.401933	166.86	29.0296	23.5449
-0.279123	166.215	28.958	23.5982
-0.209824	165.577	28.8841	23.6505
-0.0961697	164.948	28.7989	23.7031
0.0615894	164.281	28.7011	23.759
0.144195	163.629	28.5959	23.8125
0.259997	162.987	28.4825	23.8654
0.375477	162.36	28.3677	23.9162
0.507007	161.715	28.2442	23.9693
0.592645	161.018	28.1056	24.0258
0.694101	160.391	27.9808	24.0764
0.783974	159.758	27.8557	24.1268
0.891394	159.116	27.73	24.1777
0.967074	158.466	27.6053	24.2284
1.02893	157.816	27.4836	24.2789
1.07302	157.155	27.3644	24.3298
1.10615	156.464	27.2447	24.3826
1.12817	155.727	27.1265	24.4388
1.12875	155.054	27.0241	24.4899
1.12061	154.392	26.9301	24.5404
1.09158	153.682	26.8325	24.5952
1.03773	152.977	26.7389	24.6497
0.997353	152.259	26.6488	24.7057
0.935676	151.55	26.5615	24.7614
0.866625	150.915	26.4801	24.8119
0.781386	150.24	26.3899	24.8665
0.658	149.602	26.3013	24.9188
0.56875	148.955	26.2055	24.9723
0.463581	148.345	26.105	25.0233
0.310817	147.701	25.9888	25.0788
0.218772	147.065	25.8589	25.132
0.102227	146.47	25.7337	25.182
-0.0241072	145.872	25.6043	25.2324
-0.17035	145.219	25.4678	25.2869
-0.251359	144.544	25.331	25.3407
-0.326865	143.84	25.1894	25.3962
-0.411151	143.153	25.0638	25.45
-0.453859	142.483	24.9486	25.5011
-0.484723	141.752	24.8357	25.5563
-0.498571	141.081	24.7415	25.6067
-0.495293	140.352	24.6483	25.6617
-0.473372	139.625	24.5577	25.7163
-0.439611	138.958	24.4804	25.767
-0.370085	138.248	24.3985	25.8207
-0.324332	137.553	24.3249	25.8734
-0.261836	136.888	24.2478	25.9243
-0.177428	136.203	24.1633	25.9777
-0.0798644	135.503	24.0752	26.0323
0.0239795	134.852	23.986	26.084
0.11939	134.212	23.8927	26.1342
0.279333	133.519	23.7851	26.1901
0.367773	132.811	23.6676	26.2457
0.520446	132.163	23.5544	26.2979
0.61063	131.434	23.4217	26.3542
0.70417	130.755	23.2983	26.4067
0.800251	130.038	23.1614	26.4621
0.875728	129.378	23.0361	26.5121
0.944943	128.687	22.9072	26.5638
1.00676	127.993	22.7803	26.6157
1.06012	127.244	22.6455	26.6712
1.09046	126.535	22.5238	26.7233
1.1056	125.825	22.407	26.7753
1.1068	125.121	22.2968	26.8266
1.08533	124.369	22.1867	26.8823
1.04921	123.688	22.0927	26.9327
0.982296	122.953	21.9957	26.9876
0.934965	122.231	21.9085	27.0419
0.858753	121.497	21.8167	27.0972
0.756731	120.768	21.7293	27.1531
0.663546	120.101	21.6451	27.2039
0.518211	119.392	21.5518	27.2596
0.412216	118.729	21.4613	27.3111
0.316154	118.052	21.3619	27.3638
0.168381	117.358	21.2507	27.4193
0.0849713	116.642	21.1267	27.4758
-0.0725204	115.952	21.0031	27.5301
-0.160305	115.3	20.8794	27.5805
-0.234281	114.592	20.7384	27.6348
-0.357243	113.916	20.6066	27.6872
-0.423719	113.175	20.4599	27.743
-0.509755	112.437	20.3211	27.7982
-0.568956	111.707	20.1841	27.8523
-0.621956	111.012	20.064	27.9026
-0.646927	110.258	19.9423	27.9566
-0.65908	109.482	19.8263	28.0119
-0.653887	108.726	19.7206	28.0657
-0.645072	107.937	19.6213	28.1223
-0.605583	107.231	19.5353	28.1737
-0.562975	106.521	19.4498	28.2255
-0.505355	105.83	19.366	28.2773
-0.392927	105.136	19.2787	28.3301
-0.321421	104.466	19.1931	28.3819
-0.21529	103.783	19.097	28.4348
-0.0980846	103.072	18.9933	28.4898
0.0670414	102.44	18.8977	28.5399
0.178937	101.775	18.7879	28.5924
0.288792	101.073	18.6658	28.6466
0.447084	100.349	18.5283	28.7032
0.568616	99.6659	18.3987	28.7558
0.696064	98.9351	18.2603	28.8116
0.781088	98.1987	18.1157	28.8673
0.876185	97.5145	17.9859	28.9181
0.93268	96.8175	17.8577	28.9693
0.975691	96.1137	17.7345	29.0206
1.00511	95.3288	17.6042	29.0775
1.01768	94.631	17.4955	29.128
1.01566	93.8621	17.3826	29.184
0.969728	93.0845	17.2733	29.2411
0.924484	92.3382	17.1785	29.2961
0.844647	91.6204	17.0878	29.3498
0.78368	90.9083	17.0036	29.4035
0.68907	90.2547	16.9224	29.4536
0.588845	89.6069	16.8389	29.5039
0.479515	88.921	16.7446	29.558
0.334784	88.2687	16.6478	29.6099
0.205086	87.6461	16.549	29.6605
0.1189	86.9726	16.4313	29.7139
-0.0388894	86.2985	16.3082	29.7692
-0.13932	85.6292	16.1801	29.8213
-0.211699	84.938	16.0394	29.8742
-0.326137	84.2344	15.8995	29.9282
-0.400806	83.5224	15.7586	29.9816
-0.45624	82.801	15.6152	30.0351
-0.519727	82.0317	15.4785	30.0912
-0.551001	81.2859	15.3573	30.1452
-0.564907	80.5172	15.2477	30.201
-0.568588	79.7334	15.1511	30.2572
-0.553541	79.042	15.0739	30.3072
-0.504654	78.3112	14.9934	30.3611
-0.457908	77.5479	14.9157	30.4166
-0.361198	76.8352	14.836	30.4699
-0.282839	76.1605	14.7579	30.5209
-0.199718	75.493	14.679	30.572
-0.0949442	74.8135	14.5877	30.6242
0.0475932	74.0856	14.4836	30.6802
0.15398	73.4407	14.3851	30.7306
0.2625	72.7546	14.2679	30.7843
0.421474	72.0302	14.1366	30.8401
0.525538	71.3644	14.005	30.8904
0.622725	70.6761	13.8621	30.9425
0.702856	69.9365	13.7172	30.9971
0.816641	69.2269	13.5787	31.05
0.879546	68.5364	13.4473	31.1011
0.932352	67.7933	13.3098	31.1558
0.977284	67.0936	13.1893	31.2069
1.01162	66.3963	13.0754	31.2576
1.0319	65.6297	12.9578	31.3134
1.03376	64.8695	12.8467	31.369
1.01819	64.1337	12.7425	31.4224
0.997208	63.3956	12.6443	31.4765
0.960606	62.6912	12.5507	31.528
0.897234	61.947	12.4562	31.5834
0.839413	61.2374	12.3638	31.6366
0.725918	60.5366	12.2716	31.6903
0.66368	59.8387	12.1813	31.7439
0.548625	59.1395	12.0856	31.7982
0.462778	58.4493	11.9875	31.8528
0.35332	57.7353	11.8771	31.9094
0.231807	57.0479	11.7606	31.9646
0.0917971	56.374	11.6406	32.0182
0.00994343	55.6472	11.5015	32.075
-0.0718694	54.9978	11.3751	32.1253
-0.152146	54.322	11.2431	32.1769
-0.252315	53.6112	11.1034	32.2311
-0.311521	52.9004	10.9597	32.2846
-0.368712	52.2146	10.8288	32.3359
-0.425839	51.4755	10.6965	32.3904
-0.455193	50.7515	10.5763	32.4436
-0.460088	50.0137	10.466	32.4975
-0.447108	49.2642	10.3639	32.5523
-0.427546	48.4923	10.2722	32.6086
-0.377419	47.7558	10.1874	32.6627
-0.31095	47.0787	10.1143	32.7127
-0.249965	46.3414	10.0378	32.7677
-0.131283	45.6047	9.95585	32.8244
-0.0432838	44.9467	9.87459	32.8747
0.0562454	44.2382	9.78032	32.9289
0.178847	43.5307	9.68262	32.9833
0.281164	42.8854	9.5871	33.0338
0.388649	42.2156	9.48145	33.0861
0.539232	41.5077	9.36372	33.1414
0.631588	40.8455	9.24515	33.1918
0.719602	40.1513	9.11322	33.2449
0.801089	39.4501	8.98351	33.2975
0.904293	38.7514	8.85336	33.35
0.962796	38.0708	8.72653	33.4004
1.01449	37.3901	8.6019	33.4505
1.05691	36.619	8.46351	33.5072
1.10639	35.882	8.33768	33.5614
1.12354	35.123	8.21339	33.6169
1.13101	34.417	8.10471	33.6685
1.11965	33.7226	8.00233	33.7194
1.1068	32.9617	7.89451	33.7755
1.05565	32.2141	7.79057	33.8309
1.01391	31.4807	7.69664	33.8857
0.916949	30.7593	7.60427	33.9408
0.854373	30.0793	7.52302	33.9936
0.769336	29.4037	7.43765	34.0462
0.647053	28.7137	7.34877	34.1008
0.573594	28.0157	7.25646	34.1557
0.40622	27.362	7.16052	34.21
0.267792	26.7444	7.06079	34.2606
0.150412	26.0692	6.94102	34.316
0.00653517	25.458	6.82117	34.3663
-0.139401	24.8225	6.69017	34.4171
-0.277901	24.1781	6.55191	34.4678
-0.418838	23.5127	6.40974	34.5191
-0.50665	22.7859	6.25338	34.574
-0.600381	22.0758	6.11589	34.6266
-0.655564	21.3494	5.98295	34.6801
-0.695113	20.6156	5.85622	34.7344
-0.706218	19.896	5.74418	34.7875
-0.697472	19.1479	5.63932	34.8424
-0.664074	18.4024	5.55347	34.8972
-0.623125	17.7071	5.47857	34.9483
-0.570494	16.9852	5.40225	35.0012
-0.514109	16.2341	5.3298	35.0575
-0.415343	15.5214	5.25596	35.1112
-0.344709	14.8263	5.1882	35.1639
-0.261311	14.1621	5.11161	35.2151
-0.175504	13.5011	5.02877	35.2665
-0.0779773	12.7953	4.93214	35.3204
0.0534632	12.1011	4.83288	35.3745
0.144588	11.4079	4.7248	35.4275
0.302674	10.7141	4.60502	35.482
0.395876	10.038	4.4779	35.5328
0.478575	9.35475	4.33158	35.5846
0.587318	8.62127	4.17578	35.6392
0.709504	7.88413	4.01849	35.6937
0.814565	7.12678	3.85419	35.7493
0.888521	6.36541	3.69852	35.8046
0.958855	5.65166	3.56567	35.8562
1.00959	4.88019	3.4328	35.9121
1.02959	4.12913	3.31225	35.9664
1.03037	3.41721	3.20716	36.018
1.00097	2.69848	3.10598	36.0704
0.967387	1.94822	3.00938	36.1256
0.888972	1.1885	2.91273	36.1816
0.816466	0.512563	2.83144	36.2318
0.747858	-0.21463	2.74414	36.2863
0.597083	-0.923247	2.65118	36.3415
0.526953	-1.6279	2.55724	36.3959
0.394585	-2.32958	2.45449	36.4511
0.321231	-3.03703	2.34545	36.5066
0.15979	-3.6956	2.236	36.5608
0.0563119	-4.35371	2.11901	36.615
-0.0499624	-5.00247	1.9987	36.6668
-0.200813	-5.69189	1.86743	36.7223
-0.275974	-6.39965	1.72567	36.777
-0.367514	-7.089	1.59273	36.8296
-0.471165	-7.81299	1.45814	36.8842
-0.52513	-8.51199	1.33072	36.9365
-0.530339	-9.24293	1.21119	36.9899
-0.582582	-9.98932	1.10107	37.0454
-0.583521	-10.7328	1.00093	37.0995
-0.531927	-11.4552	0.910661	37.1527
-0.48933	-12.1889	0.828241	37.2062
-0.42999	-12.9124	0.742382	37.2592
-0.340203	-13.6383	0.654812	37.3135
-0.258226	-14.3645	0.569175	37.3685
-0.179145	-15.0274	0.483906	37.4187
-0.01851	-15.7107	0.387855	37.4728
0.106281	-16.3589	0.288292	37.5239
0.205173	-17.0023	0.178395	37.5756
0.309529	-17.6625	0.0601387	37.6279
0.423381	-18.3011	-0.0592901	37.6785
0.557055	-19.0022	-0.198161	37.7345
0.658793	-19.7431	-0.341923	37.7908
0.764528	-20.471	-0.487696	37.8461
0.856201	-21.1719	-0.621235	37.8993
0.948314	-21.8672	-0.749683	37.9511
1.00256	-22.6157	-0.883383	38.0057
1.04974	-23.3069	-0.997344	38.0562
1.07683	-24.0558	-1.11159	38.1108
1.08448	-24.8285	-1.21906	38.1671
1.0704	-25.5112	-1.30816	38.2171
1.04077	-26.2033	-1.39581	38.2679
0.978035	-26.9749	-1.48862	38.3251
0.920137	-27.6734	-1.57439	38.3772
0.857788	-28.3896	-1.66433	38.4306
0.753348	-29.0582	-1.75128	38.4818
0.671825	-29.7194	-1.84036	38.5327
0.610085	-30.3895	-1.93084	38.5846
0.520259	-31.0818	-2.03083	38.6392
0.381407	-31.7499	-2.13196	38.6936
0.28347	-32.4114	-2.24046	38.7478
0.125237	-33.086	-2.35835	38.8038
0.0350407	-33.748	-2.48579	38.8578
-0.0690961	-34.4014	-2.61467	38.9091
-0.181946	-35.0894	-2.75218	38.9626
-0.262139	-35.7867	-2.89947	39.0154
-0.345057	-36.5056	-3.04137	39.0698
-0.442966	-37.2503	-3.18265	39.1252
-0.477894	-37.9463	-3.30118	39.1761
-0.492396	-38.6732	-3.41319	39.2294
-0.487767	-39.383	-3.51162	39.2814
-0.46327	-40.0976	-3.60179	39.3339
-0.352048	-40.7933	-3.67818	39.3848
-0.368209	-41.5192	-3.75677	39.4391
-0.26691	-42.2399	-3.83544	39.4927
-0.183799	-42.9701	-3.91421	39.5474
-0.0662172	-43.6775	-4.00123	39.6005
-0.00921321	-44.3532	-4.09119	39.6508
0.106932	-45.0992	-4.20096	39.708
0.19434	-45.7588	-4.30595	39.7586
0.349825	-46.402	-4.40954	39.8113
0.447046	-47.0776	-4.519	39.8647
0.526083	-47.7162	-4.62841	39.9157
0.617545	-48.3897	-4.74967	39.9684
0.742937	-49.0732	-4.87962	40.0222
0.821675	-49.7343	-5.00893	40.0734
0.873781	-50.4679	-5.1549	40.1283
0.951724	-51.1913	-5.29144	40.1824
0.990465	-51.9128	-5.42527	40.2355
1.02679	-52.6111	-5.54658	40.2867
1.05072	-53.3403	-5.66744	40.3398
1.05979	-54.0387	-5.77807	40.3907
1.04636	-54.7737	-5.88853	40.4448
1.02007	-55.5299	-5.99064	40.5003
0.96028	-56.2954	-6.0827	40.5564
0.904826	-56.9973	-6.16437	40.6081
0.826501	-57.6797	-6.24036	40.6591
0.759356	-58.3689	-6.3164	40.7109
0.633248	-59.0797	-6.3982	40.7651
0.552597	-59.7285	-6.47195	40.8155
0.433221	-60.4008	-6.56329	40.8689
0.278613	-61.0796	-6.66295	40.9232
0.152965	-61.7014	-6.76142	40.9742
0.0674873	-62.3781	-6.87897	41.0296
-0.0597929	-62.9966	-6.99822	41.0803
-0.186081	-63.6926	-7.14532	41.1363
-0.326151	-64.4015	-7.29331	41.1922
-0.425918	-65.0956	-7.44719	41.2455
-0.502098	-65.762	-7.5869	41.2957
-0.559358	-66.4631	-7.72471	41.3467
-0.599624	-67.2084	-7.86076	41.4008
-0.623275	-67.9686	-7.98865	41.4557
-0.620197	-68.6753	-8.09104	41.5066
-0.59545	-69.404	-8.18523	41.5596
-0.555658	-70.1275	-8.27038	41.6124
-0.50167	-70.8494	-8.35092	41.6651
-0.459563	-71.6064	-8.42608	41.7209
-0.372089	-72.3333	-8.50249	41.776
-0.274162	-73.0411	-8.58817	41.8305
-0.122324	-73.7146	-8.67359	41.8844
-0.0465926	-74.3737	-8.76097	41.9357
0.0737352	-75.0267	-8.8568	41.9875
0.195453	-75.7003	-8.96403	42.0418
0.33737	-76.3657	-9.08176	42.0946
0.430052	-77.0236	-9.21598	42.1474
0.529281	-77.6827	-9.35661	42.2001
0.672154	-78.3458	-9.49965	42.2528
0.747953	-79.0505	-9.65804	42.3068
0.83434	-79.7546	-9.804	42.36
0.919187	-80.4346	-9.93753	42.4111
0.978725	-81.166	-10.0693	42.4646
1.01509	-81.9216	-10.1947	42.5195
1.03487	-82.6574	-10.3063	42.5729
1.03481	-83.3583	-10.4056	42.624
1.02834	-84.081	-10.5017	42.6766
1.01059	-84.7821	-10.5933	42.7277
0.982152	-85.4673	-10.6801	42.7779
0.907263	-86.212	-10.7752	42.8334
0.850366	-86.8771	-10.8568	42.8836
0.781414	-87.5512	-10.9403	42.935
0.698276	-88.2108	-11.0231	42.9857
0.630109	-88.9312	-11.1155	43.0408
0.488814	-89.6112	-11.21	43.0945
0.422097	-90.311	-11.3131	43.1488
0.304476	-90.9345	-11.4116	43.199
0.149288	-91.6273	-11.5261	43.2537
0.0429919	-92.2727	-11.6395	43.3044
-0.0498788	-92.9198	-11.7565	43.3545
-0.128456	-93.6351	-11.8935	43.4097
-0.242235	-94.3607	-12.0307	43.4658
-0.300496	-95.031	-12.1638	43.5167
-0.369132	-95.7382	-12.2919	43.5699
-0.401021	-96.4963	-12.4187	43.6261
-0.413632	-97.2466	-12.5355	43.6815
-0.40288	-97.9954	-12.6469	43.7363
-0.383969	-98.745	-12.7579	43.7907
-0.35981	-99.4559	-12.8604	43.8419
-0.318207	-100.201	-12.9607	43.8962
-0.297048	-100.931	-13.0516	43.9492
-0.249153	-101.643	-13.1374	44.0011
-0.176032	-102.416	-13.2264	44.0579
-0.1064	-103.123	-13.3129	44.1109
0.00297186	-103.805	-13.3989	44.1637
0.0846103	-104.479	-13.487	44.2154
0.143694	-105.146	-13.5779	44.2667
0.237739	-105.824	-13.6806	44.3206
0.38313	-106.511	-13.7951	44.3759
0.439078	-107.179	-13.9231	44.4275
0.543559	-107.849	-14.0603	44.4804
0.677004	-108.493	-14.2052	44.5321
0.782772	-109.155	-14.3555	44.5834
0.881397	-109.853	-14.5112	44.6361
0.950008	-110.585	-14.6752	44.6901
1.02187	-111.276	-14.8144	44.7409
1.08679	-112.023	-14.951	44.7953
1.11857	-112.739	-15.0709	44.8471
1.12745	-113.452	-15.1778	44.8988
1.11149	-114.151	-15.2758	44.9497
1.07355	-114.849	-15.3674	45.001
1.01362	-115.615	-15.4574	45.0575
0.942509	-116.352	-15.5429	45.1125
0.853637	-117.08	-15.619	45.1679
0.716448	-117.802	-15.7023	45.2245
0.617967	-118.44	-15.7757	45.2752
0.52967	-119.131	-15.8609	45.3313
0.393903	-119.793	-15.9553	45.3851
0.304442	-120.498	-16.069	45.4417
0.122182	-121.118	-16.1784	45.4946
0.0243501	-121.801	-16.3127	45.5504
-0.120468	-122.5	-16.4527	45.6057
-0.226801	-123.174	-16.5987	45.6584
-0.314875	-123.884	-16.7409	45.7123
-0.403343	-124.601	-16.878	45.7662
-0.455607	-125.294	-17.0027	45.8167
-0.489	-126.026	-17.1278	45.8707
-0.515625	-126.768	-17.2307	45.9245
-0.51256	-127.504	-17.3207	45.9782
-0.501277	-128.195	-17.3961	46.0287
-0.466562	-128.925	-17.4697	46.0823
-0.408423	-129.671	-17.5355	46.1371
-0.339974	-130.354	-17.6027	46.1876
-0.261321	-131.066	-17.6796	46.2414
-0.161028	-131.758	-17.7599	46.2945
-0.0611486	-132.419	-17.8427	46.3465
0.0132363	-133.08	-17.9326	46.3977
0.104096	-133.751	-18.0364	46.4505
0.26863	-134.397	-18.1463	46.5033
0.341355	-135.12	-18.2818	46.5591
0.454997	-135.781	-18.4133	46.6104
0.584852	-136.463	-18.5528	46.6636
0.68298	-137.139	-18.692	46.7156
0.75577	-137.808	-18.8278	46.7661
0.819956	-138.503	-18.9653	46.8185
0.888181	-139.191	-19.0922	46.8701
0.942801	-139.862	-19.2104	46.9206
0.990984	-140.589	-19.3301	46.9739
1.00878	-141.302	-19.4402	47.0263
1.0164	-142.004	-19.5413	47.078
1.00426	-142.729	-19.6426	47.1317
0.95863	-143.454	-19.7404	47.1857
0.938911	-144.176	-19.8305	47.2395
0.880794	-144.862	-19.9169	47.2917
0.791579	-145.546	-20.003	47.3446
0.724755	-146.223	-20.0891	47.3965
0.653834	-146.916	-20.1769	47.451
0.507577	-147.599	-20.2724	47.5063
0.41393	-148.28	-20.3731	47.5612
0.259898	-148.949	-20.4799	47.615
0.177068	-149.631	-20.5942	47.6687
0.0634702	-150.278	-20.708	47.7193
-0.0949531	-151	-20.8393	47.7748
-0.182478	-151.708	-20.9773	47.828
-0.310807	-152.446	-21.1155	47.8835
-0.389977	-153.17	-21.2486	47.9369
-0.456451	-153.853	-21.3719	47.9876
-0.517023	-154.553	-21.4869	48.0389
-0.555649	-155.271	-21.5973	48.0914
-0.579781	-156.022	-21.7047	48.146
-0.596612	-156.792	-21.8037	48.2014
-0.581731	-157.548	-21.897	48.256
-0.574603	-158.305	-21.9809	48.3108
-0.547314	-159.01	-22.0624	48.3624
-0.478915	-159.739	-22.1505	48.417
-0.44289	-160.499	-22.2419	48.4736
-0.351393	-161.168	-22.3269	48.5243
-0.297715	-161.885	-22.4234	48.5786
-0.206319	-162.557	-22.5229	48.6303
-0.114821	-163.221	-22.6269	48.6815
0.0384387	-163.926	-22.7448	48.7369
0.13052	-164.653	-22.877	48.792
0.264915	-165.348	-23.0076	48.8454
0.34944	-166.048	-23.1474	48.8987
0.466189	-166.777	-23.2891	48.9542
0.530602	-167.501	-23.4381	49.0083
0.603681	-168.224	-23.5816	49.0626
0.699313	-168.958	-23.7258	49.1176
0.741842	-169.636	-23.8623	49.1684
0.787756	-170.332	-23.991	49.2201
0.816742	-171.036	-24.1139	49.2726
0.834652	-171.747	-24.2295	49.3253
0.828156	-172.444	-24.3349	49.377
0.81155	-173.167	-24.4333	49.4305
0.77189	-173.888	-24.5244	49.4838
0.72175	-174.611	-24.6079	49.5379
0.673815	-175.301	-24.675	49.5901
0.601392	-175.985	-24.7471	49.6426
0.501765	-176.668	-24.8216	49.6956
0.416376	-177.311	-24.8951	49.7466
0.323128	-177.931	-24.9721	49.7967
0.242713	-178.59	-25.0658	49.8496
0.13978	-179.221	-25.1684	49.9001
0.0269617	-179.9	-25.2894	49.954
-0.125321	-180.588	-25.4248	50.0086
-0.217729	-181.268	-25.5603	50.0605
-0.316226	-181.993	-25.705	50.1153
-0.41961	-182.71	-25.8557	50.169
-0.493844	-183.395	-25.9942	50.2202
-0.582014	-184.147	-26.1403	50.2755
-0.626274	-184.915	-26.2885	50.3316
-0.659202	-185.665	-26.421	50.3863
-0.668375	-186.409	-26.5492	50.4407
-0.662538	-187.169	-26.6582	50.4958
-0.642474	-187.907	-26.7522	50.5499
-0.610942	-188.6	-26.8317	50.6007
-0.569687	-189.345	-26.9129	50.6556
-0.498232	-190.085	-26.9843	50.7111
-0.406403	-190.788	-27.0589	50.765
-0.320595	-191.441	-27.1285	50.8155
-0.260242	-192.176	-27.2117	50.8721
-0.096316	-192.826	-27.2935	50.9254
-0.00834363	-193.503	-27.3855	50.9793
0.150975	-194.182	-27.4924	51.0343
0.246604	-194.896	-27.6187	51.0902
0.375465	-195.549	-27.7451	51.1425
0.524128	-196.264	-27.8879	51.1985
0.635287	-196.941	-28.0345	51.251
0.763686	-197.598	-28.1718	51.3012
0.876871	-198.302	-28.3154	51.3543
0.985489	-199.037	-28.4657	51.4091
1.05198	-199.763	-28.6027	51.4626
1.09862	-200.452	-28.7269	51.5134
1.12836	-201.14	-28.8416	51.564
1.13869	-201.861	-28.9531	51.6169
1.12578	-202.566	-29.0539	51.669
1.10035	-203.284	-29.1532	51.7219
1.03427	-204.003	-29.2468	51.7757
0.985381	-204.722	-29.3312	51.8292
0.91918	-205.436	-29.4186	51.8828
0.809247	-206.111	-29.5015	51.9351
0.738986	-206.809	-29.5857	51.989
0.632964	-207.48	-29.6734	52.0421
0.525699	-208.111	-29.758	52.0931
0.397669	-208.741	-29.8505	52.1445
0.309823	-209.412	-29.9569	52.1996
0.206987	-210.123	-30.0802	52.2556
0.0801764	-210.828	-30.2145	52.3113
-0.0223261	-211.496	-30.3461	52.3631
-0.162494	-212.168	-30.4821	52.4149
-0.251277	-212.908	-30.6362	52.4705
-0.344395	-213.583	-30.7705	52.521
-0.421771	-214.305	-30.9059	52.5743
-0.498026	-215.034	-31.0339	52.6282
-0.531992	-215.775	-31.1552	52.6828
-0.56386	-216.508	-31.2638	52.7368
-0.569417	-217.192	-31.3558	52.7869
-0.564165	-217.971	-31.4529	52.8439
-0.533081	-218.693	-31.5301	52.8969
-0.486712	-219.39	-31.6024	52.9481
-0.448504	-220.159	-31.6806	53.0042
-0.371971	-220.871	-31.7617	53.0565
-0.321585	-221.614	-31.8483	53.1117
-0.249801	-222.329	-31.9421	53.1649
-0.137898	-223.037	-32.0458	53.2194
-0.0354095	-223.753	-32.1647	53.2747
0.115334	-224.411	-32.284	53.3261
0.215802	-225.082	-32.413	53.3788
0.305185	-225.772	-32.5605	53.4322
0.452405	-226.435	-32.7008	53.4846
0.502252	-227.104	-32.8467	53.5348
0.639114	-227.809	-33.0034	53.5896
0.740094	-228.528	-33.1482	53.6444
0.844593	-229.21	-33.281	53.6964
0.892277	-229.947	-33.4204	53.7513
0.92398	-230.649	-33.5452	53.8034
0.963957	-231.355	-33.6633	53.8555
0.969914	-232.049	-33.7708	53.9066
0.95752	-232.775	-33.8729	53.9599
0.934971	-233.479	-33.9667	54.0119
0.896161	-234.165	-34.0518	54.0632
0.827594	-234.888	-34.1364	54.117
0.755092	-235.62	-34.212	54.1722
0.681203	-236.317	-34.2879	54.2251
0.55619	-236.971	-34.3589	54.2766
0.484429	-237.672	-34.436	54.3314
0.395764	-238.321	-34.5165	54.3837
0.23088	-238.93	-34.5993	54.4357
0.106076	-239.532	-34.6889	54.4872
-0.0433959	-240.113	-34.7853	54.5389
-0.149979	-240.761	-34.9029	54.5932
-0.319058	-241.386	-35.023	54.646
-0.427872	-242.067	-35.1642	54.7007
-0.543589	-242.759	-35.3052	54.7543
-0.659917	-243.473	-35.4498	54.8084
-0.747382	-244.181	-35.5971	54.8613
-0.803965	-244.881	-35.7302	54.9122
-0.8444	-245.597	-35.856	54.9643
-0.867165	-246.288	-35.9657	55.0144
-0.87411	-247.011	-36.0676	55.0671
-0.858398	-247.75	-36.1535	55.1209
-0.827914	-248.518	-36.241	55.1769
-0.790539	-249.287	-36.3173	55.2326
-0.712983	-250.047	-36.3983	55.2891
-0.666951	-250.735	-36.4641	55.3404
-0.592991	-251.449	-36.5452	55.3941
-0.505034	-252.107	-36.6222	55.4449
-0.409721	-252.765	-36.7052	55.4962
-0.257183	-253.411	-36.7922	55.5478
-0.157728	-254.105	-36.8918	55.6031
0.0117349	-254.792	-37.0018	55.6588
0.112744	-255.484	-37.1246	55.7134
0.236076	-256.124	-37.2465	55.7638
0.383186	-256.802	-37.3825	55.8172
0.496704	-257.472	-37.5223	55.8694
0.586667	-258.208	-37.6833	55.9245
0.676503	-258.883	-37.8258	55.9748
0.770014	-259.588	-37.9675	56.0271
0.829736	-260.313	-38.1064	56.0802
0.868904	-261.064	-38.2434	56.1343
0.888094	-261.77	-38.3608	56.1854
0.881342	-262.467	-38.4688	56.2362
0.852285	-263.166	-38.5686	56.2875
0.816461	-263.891	-38.658	56.341
0.757357	-264.604	-38.744	56.3944
0.662023	-265.282	-38.8212	56.4463
0.568034	-265.972	-38.8977	56.4999
0.492582	-266.621	-38.9619	56.5508
0.412162	-267.287	-39.0394	56.6032
0.248139	-267.928	-39.1204	56.6565
0.131251	-268.574	-39.2113	56.7084
0.0474235	-269.229	-39.3152	56.7619
-0.0660706	-269.892	-39.4304	56.8153
-0.23112	-270.504	-39.5464	56.866
-0.336705	-271.147	-39.6743	56.917
-0.446546	-271.814	-39.81	56.9688
-0.534698	-272.482	-39.9472	57.0198
-0.602239	-273.203	-40.0971	57.0739
-0.679328	-273.924	-40.2343	57.1272
-0.724475	-274.66	-40.3698	57.1809
-0.74134	-275.356	-40.4818	57.2313
-0.740436	-276.083	-40.5919	57.2837
-0.722492	-276.81	-40.6962	57.3361
-0.669046	-277.553	-40.7926	57.3911
-0.625619	-278.279	-40.8784	57.4443
-0.533646	-279.013	-40.9674	57.4987
-0.441984	-279.707	-41.0513	57.5502
-0.372172	-280.457	-41.1447	57.6063
-0.221573	-281.11	-41.2333	57.6574
-0.0963668	-281.778	-41.3316	57.7093
0.0415803	-282.43	-41.435	57.7604
0.147393	-283.101	-41.5513	57.8123
0.274422	-283.791	-41.6737	57.8655
0.436198	-284.494	-41.8053	57.921
0.58205	-285.185	-41.9339	57.9758
0.717361	-285.85	-42.0568	58.0283
0.815022	-286.542	-42.182	58.0823
0.917012	-287.227	-42.3021	58.1356
1.03684	-287.921	-42.4224	58.189
1.1051	-288.643	-42.5456	58.2434
1.17988	-289.369	-42.6655	58.2973
1.22638	-290.105	-42.7818	58.3516
1.25098	-290.821	-42.89	58.4042
1.25688	-291.527	-42.9918	58.4564
1.23545	-292.252	-43.094	58.5099
1.20017	-292.94	-43.1849	58.561
1.1501	-293.62	-43.2752	58.6115
1.08439	-294.335	-43.3681	58.6645
0.984707	-295.028	-43.4575	58.7171
0.897065	-295.71	-43.5462	58.769
0.819142	-296.422	-43.6378	58.8234
0.706838	-297.095	-43.7289	58.8765
0.561216	-297.771	-43.8222	58.9306
0.465334	-298.396	-43.9095	58.9821
0.347977	-299.054	-44.012	59.0361
0.204462	-299.718	-44.1276	59.0917
0.0948021	-300.341	-44.2435	59.1437
-0.0364036	-300.965	-44.3683	59.1959
-0.192734	-301.578	-44.4962	59.2465
-0.287151	-302.249	-44.6347	59.299
-0.385063	-302.919	-44.7718	59.351
-0.458388	-303.662	-44.9202	59.4077
-0.532064	-304.408	-45.057	59.4635
-0.580689	-305.151	-45.1836	59.5183
-0.596477	-305.849	-45.2865	59.5692
-0.591645	-306.558	-45.3811	59.6208
-0.589199	-307.287	-45.4648	59.6738
-0.537985	-308.042	-45.5447	59.7293
-0.505191	-308.789	-45.6155	59.7843
-0.412244	-309.517	-45.6914	59.8391
-0.347798	-310.187	-45.7604	59.8895
-0.29949	-310.907	-45.8365	59.9442
-0.190157	-311.623	-45.9256	60.0002
-0.113806	-312.298	-46.0137	60.0532
-0.00781591	-312.978	-46.1144	60.1068
0.0884298	-313.627	-46.2201	60.1579
0.187845	-314.342	-46.3521	60.2143
0.328357	-315.054	-46.4909	60.2696
0.403012	-315.785	-46.6542	60.3256
0.513551	-316.47	-46.8055	60.3781
0.593851	-317.177	-46.9614	60.4311
0.663857	-317.943	-47.128	60.4872
0.748206	-318.659	-47.2685	60.5397
0.797623	-319.409	-47.4053	60.5941
0.828373	-320.156	-47.5264	60.6481
0.838159	-320.899	-47.6334	60.7016
0.824738	-321.617	-47.7278	60.7538
0.761011	-322.344	-47.8147	60.8078
0.715811	-323.066	-47.8959	60.8613
0.669673	-323.735	-47.9593	60.9119
0.596925	-324.398	-48.0282	60.9633
0.516393	-325.076	-48.1007	61.0162
0.404577	-325.735	-48.1741	61.0688
0.314158	-326.373	-48.2532	61.1205
0.228831	-327.001	-48.3401	61.1707
0.139243	-327.649	-48.4419	61.2241
0.045048	-328.274	-48.551	61.2741
-0.0524827	-328.921	-48.6715	61.3253
-0.152858	-329.566	-48.8014	61.3768
-0.277305	-330.239	-48.9404	61.4288
-0.364294	-330.923	-49.0806	61.481
-0.437735	-331.592	-49.2152	61.5315
-0.496635	-332.325	-49.3576	61.5863
-0.559768	-333.042	-49.4854	61.6392
-0.588343	-333.754	-49.6017	61.6914
-0.594065	-334.452	-49.7061	61.7419
-0.591239	-335.18	-49.8024	61.7946
-0.529623	-335.918	-49.8895	61.849
-0.471736	-336.621	-49.9678	61.9005
-0.409594	-337.306	-50.0431	61.9508
-0.333165	-338.044	-50.1253	62.005
-0.218217	-338.779	-50.2151	62.0602
-0.135078	-339.496	-50.3067	62.1147
-0.0114323	-340.189	-50.4092	62.1684
0.0823431	-340.87	-50.5184	62.2205
0.179802	-341.532	-50.6326	62.2715
0.269831	-342.24	-50.7663	62.3269
0.352944	-342.891	-50.8929	62.3774
0.479585	-343.614	-51.0401	62.4333
0.592651	-344.251	-51.1703	62.4834
0.733443	-344.972	-51.3117	62.5398
0.822273	-345.647	-51.4439	62.5915
0.901061	-346.348	-51.5826	62.6453
0.958793	-347.019	-51.7061	62.6961
1.025	-347.717	-51.8262	62.7483
1.05546	-348.432	-51.9417	62.8011
1.07049	-349.153	-52.0504	62.8542
1.07331	-349.871	-52.1524	62.9068
1.04697	-350.593	-52.2487	62.9599
1.00992	-351.334	-52.3365	63.0146
0.962635	-352.018	-52.4143	63.0657
0.880451	-352.736	-52.4948	63.1196
0.814797	-353.424	-52.5612	63.1727
0.728257	-354.086	-52.6312	63.2239
0.646816	-354.725	-52.7018	63.274
0.559051	-355.36	-52.7776	63.3242
0.439824	-356.015	-52.8634	63.3771
0.302473	-356.659	-52.9542	63.4295
0.195791	-357.269	-53.0469	63.4801
0.0963092	-357.926	-53.1582	63.5341
-0.0120506	-358.578	-53.2759	63.5878
-0.148066	-359.255	-53.414	63.6429
-0.249569	-359.9	-53.5501	63.6941
-0.360845	-360.609	-53.6978	63.7492
-0.486283	-361.288	-53.8379	63.802
-0.531652	-361.956	-53.9802	63.8527
-0.65029	-362.621	-54.108	63.9032
-0.69535	-363.309	-54.2333	63.9539
-0.721466	-364.011	-54.3524	64.0055
-0.728847	-364.692	-54.4579	64.0557
-0.716069	-365.394	-54.5526	64.1071
-0.685718	-366.1	-54.6345	64.1589
-0.643817	-366.804	-54.7055	64.2108
-0.589577	-367.496	-54.7707	64.2618
-0.535856	-368.177	-54.8251	64.3132
-0.475954	-368.881	-54.8985	64.3665
-0.36969	-369.582	-54.9752	64.4208
-0.315903	-370.269	-55.0507	64.4734
-0.218214	-370.947	-55.1385	64.5262
-0.0921052	-371.667	-55.2399	64.5823
-0.0244271	-372.328	-55.3385	64.6334
0.0784012	-373.009	-55.4501	64.6861
0.197549	-373.651	-55.5673	64.7366
0.336198	-374.35	-55.7024	64.7906
0.442945	-375.015	-55.8426	64.8419
0.534118	-375.69	-55.9966	64.893
0.622067	-376.388	-56.1442	64.9447
0.693611	-377.11	-56.2933	64.9983
0.79447	-377.822	-56.437	65.0515
0.844167	-378.542	-56.581	65.1041
0.889762	-379.278	-56.7148	65.1575
0.91959	-380.011	-56.8393	65.2109
0.933639	-380.741	-56.9528	65.2641
0.926828	-381.474	-57.057	65.3179
0.89401	-382.223	-57.1506	65.3732
0.8518	-382.908	-57.2317	65.4245
0.789903	-383.616	-57.3141	65.4779
0.689531	-384.305	-57.3935	65.5313
0.595251	-384.961	-57.4701	65.5827
0.523008	-385.597	-57.5426	65.6335
0.423774	-386.217	-57.6247	65.6839
0.328136	-386.862	-57.7193	65.7356
0.195743	-387.508	-57.8217	65.789
0.0367594	-388.114	-57.9276	65.8403
-0.0543267	-388.815	-58.0616	65.8961
-0.197823	-389.525	-58.2024	65.952
-0.282424	-390.191	-58.3488	66.0038
-0.375837	-390.863	-58.4902	66.0555
-0.501246	-391.578	-58.6336	66.1098
-0.565087	-392.259	-58.7682	66.1607
-0.628712	-392.994	-58.909	66.2153
-0.665265	-393.742	-59.0371	66.2703
-0.685821	-394.434	-59.1478	66.3209
-0.691164	-395.139	-59.2536	66.3725
-0.679446	-395.867	-59.3534	66.4259
-0.655507	-396.594	-59.4483	66.4789
-0.618639	-397.316	-59.5366	66.5314
-0.572321	-398.025	-59.616	66.5833
-0.533267	-398.708	-59.6839	66.6344
-0.470309	-399.415	-59.7603	66.6874
-0.365821	-400.091	-59.8348	66.7394
-0.298418	-400.786	-59.9128	66.7933
-0.22086	-401.46	-60.0001	66.8462
-0.115051	-402.162	-60.098	66.9011
-0.0292945	-402.813	-60.1954	66.9517
0.0361522	-403.527	-60.3142	67.0074
0.126579	-404.191	-60.4353	67.0586
0.221407	-404.912	-60.5813	67.1145
0.321593	-405.599	-60.7211	67.1668
0.447524	-406.333	-60.8706	67.2227
0.536447	-407.034	-61.0197	67.2749
0.618096	-407.781	-61.1653	67.3302
0.673526	-408.492	-61.2985	67.3824
0.715562	-409.208	-61.4248	67.4348
0.738661	-409.924	-61.5379	67.4873
0.733124	-410.66	-61.6454	67.5413
0.712075	-411.361	-61.7394	67.5933
0.677325	-412.081	-61.825	67.6472
0.612944	-412.769	-61.9068	67.6986
0.516284	-413.441	-61.9843	67.75
0.43074	-414.123	-62.0639	67.8026
0.365047	-414.851	-62.147	67.8583
0.241524	-415.524	-62.2337	67.9113
0.142728	-416.164	-62.3199	67.9627
0.063445	-416.847	-62.4202	68.0178
-0.0819188	-417.503	-62.5264	68.0718
-0.168376	-418.127	-62.6359	68.1221
-0.26661	-418.747	-62.7545	68.1722
-0.331937	-419.419	-62.8959	68.2247
-0.43743	-420.065	-63.0285	68.2754
-0.509378	-420.759	-63.1734	68.3281
-0.601362	-421.43	-63.3134	68.379
-0.658549	-422.112	-63.4497	68.4309
-0.699802	-422.828	-63.5849	68.4836
-0.731186	-423.56	-63.7172	68.5374
-0.738799	-424.3	-63.8372	68.5921
-0.727588	-424.991	-63.9388	68.6431
-0.698667	-425.678	-64.0291	68.6934
-0.64233	-426.416	-64.1151	68.7476
-0.576347	-427.112	-64.1941	68.8002
-0.50055	-427.789	-64.2712	68.8514
-0.41568	-428.479	-64.3495	68.9044
-0.337371	-429.148	-64.4325	68.9555
-0.243743	-429.829	-64.5226	69.0081
-0.0862051	-430.474	-64.6128	69.0602
0.0275219	-431.117	-64.7093	69.1117
0.141696	-431.75	-64.811	69.1631
0.236073	-432.376	-64.923	69.2153
0.337962	-433.001	-65.0377	69.2658
0.454703	-433.639	-65.1609	69.3164
0.55747	-434.316	-65.2883	69.3694
0.684035	-435.003	-65.4167	69.4222
0.769878	-435.666	-65.5397	69.4724
0.854746	-436.342	-65.6605	69.5232
0.915811	-437.091	-65.7894	69.5788
0.971643	-437.77	-65.8981	69.6289
1.01619	-438.496	-66.0069	69.6822
1.04111	-439.208	-66.1056	69.7342
1.05359	-439.914	-66.2021	69.786
1.03994	-440.675	-66.3059	69.8413
1.03814	-441.413	-66.4041	69.8949
1.00833	-442.114	-66.4973	69.9467
0.939232	-442.855	-66.5914	70.0021
0.886501	-443.549	-66.6755	70.0541
0.837027	-444.28	-66.7595	70.11
0.734195	-444.975	-66.8432	70.1644
0.685901	-445.673	-66.9262	70.2188
0.561121	-446.344	-67.0146	70.2723
0.482365	-447.006	-67.1092	70.3245
0.414603	-447.677	-67.2127	70.377
0.310553	-448.362	-67.3235	70.4305
0.208593	-449.035	-67.4379	70.4834
0.135836	-449.7	-67.561	70.5349
0.0495618	-450.423	-67.6942	70.5897
-0.0329367	-451.174	-67.837	70.6456
-0.0951532	-451.908	-67.968	70.6996
-0.161695	-452.633	-68.094	70.753
-0.198454	-453.345	-68.2113	70.8048
-0.221532	-454.073	-68.3219	70.858
-0.233751	-454.784	-68.4251	70.91
-0.228838	-455.475	-68.5211	70.9607
-0.224563	-456.214	-68.6189	71.0147
-0.197072	-456.923	-68.7086	71.0666
-0.159611	-457.644	-68.7965	71.1196
-0.0875816	-458.358	-68.8812	71.1725
-0.0258206	-459.047	-68.9608	71.2232
0.0230173	-459.8	-69.0451	71.2788
0.0928657	-460.478	-69.1263	71.3294
0.161879	-461.145	-69.2102	71.3796
0.252081	-461.848	-69.3077	71.4328
0.296561	-462.552	-69.4149	71.4855
0.366543	-463.244	-69.5287	71.5376
0.466858	-463.962	-69.6532	71.592
0.508566	-464.684	-69.7849	71.6454
0.578234	-465.401	-69.9146	71.6986
0.649635	-466.181	-70.0586	71.7558
0.711621	-466.956	-70.1985	71.8117
0.755695	-467.692	-70.3298	71.8647
0.797873	-468.453	-70.4627	71.9191
0.834774	-469.211	-70.5881	71.9736
0.858623	-469.938	-70.7042	72.0264
0.86994	-470.656	-70.8161	72.0784
0.866291	-471.391	-70.9295	72.1317
0.861946	-472.131	-71.0418	72.1855
0.843692	-472.866	-71.1533	72.239
0.817928	-473.578	-71.2598	72.2913
0.763401	-474.264	-71.3606	72.342
0.704039	-474.959	-71.46	72.3936
0.634373	-475.63	-71.5522	72.4442
0.571065	-476.316	-71.6405	72.4958
0.498446	-477.035	-71.7351	72.5504
0.384445	-477.747	-71.8249	72.6054
0.289568	-478.451	-71.9168	72.6592
0.191013	-479.11	-72.0039	72.7098
0.0772757	-479.831	-72.1033	72.7653
-0.0212712	-480.577	-72.2143	72.8221
-0.14292	-481.238	-72.3172	72.8728
-0.226747	-481.934	-72.43	72.9251
-0.32294	-482.607	-72.5442	72.9755
-0.413042	-483.282	-72.6619	73.0257
-0.491773	-483.992	-72.7857	73.078
-0.59045	-484.728	-72.9166	73.1328
-0.655883	-485.498	-73.0578	73.1889
-0.739446	-486.27	-73.1971	73.2452
-0.79302	-486.98	-73.3313	73.2967
-0.850722	-487.687	-73.4597	73.348
-0.881826	-488.467	-73.591	73.4041
-0.904528	-489.25	-73.7191	73.4604
-0.912387	-489.951	-73.8308	73.5109
-0.909835	-490.716	-73.9512	73.5662
-0.897808	-491.413	-74.0554	73.6165
-0.876423	-492.118	-74.1592	73.6674
-0.84474	-492.882	-74.2576	73.7221
-0.810545	-493.608	-74.3574	73.7752
-0.768408	-494.32	-74.4502	73.828
-0.724081	-495.035	-74.5458	73.881
-0.643323	-495.732	-74.6393	73.9332
-0.594801	-496.447	-74.7363	73.9869
-0.520235	-497.175	-74.839	74.0417
-0.446139	-497.892	-74.9415	74.0956
-0.375174	-498.639	-75.0546	74.1513
-0.2709	-499.388	-75.1714	74.2071
-0.189022	-500.095	-75.2832	74.2597
-0.0737125	-500.791	-75.3946	74.3118
0.024473	-501.498	-75.5112	74.3644
0.105926	-502.191	-75.6293	74.4157
0.179298	-502.892	-75.7522	74.4673
0.262356	-503.573	-75.873	74.5177
0.366478	-504.344	-76.0102	74.5738
0.441123	-505.105	-76.1541	74.6284
0.516979	-505.862	-76.2945	74.6828
0.567743	-506.629	-76.4367	74.7376
